1715710524778
1715710539655
1715710554662
1715710569804
1715710584743
1715710599681
1715710614575
1715710629710
1715710644712
1715710659832
1715710674754
1715710689738
1715710704776
1715710719801
1715710734755
1715710749808
1715710764761
1715710779786
1715710794821
1715710809909
1715710824757
1715710839810
1715710854718
1715710869825
1715710884917
1715710899802
1715710914817
1715710929811
1715710944715
1715710959902
1715710974926
1715710989869
1715711004852
1715711019937
1715711034875
1715711049914
1715711064950
1715711079912
1715711094937
1715711109976
1715711124942
1715711139990
1715711154939
1715711169914
1715711184946
1715711200011
1715711214915
1715711229926
1715711245014
1715711259969
1715711274996
1715711290041
1715711304899
1715711320063
1715711334975
1715711349986
1715711365054
1715711380087
1715711394944
1715711410052
1715711425022
1715711440042
1715711455099
1715711470071
1715711484933
1715711500053
1715711515091
1715711530035
1715711545149
1715711560073
1715711575034
1715711590050
1715711605136
1715711620116
1715711635106
1715711650216
1715711665165
1715711680071
1715711695242
1715711710141
1715711725173
1715711740145
1715711755062
1715711770200
1715711785165
1715711800200
1715711815132
1715711830212
1715711845130
1715711860120
1715711875275
1715711890240
1715711905190
1715711920315
1715711935226
1715711950184
1715711965288
1715711980102
1715711995273
1715712010284
1715712025181
1715712040336
1715712055257
1715712070274
1715712085194
1715712100328
1715712115247
1715712130312
1715712145355
1715712160339
1715712175347
1715712190425
1715712205205
1715712220386
1715712235419
1715712250377
1715712265381
1715712280331
1715712295308
1715712310313
1715712325417
1715712340435
1715712355298
1715712370389
1715712385293
1715712400399
1715712415448
1715712430383
1715712445356
1715712460490
1715712475381
1715712490453
1715712505491
1715712520413
1715712535444
1715712550493
1715712565408
1715712580408
1715712595385
1715712610368
1715712625426
1715712640427
1715712655473
1715712670554
1715712685396
1715712700434
1715712715470
1715712730533
1715712745511
1715712760479
1715712775598
1715712790556
1715712805565
1715712820577
1715712835594
1715712850553
1715712865626
1715712880532
1715712895503
1715712910577
1715712925573
1715712940532
1715712955628
1715712970612
1715712985595
1715713000653
1715713015575
1715713030598
1715713045769
1715713060694
1715713075604
1715713090703
1715713105655
1715713120626
1715713135748
1715713150681
1715713165656
1715713180683
1715713195727
1715713210728
1715713225642
1715713240698
1715713255765
1715713270760
1715713285670
1715713300736
1715713315768
1715713330690
1715713345656
1715713360804
1715713375746
1715713390731
1715713405751
1715713420636
1715713435780
1715713450800
1715713465769
1715713480825
1715713495906
1715713510800
1715713525768
1715713540898
1715713555800
1715713570828
1715713585916
1715713600866
1715713615810
1715713630939
1715713645839
1715713660867
1715713675949
1715713690848
1715713705816
1715713720921
1715713735834
1715713750839
1715713765938
1715713780924
1715713795876
1715713810940
1715713825947
1715713840848
1715713855947
1715713870939
1715713885940
1715713901060
1715713915843
1715713930915
1715713945984
1715713961001
1715713975948
1715713991073
1715714006029
1715714020988
1715714036022
1715714051048
1715714065971
1715714081020
1715714096019
1715714111117
1715714126091
1715714140976
1715714155998
1715714171127
1715714186016
1715714201073
1715714216096
1715714231118
1715714246075
1715714261093
1715714276148
1715714290978
1715714306180
1715714321134
1715714336124
1715714351234
1715714366204
1715714381133
1715714396230
1715714411168
1715714426188
1715714441267
1715714456175
1715714471157
1715714486218
1715714501165
1715714516121
1715714531216
1715714546248
1715714561278
1715714576324
1715714591198
1715714606208
1715714621331
1715714636238
1715714651313
1715714666353
1715714681338
1715714696248
1715714711343
1715714726324
1715714741287
1715714756354
1715714771280
1715714786303
1715714801296
1715714816321
1715714831274
1715714846312
1715714861215
1715714876281
1715714891449
1715714906318
1715714921323
1715714936466
1715714951298
1715714966312
1715714981426
1715714996378
1715715011418
1715715026446
1715715041342
1715715056424
1715715071406
1715715086422
1715715101393
1715715116484
1715715131415
1715715146467
1715715161493
1715715176463
1715715191422
1715715206549
1715715221475
1715715236539
1715715251545
1715715266531
1715715281509
1715715296588
1715715311523
1715715326527
1715715341536
1715715356534
1715715371529
1715715386565
1715715401573
1715715416582
1715715431619
1715715446551
1715715461587
1715715476624
1715715491543
1715715506636
1715715521554
1715715536527
1715715551569
1715715566641
1715715581589
1715715596559
1715715611682
1715715626527
1715715641659
1715715656717
1715715671645
1715715686647
1715715701693
1715715716713
1715715731609
1715715746609
1715715761591
1715715776653
1715715791736
1715715806678
1715715821687
1715715836740
1715715851762
1715715866724
1715715881707
1715715896737
1715715911688
1715715926699
1715715941760
1715715956748
1715715971852
1715715986750
1715716001775
1715716016823
1715716031852
1715716046772
1715716061827
1715716076717
1715716091785
1715716106832
1715716121710
1715716136832
1715716151868
1715716166792
1715716181850
1715716196888
1715716211744
1715716226774
1715716241892
1715716256843
1715716271881
1715716287014
1715716301840
1715716316868
1715716331945
1715716346880
1715716361761
1715716376904
1715716391963
1715716406845
1715716421891
1715716436948
1715716451902
1715716467013
1715716482012
1715716496918
1715716512113
1715716526918
1715716542015
1715716557006
1715716571998
1715716586949
1715716602057
1715716617000
1715716632004
1715716646971
1715716661981
1715716677064
1715716692055
1715716707049
1715716722091
1715716737127
1715716752035
1715716767092
1715716782081
1715716797024
1715716812117
1715716827137
1715716842036
1715716857091
1715716872076
1715716887161
1715716902112
1715716917177
1715716932179
1715716947144
1715716962159
1715716977155
1715716992132
1715717007238
1715717022071
1715717037195
1715717052241
1715717067227
1715717082188
1715717097197
1715717112247
1715717127160
1715717142330
1715717157241
1715717172223
1715717187292
1715717202253
1715717217225
1715717232217
1715717247228
1715717262172
1715717277251
1715717292287
1715717307243
1715717322275
1715717337278
1715717352257
1715717367381
1715717382328
1715717397254
1715717412442
1715717427252
1715717442336
1715717457455
1715717472364
1715717487276
1715717502349
1715717517322
1715717532370
1715717547452
1715717562345
1715717577422
1715717592322
1715717607347
1715717622365
1715717637381
1715717652407
1715717667391
1715717682424
1715717697426
1715717712292
1715717727510
1715717742449
1715717757410
1715717772477
1715717787429
1715717802489
1715717817453
1715717832287
1715717847434
1715717862510
1715717877424
1715717892424
1715717907509
1715717922469
1715717937467
1715717952554
1715717967494
1715717982596
1715717997595
1715718012636
1715718027484
1715718042626
1715718057564
1715718072527
1715718087600
1715718102567
1715718117541
1715718132671
1715718147587
1715718162482
1715718177674
1715718192596
1715718207603
1715718222666
1715718237623
1715718252607
1715718267765
1715718282580
1715718297661
1715718312697
1715718327655
1715718342633
1715718357744
1715718372643
1715718387634
1715718402658
1715718417675
1715718432678
1715718447771
1715718462757
1715718477752
1715718492786
1715718507715
1715718522764
1715718537785
1715718552761
1715718567802
1715718582745
1715718597750
1715718612759
1715718627896
1715718642799
1715718657829
1715718672861
1715718687806
1715718702855
1715718717912
1715718732884
1715718747793
1715718762730
1715718777874
1715718792846
1715718807849
1715718822751
1715718837885
1715718852863
1715718867898
1715718882893
1715718897889
1715718912842
1715718927841
1715718942944
1715718957925
1715718972858
1715718987904
1715719003051
1715719017923
1715719033026
1715719047963
1715719062973
1715719078007
1715719092963
1715719108074
1715719123031
1715719137925
1715719152928
1715719168111
1715719182939
1715719197994
1715719213067
1715719228067
1715719243066
1715719258021
1715719272949
1715719288029
1715719302988
1715719318058
1715719333038
1715719348113
1715719363002
1715719377992
1715719393098
1715719407895
1715719423058
1715719438084
1715719453108
1715719468096
1715719483135
1715719498130
1715719513107
1715719528209
1715719543174
1715719558155
1715719573200
1715719588175
1715719603131
1715719618238
1715719633145
1715719648176
1715719663317
1715719678152
1715719693172
1715719708233
1715719723168
1715719738242
1715719753254
1715719768138
1715719783152
1715719798229
1715719813241
1715719828289
1715719843359
1715719858334
1715719873271
1715719888338
1715719903303
1715719918243
1715719933346
1715719948256
1715719963277
1715719978314
1715719993291
1715720008300
1715720023325
1715720038347
1715720053299
1715720068428
1715720083342
1715720098304
1715720113387
1715720128320
1715720143367
1715720158490
1715720173298
1715720188329
1715720203383
1715720218342
1715720233374
1715720248405
1715720263402
1715720278403
1715720293462
1715720308358
1715720323404
1715720338457
1715720353364
1715720368392
1715720383547
1715720398474
1715720413499
1715720428580
1715720443536
1715720458497
1715720473472
1715720488499
1715720503468
1715720518439
1715720533533
1715720548526
1715720563553
1715720578464
1715720593481
1715720608582
1715720623607
1715720638521
1715720653666
1715720668579
1715720683611
1715720698683
1715720713553
1715720728575
1715720743620
1715720758629
1715720773547
1715720788635
1715720803569
1715720818690
1715720833744
1715720848699
1715720863662
1715720878600
1715720893707
1715720908746
1715720923685
1715720938704
1715720953663
1715720968769
1715720983671
1715720998713
1715721013746
1715721028689
1715721043691
1715721058755
1715721073753
1715721088769
1715721103853
1715721118740
1715721133775
1715721148842
1715721163783
1715721178793
1715721193768
1715721208768
1715721223707
1715721238768
1715721253783
1715721268825
1715721283816
1715721298855
1715721313911
1715721328839
1715721343814
1715721358847
1715721373836
1715721388858
1715721403960
1715721418971
1715721433791
1715721448840
1715721463967
1715721478824
1715721493920
1715721508981
1715721523822
1715721538906
1715721553976
1715721568880
1715721584013
1715721598962
1715721613985
1715721628871
1715721644029
1715721658964
1715721674012
1715721689023
1715721704027
1715721718981
1715721734060
1715721748999
1715721763916
1715721779058
1715721794034
1715721808956
1715721824006
1715721839033
1715721854074
1715721869110
1715721884147
1715721899102
1715721914138
1715721929045
1715721944038
1715721959128
1715721974035
1715721988987
1715722004068
1715722019018
1715722034024
1715722049127
1715722064091
1715722079090
1715722094194
1715722109134
1715722124188
1715722139263
1715722154065
1715722169139
1715722184176
1715722199168
1715722214170
1715722229237
1715722244091
1715722259169
1715722274224
1715722289171
1715722304263
1715722319272
1715722334232
1715722349214
1715722364307
1715722379231
1715722394220
1715722409340
1715722424185
1715722439227
1715722454299
1715722469268
1715722484278
1715722499362
1715722514255
1715722529363
1715722544336
1715722559266
1715722574337
1715722589380
1715722604297
1715722619412
1715722634334
1715722649324
1715722664340
1715722679303
1715722694348
1715722709378
1715722724396
1715722739350
1715722754363
1715722769397
1715722784356
1715722799374
1715722814522
1715722829383
1715722844433
1715722859447
1715722874366
1715722889405
1715722904474
1715722919441
1715722934395
1715722949499
1715722964416
1715722979419
1715722994456
1715723009440
1715723024380
1715723039464
1715723054403
1715723069473
1715723084596
1715723099463
1715723114517
1715723129614
1715723144482
1715723159467
1715723174599
1715723189585
1715723204565
1715723219649
1715723234504
1715723249605
1715723264590
1715723279570
1715723294563
1715723309671
1715723324552
1715723339615
1715723354662
1715723369635
1715723384620
1715723399658
1715723414576
1715723429650
1715723444701
1715723459683
1715723474664
1715723489773
1715723504683
1715723519690
1715723534704
1715723549654
1715723564710
1715723579738
1715723594649
1715723609676
1715723624733
1715723639646
1715723654698
1715723669815
1715723684675
1715723699735
1715723714809
1715723729727
1715723744775
1715723759819
1715723774782
1715723789767
1715723804822
1715723819687
1715723834755
1715723849821
1715723864789
1715723879798
1715723894905
1715723909806
1715723924747
1715723939860
1715723954769
1715723969817
1715723984849
1715723999786
1715724014823
1715724029835
1715724044907
1715724059842
1715724074871
1715724089907
1715724104935
1715724119979
1715724134898
1715724149959
1715724164979
1715724179865
1715724194906
1715724209977
1715724224971
1715724239857
1715724254897
1715724269979
1715724285010
1715724300067
1715724314948
1715724329900
1715724344966
1715724359923
1715724374904
1715724390133
1715724404989
1715724420002
1715724435163
1715724449995
1715724464951
1715724480043
1715724495013
1715724510020
1715724525073
1715724540109
1715724555055
1715724570024
1715724585069
1715724600062
1715724615132
1715724630055
1715724645003
1715724660160
1715724675025
1715724690103
1715724705116
1715724719952
1715724735104
1715724750167
1715724765156
1715724780074
1715724795167
1715724810071
1715724825109
1715724840198
1715724855039
1715724870186
1715724885158
1715724900213
1715724915224
1715724930343
1715724945161
1715724960184
1715724975232
1715724990230
1715725005209
1715725020257
1715725035098
1715725050200
1715725065181
1715725080259
1715725095211
1715725110283
1715725125205
1715725140184
1715725155342
1715725170184
1715725185276
1715725200426
1715725215361
1715725230367
1715725245392
1715725260305
1715725275348
1715725290331
1715725305308
1715725320348
1715725335336
1715725350252
1715725365325
1715725380436
1715725395311
1715725410395
1715725425373
1715725440319
1715725455414
1715725470428
1715725485301
1715725500383
1715725515457
1715740535947
1715740550871
1715740565861
1715740580936
1715740595912
1715740610884
1715740625869
1715740640928
1715740655822
1715740670966
1715740685922
1715740700910
1715740715935
1715740730971
1715740745876
1715740760982
1715740775967
1715740790853
1715740805934
1715740820913
1715740835988
1715740850937
1715740866021
1715740880885
1715740896005
1715740911068
1715740925978
1715740941071
1715740956053
1715740971031
1715740986019
1715741001001
1715741016080
1715741031046
1715741046047
1715741061022
1715741076054
1715741091068
1715741106083
1715741121056
1715741136166
1715741151037
1715741166017
1715741181040
1715741196007
1715741211076
1715741226232
1715741241111
1715741256154
1715741271114
1715741286063
1715741301090
1715741316219
1715741331088
1715741346163
1715741361243
1715741376181
1715741391131
1715741406206
1715741421092
1715741436168
1715741451228
1715741466182
1715741481156
1715741496245
1715741511189
1715741526206
1715741541219
1715741556204
1715741571108
1715741586316
1715741601100
1715741616180
1715741631292
1715741646149
1715741661202
1715741676318
1715741691240
1715741706252
1715741721270
1715741736199
1715741751202
1715741766289
1715741781285
1715741796251
1715741811256
1715741826268
1715741841311
1715741856348
1715741871374
1715741886349
1715741901430
1715741916215
1715741931311
1715741946382
1715741961361
1715741976383
1715741991395
1715742006369
1715742021427
1715742036436
1715742051418
1715742066370
1715742081426
1715742096463
1715742111382
1715742126419
1715742141413
1715742156453
1715742171410
1715742186365
1715742201366
1715742216462
1715742231407
1715742246430
1715742261461
1715742276473
1715742291454
1715742306509
1715742321412
1715742336452
1715742351509
1715742366442
1715742381521
1715742396647
1715742411541
1715742426455
1715742441477
1715742456470
1715742471520
1715742486596
1715742501438
1715742516530
1715742531602
1715742546596
1715742561479
1715742576584
1715742591500
1715742606602
1715742621599
1715742636598
1715742651556
1715742666587
1715742681627
1715742696628
1715742711772
1715742726628
1715742741584
1715742756716
1715742771658
1715742786621
1715742801718
1715742816688
1715742831679
1715742846726
1715742861744
1715742876652
1715742891664
1715742906682
1715742921723
1715742936758
1715742951674
1715742966717
1715742981772
1715742996664
1715743011744
1715743026804
1715743041769
1715743056821
1715743071818
1715743086788
1715743101707
1715743116815
1715743131709
1715743146767
1715743161856
1715743176819
1715743191820
1715743206838
1715743221652
1715743236732
1715743251861
1715743266820
1715743281872
1715743296949
1715743311900
1715743326782
1715743341930
1715743356824
1715743371931
1715743386940
1715743401891
1715743416904
1715743431863
1715743446796
1715743461993
1715743476872
1715743491862
1715743506899
1715743521937
1715743536901
1715743551906
1715743566947
1715743582015
1715743596959
1715743612027
1715743626931
1715743641866
1715743656960
1715743671989
1715743686952
1715743702032
1715743716983
1715743731970
1715743747060
1715743762056
1715743776955
1715743792047
1715743807074
1715743822024
1715743837098
1715743852077
1715743867042
1715743882133
1715743896986
1715743912069
1715743927121
1715743942027
1715743957085
1715743972098
1715743986996
1715744002130
1715744017114
1715744032131
1715744047140
1715744062185
1715744077126
1715744092149
1715744107234
1715744122171
1715744137088
1715744152243
1715744167086
1715744182152
1715744197218
1715744212018
1715744227146
1715744242197
1715744257120
1715744272275
1715744287235
1715744302216
1715744317211
1715744332192
1715744347238
1715744362196
1715744377339
1715744392219
1715744407269
1715744422284
1715744437293
1715744452197
1715744467347
1715744482308
1715744497204
1715744512280
1715744527238
1715744542269
1715744557323
1715744572216
1715744587336
1715744602300
1715744617281
1715744632245
1715744647344
1715744662348
1715744677299
1715744692425
1715744707332
1715744722325
1715744737353
1715744752286
1715744767383
1715744782462
1715744797314
1715744812396
1715744827349
1715744842284
1715744857497
1715744872440
1715744887383
1715744902361
1715744917484
1715744932380
1715744947372
1715744962386
1715744977453
1715744992437
1715745007484
1715745022486
1715745037548
1715745052468
1715745067502
1715745082520
1715745097483
1715745112565
1715745127548
1715745142607
1715745157577
1715745172489
1715745187565
1715745202434
1715745217591
1715745232651
1715745247556
1715745262524
1715745277600
1715745292555
1715745307482
1715745322581
1715745337616
1715745352583
1715745367510
1715745382578
1715745397544
1715745412609
1715745427532
1715745442668
1715745457579
1715745472622
1715745487621
1715745502751
1715745517630
1715745532664
1715745547691
1715745562614
1715745577744
1715745592725
1715745607725
1715745622647
1715745637691
1715745652715
1715745667690
1715745682760
1715745697627
1715745712734
1715745727715
1715745742703
1715745757809
1715745772779
1715745787674
1715745802771
1715745817774
1715745832707
1715745847863
1715745862875
1715745877756
1715745892822
1715745907832
1715745922713
1715745937818
1715745952853
1715745967881
1715745982771
1715745997850
1715746012908
1715746027811
1715746042854
1715746057817
1715746072887
1715746087852
1715746102764
1715746117934
1715746132951
1715746147918
1715746162863
1715746177928
1715746192942
1715746207923
1715746222958
1715746237834
1715746252992
1715746268049
1715746282826
1715746297926
1715746312998
1715746327915
1715746342980
1715746357998
1715746372922
1715746387962
1715746402957
1715746417916
1715746433030
1715746448035
1715746463000
1715746477966
1715746493034
1715746508004
1715746523042
1715746538123
1715746552990
1715746567973
1715746583077
1715746597945
1715746612995
1715746628067
1715746643015
1715746658007
1715746673074
1715746688014
1715746703043
1715746718077
1715746733068
1715746747988
1715746763127
1715746778037
1715746793071
1715746808149
1715746823096
1715746838197
1715746853176
1715746868173
1715746883147
1715746898104
1715746913125
1715746928104
1715746943199
1715746958134
1715746973163
1715746988240
1715747003139
1715747018178
1715747033173
1715747048202
1715747063165
1715747078320
1715747093224
1715747108207
1715747123218
1715747138186
1715747153178
1715747168274
1715747183209
1715747198208
1715747213243
1715747228232
1715747243192
1715747258228
1715747273222
1715747288241
1715747303303
1715747318272
1715747333273
1715747348319
1715747363270
1715747378237
1715747393323
1715747408329
1715747423324
1715747438435
1715747453322
1715747468296
1715747483382
1715747498363
1715747513354
1715747528421
1715747543334
1715747558343
1715747573389
1715747588356
1715747603367
1715747618333
1715747633382
1715747648428
1715747663351
1715747678339
1715747693458
1715747708476
1715747723340
1715747738361
1715747753404
1715747768379
1715747783481
1715747798477
1715747813403
1715747828441
1715747843532
1715747858432
1715747873458
1715747888514
1715747903548
1715747918484
1715747933651
1715747948485
1715747963536
1715747978496
1715747993510
1715748008519
1715748023628
1715748038533
1715748053473
1715748068540
1715748083556
1715748098547
1715748113675
1715748128578
1715748143540
1715748158635
1715748173567
1715748188657
1715748203554
1715748218623
1715748233635
1715748248647
1715748263571
1715748278585
1715748293640
1715748308581
1715748323567
1715748338723
1715748353687
1715748368672
1715748383788
1715748398580
1715748413714
1715748428769
1715748443741
1715748458742
1715748473673
1715748488652
1715748503695
1715748518827
1715748533710
1715748548779
1715748563728
1715748579933
1715748593739
1715748608783
1715748623704
1715748638747
1715748653757
1715748668723
1715748683850
1715748698750
1715748713743
1715748728737
1715748743700
1715748758785
1715748773795
1715748788850
1715748803808
1715748818849
1715748833933
1715748848838
1715748863805
1715748878847
1715748893891
1715748908810
1715748923919
1715748938858
1715748953820
1715748968949
1715748983900
1715748998921
1715749013859
1715749028832
1715749043895
1715749058957
1715749073864
1715749088862
1715749104017
1715749118978
1715749134002
1715749148960
1715749163881
1715749179006
1715749194101
1715749208866
1715749223987
1715749238972
1715749253973
1715749268988
1715749284001
1715749298939
1715749313976
1715749329060
1715749344005
1715749359032
1715749374039
1715749389041
1715749404006
1715749419053
1715749433954
1715749449055
1715749464149
1715749479035
1715749494050
1715749509145
1715749523961
1715749539074
1715749554152
1715749569053
1715749584050
1715749599092
1715749614125
1715749629187
1715749644187
1715749659056
1715749674021
1715749689196
1715749704089
1715749719030
1715749734203
1715749749195
1715749764091
1715749779240
1715749794155
1715749809179
1715749824186
1715749839169
1715749854172
1715749869251
1715749884250
1715749899202
1715749914207
1715749929084
1715749944325
1715749959368
1715749974240
1715749989337
1715750004232
1715750019266
1715750034207
1715750049251
1715750064127
1715750079361
1715750094269
1715750109207
1715750124247
1715750139308
1715750154248
1715750169340
1715750184363
1715750199305
1715750214345
1715750229305
1715750244374
1715750259318
1715750274444
1715750289350
1715750304265
1715750319432
1715750334327
1715750349387
1715750364299
1715750379415
1715750394433
1715750409389
1715750424400
1715750439345
1715750454424
1715750469470
1715750484473
1715750499444
1715750514419
1715750529401
1715750544524
1715750559234
1715750574478
1715750589552
1715750604454
1715750619491
1715750634514
1715750649396
1715750664495
1715750679550
1715750694446
1715750709516
1715750724563
1715750739445
1715750754493
1715750769522
1715750784536
1715750799515
1715750814580
1715750829541
1715750844567
1715750859521
1715750874530
1715750889502
1715750904584
1715750919525
1715750934527
1715750949649
1715750964621
1715750979548
1715750994698
1715751009577
1715751024587
1715751039634
1715751054515
1715751069559
1715751084704
1715751099561
1715751114661
1715751129707
1715751144661
1715751159555
1715751174753
1715751189577
1715751204616
1715751219756
1715751234708
1715751249621
1715751264742
1715751279621
1715751294737
1715751309761
1715751324708
1715751339747
1715751354734
1715751369758
1715751384730
1715751399849
1715751414715
1715751429732
1715751444738
1715751459795
1715751474795
1715751489732
1715751504751
1715751519842
1715751534781
1715751549734
1715751564772
1715751579916
1715751594770
1715751609732
1715751624856
1715751639781
1715751654858
1715751669845
1715751684831
1715751699816
1715751714859
1715751729828
1715751744873
1715751759851
1715751774957
1715751789947
1715751804945
1715751819816
1715751834907
1715751849966
1715751864915
1715751879831
1715751894953
1715751909941
1715751924946
1715751939977
1715751954987
1715751970001
1715751984993
1715751999913
1715752015014
1715752029974
1715752044964
1715752060033
1715752075111
1715752089965
1715752105042
1715752120042
1715752135013
1715752150058
1715752165005
1715752179983
1715752195022
1715752210100
1715752225083
1715752240024
1715752255142
1715752270005
1715752285029
1715752300148
1715752315119
1715752330113
1715752345176
1715752360076
1715752375119
1715752390154
1715752405099
1715752420103
1715752435228
1715752450058
1715752465155
1715752480243
1715752495074
1715752510130
1715752525169
1715752540236
1715752555169
1715752570239
1715752585260
1715752600143
1715752615237
1715752630224
1715752645252
1715752660281
1715752675157
1715752690242
1715752705286
1715752720260
1715752735239
1715752750200
1715752765290
1715752780361
1715752795381
1715752810336
1715752825271
1715752840346
1715752855318
1715752870322
1715752885375
1715752900328
1715752915378
1715752930458
1715752945305
1715752960324
1715752975362
1715752990406
1715753005389
1715753020471
1715753035402
1715753050280
1715753065473
1715753080351
1715753095344
1715753110486
1715753125538
1715753140402
1715753155509
1715753170374
1715753185500
1715753200400
1715753215452
1715753230516
1715753245357
1715753260424
1715753275532
1715753290544
1715753305489
1715753320456
1715753335545
1715753350468
1715753365522
1715753380567
1715753395491
1715753410508
1715753425547
1715753440576
1715753455485
1715753470635
1715753485505
1715753500531
1715753515595
1715753530500
1715753545616
1715753560647
1715753575515
1715753590632
1715753605610
1715753620577
1715753635670
1715753650679
1715753665539
1715753680590
1715753695683
1715753710617
1715753725672
1715753740684
1715753755627
1715753770671
1715753785701
1715753800634
1715753815663
1715753830729
1715753845737
1715753860592
1715753875678
1715753890633
1715753905661
1715753920652
1715753935663
1715753950691
1715753965866
1715753980717
1715753995793
1715754010821
1715754025757
1715754040784
1715754055895
1715754070735
1715754085770
1715754100767
1715754115818
1715754130784
1715754145823
1715754160828
1715754175887
1715754190884
1715754205896
1715754220830
1715754235860
1715754250791
1715754265930
1715754280843
1715754295869
1715754310943
1715754325970
1715754340871
1715754355855
1715754370932
1715754385856
1715754400944
1715754415878
1715754430931
1715754445858
1715754460990
1715754475963
1715754490895
1715754505968
1715754520891
1715754535967
1715754551088
1715754565994
1715754581042
1715754595988
1715754610993
1715754625928
1715754640981
1715754655981
1715754670998
1715754685921
1715754701058
1715754716007
1715754731098
1715754745991
1715754761007
1715754776111
1715754791074
1715754806018
1715754821120
1715754836093
1715754851110
1715754866140
1715754881094
1715754896024
1715754911031
1715754926000
1715754941053
1715754956176
1715754971006
1715754986091
1715755001066
1715755016110
1715755031148
1715755046206
1715755061081
1715755076179
1715755091133
1715755106195
1715755121140
1715755136148
1715755151179
1715755166166
1715755181201
1715755196159
1715755211244
1715755226239
1715755241174
1715755256238
1715755271301
1715755286257
1715755301214
1715755316288
1715755331309
1715755346212
1715755361248
1715755376253
1715755391294
1715755406226
1715755421222
1715755436273
1715755451309
1715755466180
1715755481262
1715755496348
1715755511306
1715755526276
