1715725530370
1715725544975
1715725560203
1715725575075
1715725590119
1715725605186
1715725620137
1715725635050
1715725650189
1715725665209
1715725680131
1715725695218
1715725710067
1715725725136
1715725740223
1715725755128
1715725770235
1715725785271
1715725800203
1715725815228
1715725830253
1715725845237
1715725860192
1715725875278
1715725890183
1715725905226
1715725920300
1715725935262
1715725950213
1715725965355
1715725980275
1715725995217
1715726010352
1715726025266
1715726040306
1715726055373
1715726070295
1715726085296
1715726100408
1715726115353
1715726130178
1715726145321
1715726160312
1715726175318
1715726190400
1715726205324
1715726220356
1715726235404
1715726250240
1715726265356
1715726280446
1715726295332
1715726310352
1715726325412
1715726340308
1715726355331
1715726370421
1715726385346
1715726400387
1715726415405
1715726430334
1715726445429
1715726460460
1715726475495
1715726490480
1715726505528
1715726520445
1715726535453
1715726550525
1715726565420
1715726580434
1715726595565
1715726610465
1715726625465
1715726640554
1715726655428
1715726670478
1715726685571
1715726700432
1715726715521
1715726730544
1715726745494
1715726760503
1715726775604
1715726790517
1715726805465
1715726820529
1715726835511
1715726850537
1715726865505
1715726880572
1715726895572
1715726910563
1715726925439
1715726940504
1715726955594
1715726970562
1715726985555
1715727000683
1715727015500
1715727030578
1715727045623
1715727060533
1715727075570
1715727090699
1715727105595
1715727120595
1715727135693
1715727150656
1715727165645
1715727180666
1715727195632
1715727210738
1715727225737
1715727240703
1715727255655
1715727270745
1715727285668
1715727300673
1715727315753
1715727330703
1715727345684
1715727360740
1715727375700
1715727390729
1715727405702
1715727420774
1715727435723
1715727450797
1715727465842
1715727480743
1715727495777
1715727510751
1715727525796
1715727540822
1715727555763
1715727570774
1715727585848
1715727600720
1715727615805
1715727630909
1715727645716
1715727660796
1715727675771
1715727690778
1715727705770
1715727720809
1715727735780
1715727750805
1715727765884
1715727780863
1715727795885
1715727810973
1715727825815
1715727840829
1715727855941
1715727870891
1715727885942
1715727900946
1715727915798
1715727930872
1715727945968
1715727960912
1715727975949
1715727990997
1715728005878
1715728020885
1715728036019
1715728050954
1715728066035
1715728080958
1715728096037
1715728111039
1715728125995
1715728140919
1715728155955
1715728171021
1715728186010
1715728201073
1715728215981
1715728230983
1715728246020
1715728261159
1715728276067
1715728291056
1715728306121
1715728320968
1715728336047
1715728351160
1715728366041
1715728381078
1715728396167
1715728411064
1715728426154
1715728441117
1715728456154
1715728471074
1715728486172
1715728501045
1715728516168
1715728531255
1715728546103
1715728561155
1715728576222
1715728591132
1715728606155
1715728621136
1715728636090
1715728651167
1715728666289
1715728681112
1715728696175
1715728711251
1715728726191
1715728741222
1715728756335
1715728771201
1715728786182
1715728801343
1715728816284
1715728831182
1715728846298
1715728861152
1715728876250
1715728891349
1715728906247
1715728921347
1715728936275
1715728951277
1715728966282
1715728981227
1715728996272
1715729011370
1715729026307
1715729041326
1715729056273
1715729071417
1715729086263
1715729101318
1715729116391
1715729131292
1715729146303
1715729161460
1715729176397
1715729191372
1715729206454
1715729221401
1715729236403
1715729251359
1715729266334
1715729281425
1715729296484
1715729311393
1715729326434
1715729341456
1715729356524
1715729371435
1715729386484
1715729401426
1715729416379
1715729431512
1715729446515
1715729461475
1715729476525
1715729491492
1715729506550
1715729521550
1715729536440
1715729551557
1715729566582
1715729581494
1715729596448
1715729611594
1715729626531
1715729641553
1715729656562
1715729671565
1715729686578
1715729701605
1715729716536
1715729731548
1715729746558
1715729761538
1715729776592
1715729791548
1715729806609
1715729821626
1715729836703
1715729851539
1715729866701
1715729881664
1715729896674
1715729911630
1715729926741
1715729941689
1715729956657
1715729971680
1715729986691
1715730001683
1715730016737
1715730031689
1715730046684
1715730061799
1715730076655
1715730091702
1715730106739
1715730121689
1715730136769
1715730151746
1715730166722
1715730181724
1715730196803
1715730211694
1715730226696
1715730241797
1715730256795
1715730271808
1715730286821
1715730301816
1715730316758
1715730331868
1715730346760
1715730361822
1715730376880
1715730391727
1715730406910
1715730421868
1715730436820
1715730451857
1715730466852
1715730481872
1715730496877
1715730511923
1715730526886
1715730541904
1715730556930
1715730571915
1715730586820
1715730602010
1715730616864
1715730631855
1715730647043
1715730662019
1715730676908
1715730692035
1715730706951
1715730722023
1715730737078
1715730751977
1715730767061
1715730782020
1715730797027
1715730811964
1715730827083
1715730842013
1715730857023
1715730872046
1715730887021
1715730902048
1715730917021
1715730932064
1715730947063
1715730962165
1715730977081
1715730992048
1715731007136
1715731021935
1715731037149
1715731052083
1715731067113
1715731082134
1715731097189
1715731112087
1715731127093
1715731142164
1715731157057
1715731172073
1715731187266
1715731202126
1715731217103
1715731232113
1715731247156
1715731262076
1715731277174
1715731292188
1715731307148
1715731322205
1715731337178
1715731352191
1715731367181
1715731382097
1715731397228
1715731412192
1715731427207
1715731442256
1715731457314
1715731472229
1715731487215
1715731502253
1715731517216
1715731532234
1715731547280
1715731562274
1715731577199
1715731592297
1715731607195
1715731622313
1715731637250
1715731652229
1715731667240
1715731682362
1715731697410
1715731712227
1715731727354
1715731742368
1715731757357
1715731772392
1715731787354
1715731802298
1715731817326
1715731832310
1715731847342
1715731862401
1715731877293
1715731892350
1715731907360
1715731922407
1715731937470
1715731952450
1715731967351
1715731982403
1715731997528
1715732012452
1715732027421
1715732042462
1715732057368
1715732072428
1715732087533
1715732102488
1715732117475
1715732132537
1715732147469
1715732162487
1715732177484
1715732192489
1715732207539
1715732222535
1715732237480
1715732252507
1715732267560
1715732282548
1715732297504
1715732312545
1715732327376
1715732342571
1715732357514
1715732372591
1715732387551
1715732402604
1715732417533
1715732432587
1715732447639
1715732462508
1715732477657
1715732492695
1715732507573
1715732522608
1715732537695
1715732552671
1715732567571
1715732582663
1715732597646
1715732612552
1715732627697
1715732642658
1715732657696
1715732672677
1715732687615
1715732702693
1715732717680
1715732732692
1715732747745
1715732762740
1715732777741
1715732792792
1715732807746
1715732822728
1715732837753
1715732852656
1715732867792
1715732882780
1715732897801
1715732912769
1715732927774
1715732942857
1715732957731
1715732972848
1715732987863
1715733002836
1715733017886
1715733032801
1715733047778
1715733062831
1715733077850
1715733092801
1715733107803
1715733122869
1715733137929
1715733152880
1715733167898
1715733182826
1715733197889
1715733212952
1715733227895
1715733242803
1715733257886
1715733272862
1715733287994
1715733302951
1715733317887
1715733332952
1715733347972
1715733362942
1715733377968
1715733392989
1715733407973
1715733422978
1715733438027
1715733452936
1715733468016
1715733483001
1715733497942
1715733513005
1715733528049
1715733542969
1715733558009
1715733573092
1715733588033
1715733603137
1715733618125
1715733633035
1715733648049
1715733663128
1715733678014
1715733693076
1715733708049
1715733723072
1715733738009
1715733753133
1715733768058
1715733783101
1715733798149
1715733813119
1715733828176
1715733843152
1715733858093
1715733873102
1715733888134
1715733903150
1715733918170
1715733933152
1715733948235
1715733963149
1715733978134
1715733993176
1715734008129
1715734023256
1715734038131
1715734053165
1715734068220
1715734083163
1715734098175
1715734113292
1715734128224
1715734143223
1715734158253
1715734173202
1715734188281
1715734203300
1715734218209
1715734233122
1715734248242
1715734263237
1715734278347
1715734293318
1715734308257
1715734323259
1715734338294
1715734353203
1715734368263
1715734383372
1715734398272
1715734413335
1715734428364
1715734443344
1715734458352
1715734473423
1715734488320
1715734503379
1715734518346
1715734533387
1715734548272
1715734563429
1715734578338
1715734593360
1715734608479
1715734623422
1715734638356
1715734653477
1715734668334
1715734683423
1715734698505
1715734713374
1715734728381
1715734743508
1715734758401
1715734773396
1715734788486
1715734803509
1715734818475
1715734833482
1715734848429
1715734863449
1715734878498
1715734893508
1715734908513
1715734923581
1715734938475
1715734953470
1715734968564
1715734983558
1715734998547
1715735013552
1715735028573
1715735043630
1715735058604
1715735073570
1715735088586
1715735103663
1715735118565
1715735133605
1715735148608
1715735163629
1715735178591
1715735193720
1715735208630
1715735223600
1715735238641
1715735253567
1715735268607
1715735283634
1715735298687
1715735313615
1715735328659
1715735343661
1715735358677
1715735373675
1715735388641
1715735403709
1715735418669
1715735433690
1715735448723
1715735463746
1715735478689
1715735493690
1715735508799
1715735523814
1715735538778
1715735553809
1715735568748
1715735583806
1715735598743
1715735613791
1715735628769
1715735643835
1715735658716
1715735673754
1715735688750
1715735703756
1715735718853
1715735733843
1715735748758
1715735763824
1715735778768
1715735793648
1715735808755
1715735823869
1715735838782
1715735853745
1715735868882
1715735883866
1715735898820
1715735913867
1715735928821
1715735943860
1715735958869
1715735973851
1715735988906
1715736003841
1715736018867
1715736033863
1715736049009
1715736063864
1715736078838
1715736094011
1715736108857
1715736123907
1715736139015
1715736154000
1715736168923
1715736183925
1715736198952
1715736213901
1715736228936
1715736243955
1715736258932
1715736274036
1715736288990
1715736303993
1715736319033
1715736333938
1715736348962
1715736364044
1715736379015
1715736394035
1715736409002
1715736423956
1715736439041
1715736454030
1715736468980
1715736484099
1715736499105
1715736514021
1715736529072
1715736544120
1715736559091
1715736574134
1715736589128
1715736604080
1715736619040
1715736634180
1715736649077
1715736664033
1715736679170
1715736694122
1715736709041
1715736724169
1715736739147
1715736753943
1715736769137
1715736784114
1715736799142
1715736814171
1715736829127
1715736844155
1715736859207
1715736874126
1715736889161
1715736904270
1715736919188
1715736934163
1715736949144
1715736964180
1715736979180
1715736994239
1715737009200
1715737024194
1715737039238
1715737054170
1715737069217
1715737084258
1715737099255
1715737114336
1715737129336
1715737144251
1715737159233
1715737174301
1715737189228
1715737204259
1715737219356
1715737234358
1715737249309
1715737264367
1715737279288
1715737294309
1715737309321
1715737324331
1715737339316
1715737354436
1715737369379
1715737384316
1715737399453
1715737414369
1715737429347
1715737444379
1715737459411
1715737474395
1715737489421
1715737504436
1715737519423
1715737534474
1715737549428
1715737564490
1715737579458
1715737594353
1715737609456
1715737624430
1715737639436
1715737654434
1715737669442
1715737684398
1715737699418
1715737714475
1715737729414
1715737744428
1715737759496
1715737774505
1715737789491
1715737804543
1715737819451
1715737834517
1715737849534
1715737864489
1715737879535
1715737894597
1715737909506
1715737924504
1715737939635
1715737954475
1715737969481
1715737984622
1715737999524
1715738014582
1715738029666
1715738044565
1715738059665
1715738074623
1715738089550
1715738104608
1715738119674
1715738134677
1715738149665
1715738164739
1715738179656
1715738194691
1715738209727
1715738224658
1715738239620
1715738254678
1715738269638
1715738284669
1715738299680
1715738314653
1715738329679
1715738344730
1715738359717
1715738374759
1715738389730
1715738404691
1715738419693
1715738434752
1715738449577
1715738464745
1715738479732
1715738494689
1715738509721
1715738524798
1715738539716
1715738554745
1715738569799
1715738584781
1715738599751
1715738614791
1715738629832
1715738644761
1715738659790
1715738674815
1715738689823
1715738704834
1715738719837
1715738734816
1715738749851
1715738764811
1715738779837
1715738794850
1715738809827
1715738824860
1715738839899
1715738854850
1715738869863
1715738884930
1715738899891
1715738914880
1715738929980
1715738944842
1715738959911
1715738974935
1715738989835
1715739004988
1715739019951
1715739034916
1715739049930
1715739064912
1715739079919
1715739094986
1715739110059
1715739125015
1715739140008
1715739154977
1715739170024
1715739184967
1715739200033
1715739214963
1715739229980
1715739244987
1715739259995
1715739275131
1715739289997
1715739305008
1715739320095
1715739335106
1715739350016
1715739365090
1715739380119
1715739395086
1715739410088
1715739425087
1715739440132
1715739455100
1715739470184
1715739485152
1715739500118
1715739515174
1715739530108
1715739545155
1715739560240
1715739575178
1715739590159
1715739605579
1715739620202
1715739635144
1715739650144
1715739665201
1715739680199
1715739695303
1715739710194
1715739725200
1715739740240
1715739755191
1715739770212
1715739785288
1715739800277
1715739815249
1715739830278
1715739845226
1715739860231
1715739875275
1715739890228
1715739905246
1715739920317
1715739935301
1715739950327
1715739965329
1715739980285
1715739995243
1715740010304
1715740025252
1715740040260
1715740055287
1715740070303
1715740085331
1715740100423
1715740115406
1715740130328
1715740145375
1715740160442
1715740175339
1715740190361
1715740205382
1715740220397
1715740235466
1715740250399
1715740265375
1715740280476
1715740295339
1715740310483
1715740325483
1715740340468
1715740355426
1715740370527
1715740385541
1715740400435
1715740415530
1715740430389
1715740445474
1715740460589
1715740475424
1715740490546
1715740505579
1715740520485
