1715725530690
1715725530808
1715725531008
1715725531141
1715725531316
1715725531472
1715725545217
1715725545516
1715725545654
1715725545733
1715725545907
1715725546045
1715725560439
1715725560724
1715725560875
1715725560957
1715725561193
1715725561398
1715725575277
1715725575560
1715725575704
1715725575797
1715725576025
1715725576163
1715725590341
1715725590612
1715725590759
1715725590839
1715725591011
1715725591151
1715725605360
1715725605670
1715725605793
1715725605871
1715725606045
1715725606183
1715725620359
1715725620669
1715725620815
1715725620887
1715725621055
1715725621221
1715725635265
1715725635596
1715725635715
1715725635784
1715725635971
1715725636102
1715725650389
1715725650740
1715725650860
1715725650927
1715725651124
1715725651363
1715725665452
1715725665736
1715725665896
1715725665969
1715725666143
1715725666262
1715725680325
1715725680614
1715725680754
1715725680825
1715725681019
1715725681154
1715725695462
1715725695733
1715725695882
1715725695961
1715725696136
1715725696314
1715725710287
1715725710561
1715725710706
1715725710772
1715725710951
1715725711090
1715725725333
1715725725614
1715725725774
1715725725850
1715725726018
1715725726187
1715725740438
1715725740734
1715725740863
1715725740932
1715725741110
1715725741243
1715725755365
1715725755687
1715725755801
1715725755874
1715725756089
1715725756349
1715725770435
1715725770735
1715725770880
1715725770951
1715725771164
1715725771337
1715725785537
1715725785808
1715725785947
1715725786021
1715725786192
1715725786325
1715725800415
1715725800796
1715725800893
1715725800967
1715725801153
1715725801315
1715725815439
1715725815780
1715725815899
1715725815976
1715725816133
1715725816277
1715725830515
1715725830787
1715725830940
1715725831009
1715725831172
1715725831340
1715725845489
1715725845793
1715725845919
1715725845991
1715725846198
1715725846305
1715725860420
1715725860773
1715725860886
1715725860959
1715725861118
1715725861277
1715725875494
1715725875786
1715725875936
1715725876003
1715725876178
1715725876342
1715725890405
1715725890754
1715725890865
1715725890933
1715725891134
1715725891249
1715725905443
1715725905743
1715725905876
1715725905949
1715725906115
1715725906255
1715725920524
1715725920822
1715725920946
1715725921017
1715725921190
1715725921326
1715725935462
1715725935745
1715725935892
1715725935967
1715725936134
1715725936286
1715725950460
1715725950745
1715725950906
1715725950976
1715725951223
1715725951391
1715725965598
1715725965878
1715725966023
1715725966099
1715725966270
1715725966400
1715725980476
1715725980767
1715725980916
1715725980998
1715725981216
1715725981466
1715725995423
1715725995734
1715725995853
1715725995924
1715725996094
1715725996234
1715726010550
1715726010856
1715726011002
1715726011074
1715726011246
1715726011383
1715726025486
1715726025838
1715726025962
1715726026027
1715726026191
1715726026288
1715726040561
1715726040833
1715726040984
1715726041062
1715726041273
1715726041443
1715726055571
1715726055940
1715726056054
1715726056129
1715726056329
1715726056540
1715726070569
1715726070905
1715726071022
1715726071089
1715726071288
1715726071392
1715726085522
1715726085920
1715726086020
1715726086087
1715726086241
1715726086433
1715726100625
1715726100909
1715726101064
1715726101141
1715726101349
1715726101482
1715726115580
1715726115927
1715726116044
1715726116117
1715726116312
1715726116468
1715726130510
1715726130698
1715726130824
1715726130891
1715726131070
1715726131309
1715726145525
1715726145885
1715726145984
1715726146163
1715726146280
1715726146498
1715726160531
1715726160797
1715726160943
1715726161020
1715726161194
1715726161330
1715726175540
1715726175862
1715726175999
1715726176065
1715726176225
1715726176383
1715726190631
1715726190912
1715726191045
1715726191119
1715726191299
1715726191483
1715726205528
1715726205894
1715726205995
1715726206182
1715726206350
1715726206538
1715726220538
1715726220898
1715726221007
1715726221078
1715726221262
1715726221377
1715726235609
1715726235950
1715726236087
1715726236162
1715726236361
1715726236584
1715726250438
1715726250757
1715726250894
1715726250960
1715726251127
1715726251279
1715726265601
1715726265959
1715726266078
1715726266146
1715726266329
1715726266455
1715726280690
1715726280974
1715726281131
1715726281200
1715726281366
1715726281530
1715726295525
1715726295828
1715726295979
1715726296061
1715726296277
1715726296489
1715726310531
1715726310871
1715726310991
1715726311064
1715726311246
1715726311343
1715726325630
1715726325926
1715726326069
1715726326144
1715726326312
1715726326428
1715726340544
1715726340829
1715726340987
1715726341062
1715726341248
1715726341508
1715726355529
1715726355809
1715726355955
1715726356029
1715726356205
1715726356347
1715726370631
1715726370974
1715726371096
1715726371271
1715726371400
1715726371580
1715726385562
1715726385850
1715726385991
1715726386066
1715726386288
1715726386404
1715726400610
1715726400896
1715726401034
1715726401111
1715726401281
1715726401452
1715726415598
1715726415880
1715726416007
1715726416097
1715726416276
1715726416398
1715726430765
1715726430977
1715726431070
1715726431286
1715726431458
1715726431603
1715726445632
1715726445984
1715726446098
1715726446174
1715726446394
1715726446633
1715726460645
1715726460952
1715726461082
1715726461154
1715726461317
1715726461428
1715726475745
1715726476028
1715726476166
1715726476243
1715726476311
1715726476500
1715726490701
1715726491042
1715726491153
1715726491228
1715726491420
1715726491589
1715726505760
1715726506049
1715726506215
1715726506284
1715726506453
1715726506689
1715726520665
1715726520959
1715726521110
1715726521178
1715726521346
1715726521528
1715726535670
1715726535963
1715726536127
1715726536197
1715726536402
1715726536525
1715726550722
1715726550996
1715726551143
1715726551210
1715726551375
1715726551526
1715726565622
1715726565918
1715726566060
1715726566136
1715726566208
1715726566425
1715726580658
1715726580969
1715726581087
1715726581160
1715726581324
1715726581417
1715726595766
1715726596043
1715726596191
1715726596263
1715726596480
1715726596592
1715726610680
1715726610962
1715726611112
1715726611186
1715726611367
1715726611529
1715726625681
1715726626037
1715726626156
1715726626327
1715726626436
1715726626594
1715726640758
1715726641089
1715726641219
1715726641294
1715726641532
1715726641699
1715726655654
1715726656035
1715726656136
1715726656314
1715726656461
1715726656620
1715726670696
1715726671030
1715726671160
1715726671226
1715726671419
1715726671528
1715726685800
1715726686090
1715726686243
1715726686314
1715726686492
1715726686646
1715726700607
1715726700921
1715726701058
1715726701131
1715726701311
1715726701453
1715726715758
1715726716036
1715726716177
1715726716245
1715726716416
1715726716553
1715726730934
1715726731158
1715726731240
1715726731415
1715726731553
1715726731762
1715726745684
1715726746011
1715726746136
1715726746207
1715726746395
1715726746619
1715726760707
1715726760980
1715726761125
1715726761196
1715726761372
1715726761538
1715726775832
1715726776104
1715726776265
1715726776335
1715726776574
1715726776806
1715726790711
1715726791014
1715726791163
1715726791237
1715726791413
1715726791582
1715726805696
1715726805978
1715726806127
1715726806198
1715726806372
1715726806541
1715726820744
1715726821034
1715726821153
1715726821249
1715726821318
1715726821619
1715726835718
1715726836074
1715726836174
1715726836353
1715726836505
1715726836702
1715726850727
1715726851012
1715726851159
1715726851238
1715726851461
1715726851706
1715726865721
1715726865987
1715726866127
1715726866204
1715726866277
1715726866461
1715726880771
1715726881075
1715726881218
1715726881285
1715726881461
1715726881635
1715726895796
1715726896159
1715726896261
1715726896328
1715726896480
1715726896634
1715726910795
1715726911082
1715726911235
1715726911317
1715726911494
1715726911633
1715726925598
1715726925908
1715726926034
1715726926111
1715726926284
1715726926408
1715726940703
1715726941016
1715726941104
1715726941187
1715726941258
1715726941440
1715726955821
1715726956111
1715726956255
1715726956326
1715726956493
1715726956669
1715726970761
1715726971047
1715726971196
1715726971275
1715726971452
1715726971599
1715726985763
1715726986064
1715726986192
1715726986260
1715726986437
1715726986589
1715727000898
1715727001182
1715727001325
1715727001402
1715727001563
1715727001674
1715727015710
1715727016015
1715727016136
1715727016211
1715727016381
1715727016541
1715727030911
1715727031086
1715727031241
1715727031311
1715727031477
1715727031617
1715727045831
1715727046120
1715727046265
1715727046343
1715727046551
1715727046695
1715727060738
1715727061048
1715727061195
1715727061264
1715727061445
1715727061568
1715727075751
1715727076055
1715727076197
1715727076266
1715727076444
1715727076685
1715727090922
1715727091211
1715727091357
1715727091431
1715727091609
1715727091775
1715727105828
1715727106179
1715727106294
1715727106367
1715727106568
1715727106776
1715727120818
1715727121096
1715727121249
1715727121315
1715727121490
1715727121637
1715727135909
1715727136193
1715727136336
1715727136408
1715727136578
1715727136678
1715727150906
1715727151183
1715727151337
1715727151408
1715727151582
1715727151690
1715727165871
1715727166154
1715727166295
1715727166368
1715727166543
1715727166681
1715727180863
1715727181218
1715727181329
1715727181505
1715727181607
1715727181773
1715727195854
1715727196132
1715727196290
1715727196369
1715727196548
1715727196736
1715727210945
1715727211249
1715727211397
1715727211475
1715727211655
1715727211775
1715727225953
1715727226233
1715727226375
1715727226450
1715727226620
1715727226775
1715727240926
1715727241218
1715727241364
1715727241440
1715727241606
1715727241767
1715727255846
1715727256219
1715727256318
1715727256507
1715727256609
1715727256820
1715727270943
1715727271281
1715727271399
1715727271479
1715727271680
1715727271790
1715727285871
1715727286165
1715727286314
1715727286395
1715727286568
1715727286755
1715727300915
1715727301289
1715727301383
1715727301452
1715727301614
1715727301841
1715727315983
1715727316274
1715727316413
1715727316492
1715727316666
1715727316806
1715727331017
1715727331196
1715727331318
1715727331405
1715727331624
1715727331793
1715727345903
1715727346171
1715727346324
1715727346395
1715727346572
1715727346709
1715727360955
1715727361293
1715727361393
1715727361465
1715727361667
1715727361851
1715727375903
1715727376175
1715727376316
1715727376395
1715727376571
1715727376718
1715727391054
1715727391223
1715727391356
1715727391432
1715727391610
1715727391745
1715727405960
1715727406227
1715727406381
1715727406454
1715727406620
1715727406763
1715727421039
1715727421315
1715727421460
1715727421530
1715727421705
1715727421838
1715727435943
1715727436214
1715727436349
1715727436425
1715727436593
1715727436711
1715727451031
1715727451311
1715727451463
1715727451540
1715727451711
1715727451946
1715727466047
1715727466335
1715727466475
1715727466552
1715727466802
1715727467003
1715727480975
1715727481326
1715727481443
1715727481513
1715727481666
1715727481803
1715727496049
1715727496321
1715727496466
1715727496537
1715727496704
1715727496819
1715727510965
1715727511268
1715727511400
1715727511471
1715727511701
1715727511875
1715727525986
1715727526355
1715727526466
1715727526535
1715727526692
1715727526863
1715727541052
1715727541325
1715727541463
1715727541535
1715727541714
1715727541855
1715727555971
1715727556259
1715727556406
1715727556480
1715727556700
1715727556937
1715727571085
1715727571236
1715727571363
1715727571449
1715727571622
1715727571766
1715727586074
1715727586352
1715727586504
1715727586578
1715727586750
1715727586908
1715727600940
1715727601214
1715727601350
1715727601423
1715727601602
1715727601729
1715727616030
1715727616326
1715727616461
1715727616535
1715727616770
1715727616960
1715727631297
1715727631534
1715727631621
1715727631843
1715727632035
1715727632147
1715727645900
1715727646265
1715727646364
1715727646438
1715727646632
1715727646814
1715727661079
1715727661364
1715727661518
1715727661596
1715727661769
1715727661923
1715727675949
1715727676236
1715727676360
1715727676432
1715727676599
1715727676755
1715727691016
1715727691358
1715727691468
1715727691547
1715727691743
1715727691917
1715727705979
1715727706271
1715727706414
1715727706491
1715727706660
1715727706791
1715727721045
1715727721318
1715727721457
1715727721528
1715727721710
1715727721845
1715727736001
1715727736349
1715727736468
1715727736532
1715727736748
1715727736939
1715727751049
1715727751381
1715727751481
1715727751674
1715727751784
1715727752018
1715727766190
1715727766371
1715727766497
1715727766565
1715727766730
1715727766884
1715727781096
1715727781373
1715727781507
1715727781583
1715727781747
1715727781919
1715727796061
1715727796346
1715727796499
1715727796566
1715727796745
1715727796891
1715727811201
1715727811539
1715727811638
1715727811814
1715727811937
1715727812143
1715727826008
1715727826276
1715727826423
1715727826493
1715727826659
1715727826784
1715727841104
1715727841437
1715727841543
1715727841618
1715727841836
1715727841990
1715727856141
1715727856419
1715727856544
1715727856637
1715727856814
1715727856930
1715727871092
1715727871367
1715727871516
1715727871597
1715727871770
1715727871954
1715727886198
1715727886514
1715727886642
1715727886712
1715727886911
1715727887171
1715727901142
1715727901416
1715727901546
1715727901621
1715727901799
1715727901909
1715727916007
1715727916270
1715727916405
1715727916484
1715727916656
1715727916802
1715727931216
1715727931374
1715727931514
1715727931589
1715727931751
1715727931876
1715727946201
1715727946565
1715727946682
1715727946748
1715727946909
1715727947056
1715727961138
1715727961497
1715727961593
1715727961668
1715727961872
1715727962015
1715727976190
1715727976544
1715727976647
1715727976718
1715727976936
1715727977113
1715727991216
1715727991465
1715727991590
1715727991656
1715727991812
1715727991941
1715728006108
1715728006378
1715728006527
1715728006596
1715728006810
1715728006916
1715728021094
1715728021388
1715728021528
1715728021607
1715728021784
1715728021925
1715728036238
1715728036526
1715728036670
1715728036746
1715728036918
1715728037072
1715728051156
1715728051436
1715728051582
1715728051655
1715728051826
1715728052011
1715728066242
1715728066599
1715728066716
1715728066898
1715728067048
1715728067251
1715728081193
1715728081545
1715728081659
1715728081735
1715728081971
1715728082158
1715728096219
1715728096528
1715728096658
1715728096735
1715728096908
1715728097051
1715728111214
1715728111508
1715728111665
1715728111749
1715728111950
1715728112124
1715728126217
1715728126503
1715728126650
1715728126719
1715728126885
1715728127051
1715728141098
1715728141469
1715728141568
1715728141748
1715728141890
1715728142099
1715728156161
1715728156448
1715728156586
1715728156666
1715728156834
1715728157025
1715728171206
1715728171477
1715728171637
1715728171708
1715728171918
1715728172176
1715728186216
1715728186505
1715728186632
1715728186705
1715728186939
1715728187036
1715728201288
1715728201563
1715728201715
1715728201792
1715728202009
1715728202116
1715728216174
1715728216475
1715728216593
1715728216666
1715728216837
1715728216998
1715728231352
1715728231518
1715728231620
1715728231683
1715728231890
1715728232039
1715728246231
1715728246502
1715728246658
1715728246730
1715728246904
1715728247062
1715728261372
1715728261684
1715728261817
1715728261893
1715728262102
1715728262256
1715728276276
1715728276573
1715728276720
1715728276796
1715728276980
1715728277119
1715728291283
1715728291637
1715728291755
1715728291822
1715728291984
1715728292174
1715728306322
1715728306627
1715728306764
1715728306842
1715728307024
1715728307213
1715728321237
1715728321488
1715728321626
1715728321698
1715728321871
1715728322010
1715728336235
1715728336526
1715728336672
1715728336748
1715728336922
1715728337072
1715728351346
1715728351619
1715728351755
1715728351826
1715728352001
1715728352157
1715728366244
1715728366531
1715728366683
1715728366755
1715728366932
1715728367178
1715728381283
1715728381644
1715728381756
1715728381830
1715728382029
1715728382122
1715728396399
1715728396747
1715728396855
1715728396928
1715728397118
1715728397266
1715728411275
1715728411560
1715728411688
1715728411766
1715728411934
1715728412049
1715728426388
1715728426653
1715728426788
1715728426865
1715728427031
1715728427142
1715728441331
1715728441624
1715728441755
1715728441830
1715728441999
1715728442194
1715728456345
1715728456666
1715728456796
1715728456865
1715728457085
1715728457247
1715728471259
1715728471609
1715728471719
1715728471792
1715728471977
1715728472071
1715728486344
1715728486636
1715728486773
1715728486851
1715728487021
1715728487150
1715728501269
1715728501570
1715728501701
1715728501780
1715728501961
1715728502120
1715728516383
1715728516741
1715728516847
1715728516915
1715728517131
1715728517333
1715728531635
1715728531827
1715728531935
1715728532009
1715728532276
1715728532455
1715728546330
1715728546704
1715728546802
1715728546986
1715728547097
1715728547337
1715728561348
1715728561644
1715728561785
1715728561859
1715728562036
1715728562175
1715728576447
1715728576725
1715728576891
1715728576953
1715728577120
1715728577249
1715728591331
1715728591625
1715728591766
1715728591837
1715728592021
1715728592139
1715728606374
1715728606727
1715728606831
1715728607012
1715728607144
1715728607342
1715728621414
1715728621680
1715728621804
1715728621886
1715728622061
1715728622174
1715728636249
1715728636541
1715728636679
1715728636750
1715728636924
1715728637070
1715728651355
1715728651645
1715728651795
1715728651860
1715728652024
1715728652166
1715728666501
1715728666834
1715728666971
1715728667036
1715728667193
1715728667324
1715728681314
1715728681608
1715728681734
1715728681806
1715728681982
1715728682102
1715728696390
1715728696670
1715728696832
1715728696903
1715728697071
1715728697224
1715728711465
1715728711838
1715728711933
1715728712103
1715728712247
1715728712460
1715728726421
1715728726696
1715728726834
1715728726912
1715728727083
1715728727230
1715728741409
1715728741710
1715728741840
1715728741913
1715728742080
1715728742236
1715728756552
1715728756841
1715728756942
1715728757047
1715728757120
1715728757387
1715728771403
1715728771709
1715728771849
1715728771919
1715728772097
1715728772233
1715728786377
1715728786661
1715728786813
1715728786891
1715728787063
1715728787202
1715728801532
1715728801903
1715728802001
1715728802180
1715728802323
1715728802523
1715728816481
1715728816775
1715728816898
1715728816974
1715728817151
1715728817304
1715728831507
1715728831668
1715728831808
1715728831898
1715728832071
1715728832317
1715728846553
1715728846836
1715728846997
1715728847071
1715728847284
1715728847416
1715728861382
1715728861672
1715728861819
1715728861905
1715728862070
1715728862226
1715728876440
1715728876717
1715728876871
1715728876948
1715728877119
1715728877314
1715728891564
1715728891852
1715728892002
1715728892075
1715728892239
1715728892409
1715728906422
1715728906699
1715728906854
1715728906919
1715728907086
1715728907235
1715728921565
1715728921834
1715728921982
1715728922057
1715728922273
1715728922513
1715728936493
1715728936787
1715728936943
1715728937018
1715728937211
1715728937349
1715728951493
1715728951797
1715728951934
1715728952010
1715728952237
1715728952372
1715728966494
1715728966780
1715728966927
1715728967008
1715728967179
1715728967330
1715728981513
1715728981780
1715728981941
1715728982010
1715728982175
1715728982313
1715728996470
1715728996761
1715728996904
1715728996980
1715728997153
1715728997278
1715729011567
1715729011891
1715729012039
1715729012114
1715729012325
1715729012500
1715729026492
1715729026779
1715729026896
1715729026982
1715729027056
1715729027296
1715729041545
1715729041827
1715729041968
1715729042045
1715729042268
1715729042482
1715729056492
1715729056787
1715729056931
1715729057006
1715729057258
1715729057461
1715729071648
1715729071937
1715729072087
1715729072159
1715729072333
1715729072469
1715729086511
1715729086792
1715729086933
1715729087007
1715729087176
1715729087322
1715729101551
1715729101914
1715729102019
1715729102090
1715729102298
1715729102505
1715729116632
1715729116919
1715729117073
1715729117147
1715729117307
1715729117479
1715729131663
1715729131901
1715729131974
1715729132144
1715729132292
1715729132472
1715729146540
1715729146806
1715729146951
1715729147019
1715729147191
1715729147351
1715729161667
1715729162044
1715729162158
1715729162232
1715729162464
1715729162653
1715729176634
1715729177005
1715729177094
1715729177267
1715729177430
1715729177640
1715729191577
1715729191940
1715729192050
1715729192124
1715729192376
1715729192565
1715729206633
1715729207001
1715729207109
1715729207186
1715729207436
1715729207648
1715729221587
1715729221871
1715729222033
1715729222109
1715729222332
1715729222544
1715729236566
1715729236857
1715729236988
1715729237061
1715729237233
1715729237384
1715729251580
1715729251935
1715729252045
1715729252121
1715729252308
1715729252449
1715729266526
1715729266794
1715729266935
1715729267015
1715729267183
1715729267305
1715729281640
1715729281925
1715729282056
1715729282130
1715729282301
1715729282442
1715729296730
1715729297031
1715729297154
1715729297221
1715729297379
1715729297534
1715729311589
1715729311967
1715729312068
1715729312137
1715729312293
1715729312427
1715729326647
1715729327012
1715729327109
1715729327284
1715729327425
1715729327640
1715729341698
1715729341983
1715729342120
1715729342192
1715729342362
1715729342494
1715729356722
1715729357030
1715729357175
1715729357243
1715729357411
1715729357506
1715729371626
1715729371911
1715729372055
1715729372127
1715729372303
1715729372454
1715729386712
1715729386989
1715729387128
1715729387207
1715729387374
1715729387499
1715729401647
1715729401948
1715729402099
1715729402172
1715729402329
1715729402454
1715729416594
1715729416862
1715729417012
1715729417085
1715729417261
1715729417401
1715729431883
1715729432128
1715729432207
1715729432384
1715729432480
1715729432736
1715729446702
1715729447008
1715729447148
1715729447225
1715729447400
1715729447556
1715729461712
1715729462045
1715729462156
1715729462233
1715729462424
1715729462570
1715729476762
1715729477059
1715729477190
1715729477267
1715729477495
1715729477583
1715729491699
1715729492001
1715729492144
1715729492213
1715729492370
1715729492497
1715729506779
1715729507083
1715729507220
1715729507294
1715729507462
1715729507647
1715729521781
1715729522103
1715729522242
1715729522320
1715729522557
1715729522694
1715729536615
1715729536905
1715729537041
1715729537123
1715729537195
1715729537415
1715729551733
1715729552093
1715729552209
1715729552293
1715729552556
1715729552715
1715729566769
1715729567060
1715729567206
1715729567283
1715729567455
1715729567600
1715729581700
1715729582012
1715729582153
1715729582227
1715729582400
1715729582519
1715729596651
1715729597007
1715729597123
1715729597294
1715729597392
1715729597498
1715729611823
1715729612195
1715729612304
1715729612368
1715729612595
1715729612820
1715729626738
1715729627029
1715729627175
1715729627250
1715729627426
1715729627567
1715729641783
1715729642087
1715729642212
1715729642277
1715729642450
1715729642580
1715729656763
1715729657059
1715729657191
1715729657261
1715729657437
1715729657597
1715729671730
1715729672015
1715729672165
1715729672235
1715729672408
1715729672577
1715729686763
1715729687141
1715729687250
1715729687315
1715729687472
1715729687619
1715729701819
1715729702105
1715729702229
1715729702323
1715729702488
1715729702610
1715729716758
1715729717038
1715729717199
1715729717265
1715729717435
1715729717580
1715729731886
1715729732078
1715729732208
1715729732275
1715729732455
1715729732586
1715729746790
1715729747073
1715729747219
1715729747294
1715729747561
1715729747759
1715729761718
1715729762007
1715729762149
1715729762216
1715729762393
1715729762486
1715729776781
1715729777077
1715729777207
1715729777278
1715729777462
1715729777618
1715729791784
1715729792100
1715729792286
1715729792386
1715729792640
1715729792716
1715729806825
1715729807109
1715729807248
1715729807331
1715729807506
1715729807685
1715729821853
1715729822215
1715729822331
1715729822405
1715729822609
1715729822774
1715729836880
1715729837237
1715729837344
1715729837419
1715729837668
1715729837893
1715729851760
1715729852055
1715729852220
1715729852283
1715729852449
1715729852598
1715729866901
1715729867261
1715729867376
1715729867445
1715729867656
1715729867886
1715729881875
1715729882161
1715729882310
1715729882389
1715729882613
1715729882754
1715729896884
1715729897164
1715729897290
1715729897369
1715729897550
1715729897710
1715729911849
1715729912142
1715729912292
1715729912362
1715729912530
1715729912629
1715729926931
1715729927247
1715729927394
1715729927462
1715729927683
1715729927859
1715729941948
1715729942204
1715729942344
1715729942415
1715729942592
1715729942751
1715729956868
1715729957154
1715729957296
1715729957361
1715729957540
1715729957681
1715729971919
1715729972185
1715729972348
1715729972421
1715729972582
1715729972728
1715729986913
1715729987187
1715729987317
1715729987396
1715729987567
1715729987694
1715730001907
1715730002235
1715730002348
1715730002421
1715730002629
1715730002770
1715730016920
1715730017234
1715730017375
1715730017447
1715730017665
1715730017807
1715730032059
1715730032269
1715730032355
1715730032532
1715730032680
1715730032872
1715730046880
1715730047145
1715730047291
1715730047364
1715730047440
1715730047624
1715730062000
1715730062284
1715730062423
1715730062500
1715730062666
1715730062804
1715730076907
1715730077187
1715730077361
1715730077434
1715730077601
1715730077745
1715730091913
1715730092204
1715730092344
1715730092419
1715730092585
1715730092703
1715730106962
1715730107230
1715730107379
1715730107449
1715730107625
1715730107821
1715730121915
1715730122190
1715730122336
1715730122407
1715730122625
1715730122818
1715730136993
1715730137266
1715730137403
1715730137479
1715730137653
1715730137787
1715730151956
1715730152247
1715730152386
1715730152466
1715730152641
1715730152893
1715730166918
1715730167220
1715730167363
1715730167435
1715730167508
1715730167741
1715730181946
1715730182240
1715730182380
1715730182453
1715730182651
1715730182904
1715730197036
1715730197325
1715730197477
1715730197549
1715730197768
1715730197966
1715730211924
1715730212216
1715730212370
1715730212442
1715730212617
1715730212789
1715730226965
1715730227249
1715730227389
1715730227478
1715730227659
1715730227754
1715730242034
1715730242301
1715730242443
1715730242520
1715730242695
1715730242854
1715730256990
1715730257288
1715730257438
1715730257508
1715730257683
1715730257832
1715730272015
1715730272350
1715730272460
1715730272527
1715730272681
1715730272883
1715730286983
1715730287329
1715730287441
1715730287513
1715730287683
1715730287874
1715730302025
1715730302319
1715730302470
1715730302543
1715730302723
1715730302867
1715730316952
1715730317232
1715730317398
1715730317471
1715730317634
1715730317783
1715730332345
1715730332517
1715730332597
1715730332811
1715730333073
1715730333280
1715730346990
1715730347273
1715730347410
1715730347477
1715730347548
1715730347758
1715730362015
1715730362371
1715730362479
1715730362558
1715730362782
1715730362996
1715730377194
1715730377342
1715730377487
1715730377572
1715730377742
1715730378012
1715730391908
1715730392202
1715730392355
1715730392424
1715730392602
1715730392759
1715730407160
1715730407448
1715730407589
1715730407665
1715730407838
1715730407990
1715730422064
1715730422334
1715730422477
1715730422553
1715730422720
1715730422885
1715730437037
1715730437310
1715730437464
1715730437535
1715730437712
1715730437877
1715730452089
1715730452378
1715730452519
1715730452591
1715730452760
1715730452990
1715730467079
1715730467373
1715730467513
1715730467583
1715730467757
1715730467947
1715730482074
1715730482368
1715730482483
1715730482560
1715730482730
1715730482839
1715730497217
1715730497392
1715730497529
1715730497605
1715730497770
1715730497908
1715730512129
1715730512415
1715730512554
1715730512631
1715730512797
1715730512972
1715730527087
1715730527374
1715730527515
1715730527597
1715730527771
1715730527914
1715730542102
1715730542386
1715730542524
1715730542608
1715730542776
1715730542899
1715730557236
1715730557454
1715730557573
1715730557642
1715730557808
1715730557958
1715730572116
1715730572414
1715730572556
1715730572633
1715730572790
1715730572933
1715730587012
1715730587288
1715730587429
1715730587502
1715730587677
1715730587812
1715730602245
1715730602581
1715730602693
1715730602765
1715730602923
1715730603074
1715730617048
1715730617324
1715730617486
1715730617549
1715730617722
1715730617984
1715730632037
1715730632507
1715730632586
1715730632815
1715730633009
1715730633166
1715730647361
1715730647535
1715730647676
1715730647748
1715730647822
1715730648037
1715730662223
1715730662583
1715730662696
1715730662766
1715730662933
1715730663083
1715730677107
1715730677409
1715730677538
1715730677613
1715730677791
1715730677944
1715730692198
1715730692520
1715730692653
1715730692729
1715730692905
1715730693042
1715730707167
1715730707466
1715730707614
1715730707685
1715730707862
1715730708076
1715730722195
1715730722504
1715730722627
1715730722691
1715730722862
1715730723013
1715730737319
1715730737683
1715730737785
1715730737959
1715730738111
1715730738315
1715730752162
1715730752478
1715730752618
1715730752685
1715730752881
1715730753067
1715730767285
1715730767637
1715730767743
1715730767823
1715730768027
1715730768276
1715730782222
1715730782505
1715730782661
1715730782732
1715730782976
1715730783219
1715730797227
1715730797582
1715730797693
1715730797765
1715730797935
1715730798087
1715730812181
1715730812508
1715730812612
1715730812672
1715730812822
1715730812969
1715730827312
1715730827678
1715730827780
1715730827960
1715730828072
1715730828289
1715730842218
1715730842501
1715730842632
1715730842711
1715730842883
1715730843003
1715730857219
1715730857600
1715730857698
1715730857772
1715730857927
1715730858207
1715730872306
1715730872617
1715730872744
1715730872824
1715730872990
1715730873147
1715730887237
1715730887507
1715730887661
1715730887732
1715730887948
1715730888096
1715730902283
1715730902555
1715730902696
1715730902770
1715730902939
1715730903093
1715730917262
1715730917606
1715730917715
1715730917784
1715730917970
1715730918133
1715730932386
1715730932564
1715730932715
1715730932778
1715730932948
1715730933118
1715730947252
1715730947542
1715730947680
1715730947749
1715730947926
1715730948079
1715730962411
1715730962709
1715730962856
1715730962939
1715730963101
1715730963219
1715730977301
1715730977582
1715730977719
1715730977794
1715730977986
1715730978158
1715730992275
1715730992552
1715730992710
1715730992781
1715730992941
1715730993108
1715731007329
1715731007617
1715731007758
1715731007832
1715731008013
1715731008201
1715731022168
1715731022445
1715731022582
1715731022658
1715731022722
1715731022888
1715731037348
1715731037620
1715731037765
1715731037837
1715731038013
1715731038158
1715731052295
1715731052566
1715731052712
1715731052787
1715731052955
1715731053069
1715731067319
1715731067604
1715731067747
1715731067818
1715731067999
1715731068225
1715731082358
1715731082710
1715731082824
1715731082884
1715731083051
1715731083188
1715731097405
1715731097694
1715731097831
1715731097908
1715731098091
1715731098225
1715731112272
1715731112596
1715731112722
1715731112794
1715731112950
1715731113130
1715731127271
1715731127563
1715731127706
1715731127778
1715731128015
1715731128253
1715731142359
1715731142645
1715731142781
1715731142862
1715731143029
1715731143199
1715731157286
1715731157561
1715731157702
1715731157775
1715731157946
1715731158109
1715731172309
1715731172583
1715731172725
1715731172800
1715731173024
1715731173216
1715731187523
1715731187801
1715731187941
1715731188016
1715731188190
1715731188378
1715731202381
1715731202653
1715731202797
1715731202874
1715731203046
1715731203157
1715731217287
1715731217636
1715731217749
1715731217811
1715731218017
1715731218183
1715731232515
1715731232718
1715731232806
1715731232878
1715731233084
1715731233196
1715731247388
1715731247670
1715731247810
1715731247884
1715731248064
1715731248229
1715731262268
1715731262598
1715731262717
1715731262785
1715731262954
1715731263106
1715731277370
1715731277641
1715731277803
1715731277874
1715731278042
1715731278192
1715731292403
1715731292691
1715731292835
1715731292911
1715731293082
1715731293277
1715731307366
1715731307658
1715731307751
1715731307833
1715731307915
1715731308170
1715731322425
1715731322715
1715731322865
1715731322948
1715731323119
1715731323271
1715731337371
1715731337647
1715731337785
1715731337859
1715731338031
1715731338137
1715731352400
1715731352678
1715731352821
1715731352891
1715731353068
1715731353215
1715731367397
1715731367693
1715731367836
1715731367905
1715731368084
1715731368233
1715731382321
1715731382606
1715731382750
1715731382832
1715731383057
1715731383152
1715731397429
1715731397792
1715731397892
1715731397964
1715731398187
1715731398365
1715731412384
1715731412747
1715731412856
1715731413033
1715731413147
1715731413252
1715731427421
1715731427726
1715731427851
1715731427927
1715731428104
1715731428214
1715731442471
1715731442817
1715731442931
1715731443000
1715731443150
1715731443273
1715731457574
1715731457908
1715731458023
1715731458100
1715731458269
1715731458457
1715731472493
1715731472810
1715731472925
1715731473103
1715731473257
1715731473416
1715731487427
1715731487712
1715731487853
1715731487936
1715731488180
1715731488374
1715731502486
1715731502763
1715731502915
1715731503000
1715731503170
1715731503326
1715731517423
1715731517700
1715731517844
1715731517919
1715731518085
1715731518228
1715731532563
1715731532809
1715731532912
1715731532983
1715731533174
1715731533427
1715731547483
1715731547852
1715731547964
1715731548135
1715731548268
1715731548478
1715731562482
1715731562784
1715731562941
1715731563010
1715731563188
1715731563344
1715731577407
1715731577742
1715731577854
1715731577925
1715731578108
1715731578273
1715731592512
1715731592869
1715731592981
1715731593054
1715731593266
1715731593482
1715731607403
1715731607690
1715731607819
1715731607897
1715731607963
1715731608186
1715731622608
1715731622802
1715731622926
1715731623004
1715731623177
1715731623293
1715731637464
1715731637736
1715731637870
1715731637946
1715731638126
1715731638266
1715731652482
1715731652774
1715731652887
1715731652973
1715731653150
1715731653292
1715731667451
1715731667744
1715731667889
1715731667947
1715731668112
1715731668264
1715731682564
1715731682869
1715731683026
1715731683096
1715731683271
1715731683503
1715731697594
1715731697870
1715731697984
1715731698074
1715731698141
1715731698354
1715731712479
1715731712830
1715731712936
1715731713112
1715731713240
1715731713370
1715731727571
1715731727870
1715731727998
1715731728082
1715731728255
1715731728387
1715731742617
1715731742952
1715731743060
1715731743130
1715731743342
1715731743476
1715731757608
1715731757894
1715731758029
1715731758109
1715731758272
1715731758417
1715731772582
1715731772908
1715731773042
1715731773116
1715731773291
1715731773444
1715731787582
1715731787872
1715731788022
1715731788102
1715731788275
1715731788519
1715731802506
1715731802813
1715731802930
1715731803006
1715731803178
1715731803324
1715731817551
1715731817829
1715731817971
1715731818051
1715731818287
1715731818513
1715731832710
1715731832911
1715731833005
1715731833073
1715731833280
1715731833412
1715731847538
1715731847893
1715731848006
1715731848186
1715731848332
1715731848549
1715731862623
1715731862900
1715731863054
1715731863127
1715731863387
1715731863578
1715731877475
1715731877760
1715731877907
1715731877977
1715731878151
1715731878298
1715731892606
1715731892943
1715731893053
1715731893231
1715731893356
1715731893542
1715731907578
1715731907868
1715731907994
1715731908067
1715731908241
1715731908400
1715731922623
1715731922934
1715731923058
1715731923131
1715731923292
1715731923445
1715731937657
1715731937949
1715731938078
1715731938152
1715731938328
1715731938477
1715731952694
1715731953026
1715731953152
1715731953220
1715731953426
1715731953619
1715731967578
1715731967851
1715731967993
1715731968072
1715731968248
1715731968369
1715731982721
1715731982902
1715731983046
1715731983121
1715731983298
1715731983433
1715731997766
1715731998059
1715731998221
1715731998290
1715731998455
1715731998697
1715732012681
1715732012957
1715732013093
1715732013172
1715732013338
1715732013496
1715732027659
1715732027930
1715732028079
1715732028156
1715732028418
1715732028629
1715732042679
1715732042973
1715732043120
1715732043197
1715732043359
1715732043477
1715732057633
1715732057957
1715732058043
1715732058111
1715732058287
1715732058475
1715732072634
1715732072935
1715732073075
1715732073152
1715732073321
1715732073445
1715732087791
1715732088064
1715732088215
1715732088296
1715732088523
1715732088613
1715732102682
1715732102980
1715732103116
1715732103189
1715732103430
1715732103628
1715732117698
1715732117978
1715732118116
1715732118192
1715732118372
1715732118532
1715732132884
1715732133063
1715732133193
1715732133259
1715732133491
1715732133629
1715732147695
1715732147994
1715732148117
1715732148194
1715732148374
1715732148535
1715732162688
1715732162991
1715732163132
1715732163204
1715732163376
1715732163557
1715732177800
1715732177977
1715732178101
1715732178178
1715732178346
1715732178495
1715732192692
1715732192970
1715732193106
1715732193186
1715732193368
1715732193522
1715732207764
1715732208060
1715732208197
1715732208271
1715732208441
1715732208547
1715732222724
1715732223030
1715732223179
1715732223259
1715732223436
1715732223569
1715732237692
1715732237993
1715732238104
1715732238192
1715732238257
1715732238491
1715732252746
1715732253111
1715732253271
1715732253369
1715732253630
1715732253772
1715732267753
1715732268041
1715732268189
1715732268259
1715732268423
1715732268544
1715732282724
1715732282998
1715732283139
1715732283210
1715732283382
1715732283550
1715732297719
1715732298019
1715732298145
1715732298211
1715732298386
1715732298666
1715732312769
1715732313126
1715732313225
1715732313299
1715732313508
1715732313695
1715732327604
1715732327905
1715732328037
1715732328114
1715732328354
1715732328529
1715732342819
1715732343121
1715732343255
1715732343331
1715732343512
1715732343694
1715732357739
1715732358017
1715732358149
1715732358232
1715732358427
1715732358569
1715732372771
1715732373129
1715732373237
1715732373318
1715732373501
1715732373705
1715732387786
1715732388056
1715732388195
1715732388271
1715732388448
1715732388603
1715732402836
1715732403105
1715732403269
1715732403347
1715732403511
1715732403655
1715732417748
1715732418073
1715732418191
1715732418265
1715732418436
1715732418683
1715732432934
1715732433103
1715732433244
1715732433323
1715732433495
1715732433632
1715732447877
1715732448162
1715732448281
1715732448382
1715732448448
1715732448658
1715732462718
1715732462994
1715732463108
1715732463210
1715732463386
1715732463518
1715732477866
1715732478180
1715732478343
1715732478415
1715732478575
1715732478719
1715732492910
1715732493198
1715732493350
1715732493429
1715732493596
1715732493739
1715732507754
1715732508112
1715732508222
1715732508282
1715732508476
1715732508577
1715732522800
1715732523095
1715732523227
1715732523302
1715732523475
1715732523629
1715732537912
1715732538210
1715732538356
1715732538438
1715732538612
1715732538753
1715732552873
1715732553180
1715732553337
1715732553525
1715732553652
1715732553850
1715732567885
1715732568063
1715732568211
1715732568283
1715732568457
1715732568595
1715732582897
1715732583192
1715732583306
1715732583392
1715732583566
1715732583719
1715732597844
1715732598142
1715732598292
1715732598357
1715732598529
1715732598754
1715732612763
1715732613052
1715732613192
1715732613263
1715732613445
1715732613559
1715732627900
1715732628184
1715732628328
1715732628406
1715732628574
1715732628708
1715732642891
1715732643178
1715732643313
1715732643390
1715732643561
1715732643705
1715732657942
1715732658211
1715732658364
1715732658441
1715732658517
1715732658734
1715732672938
1715732673217
1715732673379
1715732673448
1715732673671
1715732673792
1715732687838
1715732688207
1715732688308
1715732688382
1715732688586
1715732688735
1715732702924
1715732703214
1715732703355
1715732703430
1715732703610
1715732703703
1715732717909
1715732718199
1715732718332
1715732718407
1715732718479
1715732718697
1715732733086
1715732733284
1715732733385
1715732733559
1715732733709
1715732733915
1715732747985
1715732748274
1715732748433
1715732748504
1715732748728
1715732748855
1715732762926
1715732763256
1715732763393
1715732763465
1715732763639
1715732763802
1715732777967
1715732778379
1715732778529
1715732778605
1715732778927
1715732779080
1715732793005
1715732793290
1715732793424
1715732793511
1715732793685
1715732793798
1715732807927
1715732808234
1715732808363
1715732808440
1715732808668
1715732808823
1715732822984
1715732823325
1715732823432
1715732823497
1715732823685
1715732823811
1715732837982
1715732838267
1715732838391
1715732838463
1715732838641
1715732838790
1715732852883
1715732853156
1715732853298
1715732853371
1715732853545
1715732853693
1715732868028
1715732868308
1715732868453
1715732868533
1715732868702
1715732868848
1715732882985
1715732883331
1715732883446
1715732883523
1715732883721
1715732883954
1715732898001
1715732898362
1715732898463
1715732898648
1715732898746
1715732898926
1715732912988
1715732913266
1715732913417
1715732913485
1715732913663
1715732913818
1715732927973
1715732928266
1715732928416
1715732928501
1715732928660
1715732928796
1715732943088
1715732943374
1715732943522
1715732943594
1715732943804
1715732944060
1715732957966
1715732958253
1715732958376
1715732958444
1715732958611
1715732958768
1715732973086
1715732973358
1715732973502
1715732973574
1715732973747
1715732973885
1715732988126
1715732988498
1715732988690
1715732988769
1715732989076
1715732989171
1715733003021
1715733003317
1715733003454
1715733003527
1715733003699
1715733003835
1715733018101
1715733018386
1715733018539
1715733018616
1715733018782
1715733018993
1715733033134
1715733033309
1715733033448
1715733033513
1715733033691
1715733033844
1715733047988
1715733048291
1715733048426
1715733048490
1715733048661
1715733048846
1715733063017
1715733063301
1715733063436
1715733063513
1715733063688
1715733063828
1715733078078
1715733078362
1715733078499
1715733078575
1715733078747
1715733078862
1715733093020
1715733093310
1715733093449
1715733093526
1715733093702
1715733093839
1715733108040
1715733108322
1715733108459
1715733108536
1715733108702
1715733108829
1715733123080
1715733123365
1715733123498
1715733123572
1715733123749
1715733123901
1715733138125
1715733138457
1715733138574
1715733138646
1715733138842
1715733139014
1715733153099
1715733153401
1715733153517
1715733153599
1715733153780
1715733153908
1715733168112
1715733168416
1715733168535
1715733168610
1715733168781
1715733168915
1715733183037
1715733183342
1715733183480
1715733183559
1715733183729
1715733183837
1715733198112
1715733198425
1715733198564
1715733198640
1715733198806
1715733198966
1715733213150
1715733213455
1715733213585
1715733213656
1715733213830
1715733213952
1715733228118
1715733228381
1715733228533
1715733228607
1715733228844
1715733228990
1715733243042
1715733243325
1715733243472
1715733243538
1715733243706
1715733243860
1715733258093
1715733258434
1715733258556
1715733258627
1715733258781
1715733258941
1715733273063
1715733273371
1715733273510
1715733273581
1715733273760
1715733273936
1715733288192
1715733288484
1715733288630
1715733288711
1715733288883
1715733289034
1715733303218
1715733303560
1715733303729
1715733303825
1715733304079
1715733304213
1715733318096
1715733318382
1715733318522
1715733318597
1715733318773
1715733318886
1715733333317
1715733333522
1715733333620
1715733333858
1715733334067
1715733334255
1715733348204
1715733348476
1715733348615
1715733348689
1715733348856
1715733349025
1715733363146
1715733363456
1715733363599
1715733363675
1715733363838
1715733363949
1715733378227
1715733378488
1715733378643
1715733378718
1715733378916
1715733379133
1715733393215
1715733393487
1715733393616
1715733393691
1715733393757
1715733393925
1715733408232
1715733408564
1715733408667
1715733408743
1715733408911
1715733409051
1715733423209
1715733423496
1715733423619
1715733423688
1715733423883
1715733424088
1715733438255
1715733438527
1715733438669
1715733438747
1715733438915
1715733439076
1715733453147
1715733453457
1715733453584
1715733453652
1715733453827
1715733453987
1715733468226
1715733468559
1715733468683
1715733468757
1715733468988
1715733469136
1715733483214
1715733483498
1715733483634
1715733483711
1715733483890
1715733484042
1715733498133
1715733498408
1715733498551
1715733498629
1715733498798
1715733498937
1715733513214
1715733513499
1715733513650
1715733513722
1715733513900
1715733514043
1715733528276
1715733528628
1715733528728
1715733528901
1715733528999
1715733529098
1715733543207
1715733543464
1715733543598
1715733543671
1715733543850
1715733543988
1715733558258
1715733558534
1715733558679
1715733558764
1715733558933
1715733559104
1715733573304
1715733573601
1715733573726
1715733573803
1715733574040
1715733574147
1715733588219
1715733588494
1715733588615
1715733588706
1715733588775
1715733588931
1715733603347
1715733603651
1715733603795
1715733603864
1715733604105
1715733604268
1715733618344
1715733618678
1715733618797
1715733618870
1715733619123
1715733619265
1715733633282
1715733633607
1715733633720
1715733633799
1715733633997
1715733634086
1715733648240
1715733648544
1715733648687
1715733648760
1715733648939
1715733649062
1715733663336
1715733663629
1715733663781
1715733663858
1715733663921
1715733663993
1715733678238
1715733678596
1715733678707
1715733678895
1715733679038
1715733679196
1715733693273
1715733693558
1715733693652
1715733693762
1715733693831
1715733694092
1715733708300
1715733708595
1715733708734
1715733708818
1715733708986
1715733709106
1715733723254
1715733723564
1715733723705
1715733723777
1715733723937
1715733724053
1715733738232
1715733738514
1715733738661
1715733738737
1715733738913
1715733739073
1715733753348
1715733753719
1715733753821
1715733753902
1715733754112
1715733754257
1715733768285
1715733768567
1715733768665
1715733768761
1715733768826
1715733769040
1715733783309
1715733783626
1715733783769
1715733783844
1715733784013
1715733784130
1715733798418
1715733798680
1715733798829
1715733798903
1715733799095
1715733799227
1715733813350
1715733813643
1715733813782
1715733813855
1715733813931
1715733814094
1715733828493
1715733828664
1715733828813
1715733828893
1715733829064
1715733829233
1715733843364
1715733843636
1715733843777
1715733843854
1715733844027
1715733844170
1715733858334
1715733858622
1715733858745
1715733858831
1715733858993
1715733859117
1715733873318
1715733873613
1715733873765
1715733873841
1715733874018
1715733874165
1715733888388
1715733888751
1715733888853
1715733889038
1715733889157
1715733889362
1715733903446
1715733903596
1715733903715
1715733903797
1715733903976
1715733904074
1715733918350
1715733918654
1715733918790
1715733918861
1715733919043
1715733919149
1715733933402
1715733933671
1715733933818
1715733933893
1715733934117
1715733934347
1715733948473
1715733948818
1715733948917
1715733948987
1715733949197
1715733949416
1715733963345
1715733963630
1715733963778
1715733963857
1715733964023
1715733964206
1715733978355
1715733978649
1715733978774
1715733978849
1715733979024
1715733979129
1715733993416
1715733993691
1715733993836
1715733993922
1715733994096
1715733994302
1715734008377
1715734008716
1715734008819
1715734008998
1715734009170
1715734009316
1715734023472
1715734023771
1715734023921
1715734023993
1715734024199
1715734024315
1715734038329
1715734038602
1715734038744
1715734038816
1715734038984
1715734039152
1715734053415
1715734053685
1715734053815
1715734053891
1715734054067
1715734054223
1715734068413
1715734068697
1715734068843
1715734068916
1715734069096
1715734069239
1715734083337
1715734083618
1715734083780
1715734083852
1715734084009
1715734084120
1715734098386
1715734098731
1715734098830
1715734098908
1715734099086
1715734099277
1715734113501
1715734113788
1715734113920
1715734113999
1715734114176
1715734114306
1715734128464
1715734128740
1715734128888
1715734128964
1715734129136
1715734129298
1715734143441
1715734143719
1715734143879
1715734143947
1715734144179
1715734144432
1715734158462
1715734158757
1715734158898
1715734158984
1715734159192
1715734159358
1715734173400
1715734173760
1715734173870
1715734173943
1715734174099
1715734174240
1715734188455
1715734188736
1715734188883
1715734188953
1715734189121
1715734189223
1715734203492
1715734203781
1715734203929
1715734204000
1715734204174
1715734204300
1715734218431
1715734218719
1715734218866
1715734218946
1715734219114
1715734219236
1715734233543
1715734233746
1715734233833
1715734233999
1715734234119
1715734234332
1715734248458
1715734248743
1715734248889
1715734248969
1715734249203
1715734249405
1715734263480
1715734263755
1715734263899
1715734263970
1715734264042
1715734264317
1715734278571
1715734278903
1715734279022
1715734279093
1715734279347
1715734279536
1715734293545
1715734293845
1715734293996
1715734294069
1715734294279
1715734294514
1715734308475
1715734308829
1715734308944
1715734309128
1715734309264
1715734309431
1715734323485
1715734323772
1715734323931
1715734324008
1715734324233
1715734324431
1715734338492
1715734338791
1715734338928
1715734339006
1715734339177
1715734339286
1715734353383
1715734353686
1715734353821
1715734353891
1715734354056
1715734354150
1715734368546
1715734368879
1715734368988
1715734369053
1715734369258
1715734369468
1715734383575
1715734383898
1715734384027
1715734384099
1715734384264
1715734384537
1715734398506
1715734398854
1715734398967
1715734399046
1715734399215
1715734399364
1715734413529
1715734413888
1715734414008
1715734414088
1715734414288
1715734414505
1715734428578
1715734428866
1715734429011
1715734429096
1715734429332
1715734429583
1715734443572
1715734443853
1715734444013
1715734444088
1715734444254
1715734444428
1715734458581
1715734458871
1715734459007
1715734459088
1715734459261
1715734459401
1715734473598
1715734473858
1715734474005
1715734474072
1715734474142
1715734474329
1715734488538
1715734488826
1715734488982
1715734489053
1715734489228
1715734489406
1715734503585
1715734503885
1715734504031
1715734504108
1715734504279
1715734504485
1715734518542
1715734518895
1715734519023
1715734519093
1715734519314
1715734519504
1715734533744
1715734533921
1715734534029
1715734534103
1715734534315
1715734534535
1715734548498
1715734548799
1715734548936
1715734549021
1715734549250
1715734549456
1715734563619
1715734563902
1715734564043
1715734564116
1715734564291
1715734564456
1715734578550
1715734578850
1715734578990
1715734579061
1715734579266
1715734579359
1715734593561
1715734593841
1715734593988
1715734594059
1715734594296
1715734594496
1715734608695
1715734609031
1715734609125
1715734609196
1715734609382
1715734609504
1715734623684
1715734623959
1715734624109
1715734624183
1715734624355
1715734624505
1715734638582
1715734638938
1715734639035
1715734639111
1715734639292
1715734639519
1715734653683
1715734653988
1715734654134
1715734654209
1715734654400
1715734654650
1715734668664
1715734668834
1715734668974
1715734669045
1715734669219
1715734669386
1715734683651
1715734684014
1715734684127
1715734684187
1715734684352
1715734684477
1715734698691
1715734698995
1715734699141
1715734699218
1715734699441
1715734699640
1715734713593
1715734713901
1715734714046
1715734714119
1715734714286
1715734714434
1715734728582
1715734728856
1715734729010
1715734729082
1715734729256
1715734729492
1715734743758
1715734744054
1715734744188
1715734744264
1715734744430
1715734744573
1715734758604
1715734758919
1715734759059
1715734759134
1715734759305
1715734759480
1715734773563
1715734773867
1715734774000
1715734774080
1715734774149
1715734774353
1715734788708
1715734788997
1715734789117
1715734789188
1715734789354
1715734789469
1715734803754
1715734804027
1715734804160
1715734804243
1715734804422
1715734804580
1715734818671
1715734818952
1715734819068
1715734819165
1715734819339
1715734819516
1715734833774
1715734833986
1715734834122
1715734834193
1715734834358
1715734834544
1715734848658
1715734849000
1715734849104
1715734849285
1715734849430
1715734849619
1715734863662
1715734863995
1715734864126
1715734864306
1715734864413
1715734864617
1715734878717
1715734879048
1715734879166
1715734879243
1715734879411
1715734879563
1715734893721
1715734894072
1715734894192
1715734894370
1715734894480
1715734894746
1715734908732
1715734909080
1715734909191
1715734909260
1715734909420
1715734909560
1715734923770
1715734924061
1715734924224
1715734924293
1715734924508
1715734924661
1715734938677
1715734938950
1715734939073
1715734939160
1715734939231
1715734939436
1715734953684
1715734953955
1715734954103
1715734954176
1715734954341
1715734954473
1715734968728
1715734969022
1715734969188
1715734969265
1715734969515
1715734969716
1715734983762
1715734984041
1715734984187
1715734984259
1715734984437
1715734984637
1715734998754
1715734999115
1715734999226
1715734999295
1715734999500
1715734999685
1715735013757
1715735014050
1715735014209
1715735014282
1715735014501
1715735014662
1715735028807
1715735029077
1715735029214
1715735029296
1715735029464
1715735029634
1715735043859
1715735044148
1715735044295
1715735044378
1715735044593
1715735044723
1715735058858
1715735059179
1715735059310
1715735059388
1715735059562
1715735059712
1715735073853
1715735074146
1715735074272
1715735074346
1715735074519
1715735074652
1715735088774
1715735089160
1715735089272
1715735089347
1715735089610
1715735089793
1715735103898
1715735104179
1715735104322
1715735104400
1715735104579
1715735104736
1715735118773
1715735119063
1715735119213
1715735119288
1715735119456
1715735119604
1715735134024
1715735134226
1715735134308
1715735134543
1715735134735
1715735134966
1715735148827
1715735149186
1715735149301
1715735149372
1715735149572
1715735149678
1715735163821
1715735164117
1715735164272
1715735164341
1715735164517
1715735164767
1715735178789
1715735179084
1715735179235
1715735179309
1715735179486
1715735179634
1715735193940
1715735194262
1715735194376
1715735194555
1715735194698
1715735194813
1715735208895
1715735209170
1715735209307
1715735209389
1715735209582
1715735209776
1715735223787
1715735224121
1715735224246
1715735224316
1715735224542
1715735224729
1715735238870
1715735239166
1715735239299
1715735239381
1715735239567
1715735239733
1715735253810
1715735254079
1715735254227
1715735254308
1715735254524
1715735254752
1715735268917
1715735269109
1715735269223
1715735269303
1715735269468
1715735269606
1715735283836
1715735284138
1715735284260
1715735284331
1715735284504
1715735284658
1715735298865
1715735299173
1715735299315
1715735299387
1715735299648
1715735299824
1715735313812
1715735314097
1715735314235
1715735314316
1715735314548
1715735314750
1715735328863
1715735329210
1715735329327
1715735329508
1715735329660
1715735329867
1715735343885
1715735344163
1715735344319
1715735344387
1715735344576
1715735344756
1715735358882
1715735359261
1715735359359
1715735359539
1715735359693
1715735359890
1715735373876
1715735374151
1715735374299
1715735374373
1715735374546
1715735374716
1715735388808
1715735389163
1715735389283
1715735389355
1715735389554
1715735389708
1715735403905
1715735404179
1715735404334
1715735404407
1715735404644
1715735404845
1715735418913
1715735419202
1715735419337
1715735419418
1715735419582
1715735419732
1715735434009
1715735434222
1715735434344
1715735434421
1715735434632
1715735434733
1715735448954
1715735449251
1715735449390
1715735449461
1715735449632
1715735449740
1715735463998
1715735464271
1715735464405
1715735464481
1715735464656
1715735464799
1715735478970
1715735479321
1715735479421
1715735479589
1715735479689
1715735479814
1715735493908
1715735494186
1715735494336
1715735494416
1715735494588
1715735494804
1715735509025
1715735509301
1715735509457
1715735509534
1715735509706
1715735509861
1715735524067
1715735524366
1715735524495
1715735524567
1715735524730
1715735524895
1715735538975
1715735539347
1715735539449
1715735539629
1715735539739
1715735539991
1715735554030
1715735554387
1715735554485
1715735554661
1715735554805
1715735555021
1715735568953
1715735569310
1715735569423
1715735569601
1715735569744
1715735569952
1715735584021
1715735584304
1715735584444
1715735584531
1715735584607
1715735584814
1715735598980
1715735599250
1715735599395
1715735599464
1715735599640
1715735599791
1715735614035
1715735614312
1715735614440
1715735614536
1715735614602
1715735614760
1715735629033
1715735629330
1715735629459
1715735629532
1715735629707
1715735629868
1715735644068
1715735644361
1715735644517
1715735644605
1715735644819
1715735645059
1715735658922
1715735659292
1715735659387
1715735659466
1715735659654
1715735659906
1715735673954
1715735674238
1715735674379
1715735674454
1715735674624
1715735674748
1715735688993
1715735689281
1715735689424
1715735689502
1715735689738
1715735689861
1715735703957
1715735704257
1715735704405
1715735704477
1715735704657
1715735704835
1715735719089
1715735719359
1715735719517
1715735719591
1715735719835
1715735720018
1715735734164
1715735734332
1715735734493
1715735734565
1715735734736
1715735734866
1715735749104
1715735749287
1715735749420
1715735749488
1715735749661
1715735749780
1715735764059
1715735764382
1715735764489
1715735764560
1715735764717
1715735764859
1715735778972
1715735779248
1715735779407
1715735779492
1715735779693
1715735779808
1715735793872
1715735794145
1715735794292
1715735794367
1715735794529
1715735794669
1715735808942
1715735809227
1715735809374
1715735809451
1715735809629
1715735809802
1715735824100
1715735824375
1715735824524
1715735824603
1715735824833
1715735824936
1715735838998
1715735839298
1715735839415
1715735839487
1715735839659
1715735839776
1715735853945
1715735854301
1715735854419
1715735854496
1715735854724
1715735854951
1715735869071
1715735869372
1715735869515
1715735869592
1715735869759
1715735869979
1715735884054
1715735884333
1715735884475
1715735884551
1715735884719
1715735884827
1715735899018
1715735899289
1715735899453
1715735899530
1715735899760
1715735899969
1715735914090
1715735914405
1715735914542
1715735914615
1715735914777
1715735914921
1715735929044
1715735929334
1715735929480
1715735929554
1715735929732
1715735929898
1715735944058
1715735944412
1715735944529
1715735944603
1715735944844
1715735945065
1715735959064
1715735959376
1715735959524
1715735959606
1715735959775
1715735959961
1715735974057
1715735974364
1715735974504
1715735974575
1715735974735
1715735974900
1715735989154
1715735989482
1715735989612
1715735989683
1715735989896
1715735990103
1715736004087
1715736004389
1715736004501
1715736004587
1715736004773
1715736004922
1715736019140
1715736019442
1715736019590
1715736019661
1715736019875
1715736020091
1715736034301
1715736034477
1715736034574
1715736034758
1715736034936
1715736035192
1715736049301
1715736049586
1715736049701
1715736049788
1715736049848
1715736050008
1715736064078
1715736064365
1715736064510
1715736064590
1715736064801
1715736064926
1715736079106
1715736079452
1715736079552
1715736079727
1715736079875
1715736080010
1715736094235
1715736094506
1715736094654
1715736094731
1715736094907
1715736095055
1715736109075
1715736109376
1715736109492
1715736109568
1715736109747
1715736109885
1715736124100
1715736124387
1715736124564
1715736124633
1715736124831
1715736124981
1715736139334
1715736139575
1715736139689
1715736139761
1715736139995
1715736140172
1715736154222
1715736154572
1715736154670
1715736154850
1715736154975
1715736155154
1715736169126
1715736169413
1715736169546
1715736169620
1715736169802
1715736169943
1715736184169
1715736184523
1715736184625
1715736184807
1715736184957
1715736185154
1715736199182
1715736199476
1715736199615
1715736199690
1715736199950
1715736200149
1715736214109
1715736214417
1715736214550
1715736214619
1715736214854
1715736215034
1715736229204
1715736229467
1715736229615
1715736229685
1715736229945
1715736230094
1715736244171
1715736244504
1715736244614
1715736244690
1715736244850
1715736244994
1715736259163
1715736259471
1715736259612
1715736259692
1715736259920
1715736260117
1715736274207
1715736274493
1715736274613
1715736274704
1715736274870
1715736275014
1715736289209
1715736289495
1715736289650
1715736289728
1715736289904
1715736290054
1715736304224
1715736304591
1715736304688
1715736304760
1715736304985
1715736305170
1715736319249
1715736319609
1715736319724
1715736319905
1715736320050
1715736320258
1715736334308
1715736334459
1715736334589
1715736334661
1715736334735
1715736334982
1715736349182
1715736349454
1715736349601
1715736349678
1715736349852
1715736349998
1715736364290
1715736364572
1715736364707
1715736364783
1715736364952
1715736365085
1715736379254
1715736379521
1715736379672
1715736379747
1715736379967
1715736380071
1715736394256
1715736394525
1715736394678
1715736394754
1715736394983
1715736395097
1715736409210
1715736409521
1715736409675
1715736409754
1715736409999
1715736410207
1715736424173
1715736424490
1715736424631
1715736424708
1715736424875
1715736425016
1715736439296
1715736439597
1715736439746
1715736439825
1715736440032
1715736440279
1715736454257
1715736454550
1715736454699
1715736454775
1715736454953
1715736455090
1715736469154
1715736469443
1715736469580
1715736469655
1715736469829
1715736470031
1715736484303
1715736484576
1715736484719
1715736484793
1715736484964
1715736485104
1715736499321
1715736499607
1715736499749
1715736499826
1715736500061
1715736500228
1715736514270
1715736514618
1715736514729
1715736514915
1715736515002
1715736515255
1715736529288
1715736529573
1715736529727
1715736529799
1715736530062
1715736530196
1715736544342
1715736544625
1715736544769
1715736544844
1715736545015
1715736545136
1715736559266
1715736559581
1715736559755
1715736559831
1715736559994
1715736560158
1715736574356
1715736574641
1715736574778
1715736574855
1715736575022
1715736575145
1715736589349
1715736589644
1715736589800
1715736589874
1715736590089
1715736590208
1715736604286
1715736604561
1715736604692
1715736604778
1715736604843
1715736605084
1715736619261
1715736619622
1715736619739
1715736619807
1715736619968
1715736620103
1715736634613
1715736634793
1715736634874
1715736635078
1715736635316
1715736635544
1715736649314
1715736649602
1715736649738
1715736649809
1715736650027
1715736650172
1715736664258
1715736664546
1715736664691
1715736664765
1715736664984
1715736665139
1715736679365
1715736679709
1715736679823
1715736679890
1715736680082
1715736680266
1715736694374
1715736694647
1715736694784
1715736694863
1715736695043
1715736695179
1715736709250
1715736709535
1715736709660
1715736709736
1715736709914
1715736710059
1715736724367
1715736724653
1715736724806
1715736724883
1715736725057
1715736725195
1715736739391
1715736739679
1715736739825
1715736739896
1715736740069
1715736740217
1715736754162
1715736754474
1715736754597
1715736754670
1715736754842
1715736754968
1715736769340
1715736769651
1715736769798
1715736769862
1715736770027
1715736770168
1715736784315
1715736784609
1715736784751
1715736784822
1715736785002
1715736785271
1715736799346
1715736799635
1715736799789
1715736799863
1715736800041
1715736800191
1715736814367
1715736814657
1715736814796
1715736814883
1715736814955
1715736815187
1715736829342
1715736829689
1715736829808
1715736829985
1715736830111
1715736830348
1715736844351
1715736844635
1715736844773
1715736844852
1715736845025
1715736845163
1715736859398
1715736859703
1715736859844
1715736859918
1715736860091
1715736860230
1715736874327
1715736874634
1715736874763
1715736874839
1715736875003
1715736875147
1715736889386
1715736889657
1715736889804
1715736889891
1715736890065
1715736890325
1715736904488
1715736904779
1715736904914
1715736904995
1715736905168
1715736905316
1715736919377
1715736919659
1715736919807
1715736919882
1715736920053
1715736920221
1715736934492
1715736934684
1715736934814
1715736934886
1715736935106
1715736935278
1715736949378
1715736949748
1715736949845
1715736949915
1715736950110
1715736950273
1715736964378
1715736964678
1715736964825
1715736964904
1715736965174
1715736965338
1715736979411
1715736979794
1715736979887
1715736980061
1715736980175
1715736980270
1715736994485
1715736994832
1715736994948
1715736995120
1715736995248
1715736995439
1715737009420
1715737009694
1715737009831
1715737009911
1715737010086
1715737010256
1715737024459
1715737024790
1715737024891
1715737025063
1715737025200
1715737025341
1715737039463
1715737039766
1715737039901
1715737039977
1715737040151
1715737040401
1715737054399
1715737054690
1715737054817
1715737054906
1715737055067
1715737055201
1715737069430
1715737069787
1715737069903
1715737070079
1715737070247
1715737070375
1715737084509
1715737084789
1715737084924
1715737085008
1715737085185
1715737085332
1715737099457
1715737099764
1715737099892
1715737099967
1715737100146
1715737100320
1715737114617
1715737114804
1715737114938
1715737115009
1715737115221
1715737115412
1715737129568
1715737129844
1715737129954
1715737130047
1715737130227
1715737130337
1715737144444
1715737144813
1715737144926
1715737144992
1715737145228
1715737145430
1715737159434
1715737159713
1715737159874
1715737159949
1715737160120
1715737160280
1715737174501
1715737174795
1715737174937
1715737175011
1715737175178
1715737175295
1715737189449
1715737189746
1715737189884
1715737189958
1715737190138
1715737190295
1715737204477
1715737204762
1715737204896
1715737204967
1715737205145
1715737205330
1715737219575
1715737219890
1715737220020
1715737220093
1715737220271
1715737220391
1715737234776
1715737235002
1715737235083
1715737235242
1715737235449
1715737235690
1715737249541
1715737249898
1715737250005
1715737250080
1715737250239
1715737250406
1715737264566
1715737264880
1715737265018
1715737265089
1715737265267
1715737265408
1715737279497
1715737279853
1715737279955
1715737280025
1715737280221
1715737280413
1715737294641
1715737294825
1715737294984
1715737295052
1715737295230
1715737295404
1715737309646
1715737309829
1715737309975
1715737310047
1715737310280
1715737310394
1715737324568
1715737324858
1715737325011
1715737325086
1715737325288
1715737325499
1715737339516
1715737339829
1715737339980
1715737340053
1715737340213
1715737340352
1715737354653
1715737354980
1715737355102
1715737355164
1715737355341
1715737355494
1715737369570
1715737369859
1715737370006
1715737370081
1715737370316
1715737370497
1715737384503
1715737384785
1715737384924
1715737385005
1715737385073
1715737385292
1715737399671
1715737399959
1715737400109
1715737400188
1715737400435
1715737400610
1715737414616
1715737414923
1715737415047
1715737415122
1715737415198
1715737415399
1715737429566
1715737429838
1715737429983
1715737430055
1715737430224
1715737430385
1715737444580
1715737444940
1715737445039
1715737445111
1715737445317
1715737445545
1715737459632
1715737459931
1715737460078
1715737460153
1715737460319
1715737460452
1715737474605
1715737474963
1715737475077
1715737475146
1715737475302
1715737475476
1715737489617
1715737489933
1715737490053
1715737490140
1715737490315
1715737490451
1715737504659
1715737504926
1715737505075
1715737505153
1715737505327
1715737505475
1715737519653
1715737519932
1715737520075
1715737520144
1715737520322
1715737520486
1715737534799
1715737534941
1715737535076
1715737535166
1715737535244
1715737535502
1715737549648
1715737549936
1715737550073
1715737550146
1715737550326
1715737550438
1715737564693
1715737564990
1715737565137
1715737565213
1715737565379
1715737565523
1715737579657
1715737579940
1715737580076
1715737580155
1715737580320
1715737580430
1715737594580
1715737594951
1715737595045
1715737595233
1715737595350
1715737595561
1715737609686
1715737609983
1715737610098
1715737610188
1715737610408
1715737610538
1715737624644
1715737624930
1715737625066
1715737625150
1715737625323
1715737625489
1715737639643
1715737639957
1715737640084
1715737640162
1715737640384
1715737640654
1715737654665
1715737655110
1715737655277
1715737655353
1715737655672
1715737655797
1715737669650
1715737669953
1715737670076
1715737670137
1715737670348
1715737670438
1715737684605
1715737684898
1715737685035
1715737685117
1715737685290
1715737685439
1715737699601
1715737699877
1715737699999
1715737700090
1715737700159
1715737700416
1715737714677
1715737714995
1715737715143
1715737715213
1715737715408
1715737715560
1715737729603
1715737729911
1715737730064
1715737730140
1715737730317
1715737730445
1715737744650
1715737744932
1715737745080
1715737745173
1715737745429
1715737745629
1715737759734
1715737760041
1715737760172
1715737760251
1715737760421
1715737760573
1715737774684
1715737774982
1715737775125
1715737775204
1715737775383
1715737775553
1715737789710
1715737789992
1715737790130
1715737790204
1715737790374
1715737790519
1715737804781
1715737805077
1715737805208
1715737805287
1715737805456
1715737805591
1715737819635
1715737819923
1715737820067
1715737820143
1715737820375
1715737820465
1715737834849
1715737835073
1715737835165
1715737835339
1715737835483
1715737835682
1715737849739
1715737850028
1715737850147
1715737850220
1715737850295
1715737850496
1715737864706
1715737865004
1715737865169
1715737865244
1715737865421
1715737865566
1715737879777
1715737880027
1715737880152
1715737880244
1715737880313
1715737880484
1715737894815
1715737895112
1715737895267
1715737895344
1715737895516
1715737895719
1715737909737
1715737910043
1715737910183
1715737910260
1715737910431
1715737910659
1715737924747
1715737925099
1715737925203
1715737925277
1715737925488
1715737925706
1715737939861
1715737940162
1715737940307
1715737940395
1715737940640
1715737940828
1715737954722
1715737955010
1715737955148
1715737955223
1715737955298
1715737955525
1715737969778
1715737970047
1715737970144
1715737970329
1715737970462
1715737970683
1715737984819
1715737985129
1715737985287
1715737985364
1715737985529
1715737985679
1715737999700
1715737999990
1715738000134
1715738000213
1715738000413
1715738000591
1715738014841
1715738015146
1715738015262
1715738015335
1715738015512
1715738015649
1715738029872
1715738030176
1715738030312
1715738030395
1715738030611
1715738030717
1715738044764
1715738045068
1715738045190
1715738045259
1715738045330
1715738045506
1715738059879
1715738060162
1715738060298
1715738060374
1715738060552
1715738060672
1715738074808
1715738075112
1715738075231
1715738075307
1715738075468
1715738075602
1715738089728
1715738090012
1715738090159
1715738090231
1715738090406
1715738090554
1715738104793
1715738105082
1715738105220
1715738105297
1715738105532
1715738105686
1715738119887
1715738120236
1715738120351
1715738120527
1715738120593
1715738120749
1715738135042
1715738135251
1715738135340
1715738135515
1715738135636
1715738135871
1715738149883
1715738150238
1715738150342
1715738150413
1715738150609
1715738150862
1715738164929
1715738165235
1715738165377
1715738165456
1715738165691
1715738165925
1715738179890
1715738180254
1715738180378
1715738180453
1715738180641
1715738180744
1715738194900
1715738195235
1715738195345
1715738195413
1715738195583
1715738195704
1715738209937
1715738210228
1715738210365
1715738210437
1715738210613
1715738210770
1715738224851
1715738225131
1715738225268
1715738225344
1715738225521
1715738225644
1715738239826
1715738240120
1715738240268
1715738240346
1715738240516
1715738240687
1715738254855
1715738255159
1715738255310
1715738255378
1715738255593
1715738255698
1715738269840
1715738270202
1715738270314
1715738270376
1715738270537
1715738270686
1715738284851
1715738285166
1715738285320
1715738285389
1715738285570
1715738285843
1715738299879
1715738300177
1715738300342
1715738300418
1715738300601
1715738300742
1715738314879
1715738315222
1715738315426
1715738315516
1715738315780
1715738315900
1715738329919
1715738330246
1715738330386
1715738330450
1715738330616
1715738330760
1715738344942
1715738345257
1715738345394
1715738345464
1715738345662
1715738345759
1715738359978
1715738360228
1715738360389
1715738360477
1715738360649
1715738360798
1715738374975
1715738375334
1715738375449
1715738375621
1715738375755
1715738376001
1715738389921
1715738390286
1715738390414
1715738390591
1715738390758
1715738390945
1715738404936
1715738405258
1715738405369
1715738405439
1715738405687
1715738405913
1715738419914
1715738420217
1715738420356
1715738420447
1715738420669
1715738420860
1715738435102
1715738435365
1715738435456
1715738435636
1715738435790
1715738435974
1715738449764
1715738450068
1715738450219
1715738450293
1715738450462
1715738450621
1715738464957
1715738465243
1715738465379
1715738465461
1715738465630
1715738465748
1715738479939
1715738480313
1715738480423
1715738480599
1715738480675
1715738480846
1715738494883
1715738495169
1715738495309
1715738495393
1715738495560
1715738495662
1715738509942
1715738510298
1715738510413
1715738510489
1715738510714
1715738510904
1715738525018
1715738525304
1715738525456
1715738525538
1715738525748
1715738525981
1715738540008
1715738540289
1715738540441
1715738540516
1715738540682
1715738540844
1715738554969
1715738555334
1715738555434
1715738555610
1715738555758
1715738555921
1715738570006
1715738570287
1715738570429
1715738570502
1715738570574
1715738570838
1715738585013
1715738585372
1715738585470
1715738585645
1715738585780
1715738585980
1715738599963
1715738600335
1715738600439
1715738600520
1715738600588
1715738600854
1715738615035
1715738615302
1715738615453
1715738615525
1715738615701
1715738615868
1715738630075
1715738630369
1715738630518
1715738630588
1715738630760
1715738630927
1715738645006
1715738645297
1715738645421
1715738645498
1715738645672
1715738645850
1715738660072
1715738660375
1715738660498
1715738660571
1715738660645
1715738660712
1715738675036
1715738675312
1715738675462
1715738675531
1715738675701
1715738675839
1715738690069
1715738690427
1715738690519
1715738690700
1715738690847
1715738691022
1715738705047
1715738705341
1715738705486
1715738705562
1715738705740
1715738705883
1715738720044
1715738720346
1715738720491
1715738720576
1715738720818
1715738721038
1715738735202
1715738735380
1715738735504
1715738735579
1715738735759
1715738736006
1715738750054
1715738750341
1715738750490
1715738750567
1715738750745
1715738750908
1715738765050
1715738765338
1715738765455
1715738765538
1715738765733
1715738765968
1715738780043
1715738780364
1715738780511
1715738780595
1715738780766
1715738780920
1715738795048
1715738795356
1715738795498
1715738795573
1715738795742
1715738795871
1715738810042
1715738810328
1715738810477
1715738810549
1715738810720
1715738810881
1715738825101
1715738825368
1715738825512
1715738825577
1715738825749
1715738825894
1715738840132
1715738840430
1715738840578
1715738840657
1715738840827
1715738840945
1715738855088
1715738855373
1715738855477
1715738855568
1715738855634
1715738855789
1715738870086
1715738870383
1715738870514
1715738870594
1715738870800
1715738870926
1715738885112
1715738885404
1715738885552
1715738885630
1715738885805
1715738885989
1715738900119
1715738900494
1715738900608
1715738900682
1715738900884
1715738901049
1715738915202
1715738915388
1715738915541
1715738915620
1715738915830
1715738915950
1715738930241
1715738930523
1715738930654
1715738930729
1715738930907
1715738931064
1715738945089
1715738945381
1715738945527
1715738945601
1715738945822
1715738946017
1715738960137
1715738960423
1715738960567
1715738960640
1715738960816
1715738960931
1715738975239
1715738975414
1715738975542
1715738975617
1715738975689
1715738975869
1715738990036
1715738990389
1715738990505
1715738990575
1715738990757
1715738990988
1715739005188
1715739005491
1715739005651
1715739005734
1715739005964
1715739006092
1715739020149
1715739020474
1715739020600
1715739020680
1715739020922
1715739021090
1715739035255
1715739035426
1715739035565
1715739035638
1715739035812
1715739035955
1715739050167
1715739050525
1715739050633
1715739050822
1715739050968
1715739051115
1715739065146
1715739065511
1715739065611
1715739065788
1715739065924
1715739066104
1715739080136
1715739080415
1715739080525
1715739080611
1715739080685
1715739080900
1715739095214
1715739095497
1715739095635
1715739095713
1715739095881
1715739096038
1715739110264
1715739110551
1715739110708
1715739110783
1715739111008
1715739111221
1715739125228
1715739125522
1715739125669
1715739125739
1715739125919
1715739126114
1715739140228
1715739140586
1715739140709
1715739140891
1715739141008
1715739141227
1715739155206
1715739155557
1715739155663
1715739155845
1715739155983
1715739156166
1715739170218
1715739170510
1715739170659
1715739170744
1715739170953
1715739171093
1715739185234
1715739185615
1715739185758
1715739185857
1715739186122
1715739186246
1715739200235
1715739200567
1715739200685
1715739200758
1715739200938
1715739201078
1715739215176
1715739215473
1715739215617
1715739215695
1715739215901
1715739216037
1715739230151
1715739230448
1715739230576
1715739230653
1715739230729
1715739230930
1715739245181
1715739245481
1715739245638
1715739245709
1715739245886
1715739246053
1715739260205
1715739260512
1715739260645
1715739260720
1715739260887
1715739261026
1715739275344
1715739275630
1715739275782
1715739275851
1715739276021
1715739276210
1715739290223
1715739290504
1715739290652
1715739290728
1715739290906
1715739291049
1715739305251
1715739305523
1715739305678
1715739305755
1715739306007
1715739306173
1715739320331
1715739320610
1715739320757
1715739320837
1715739321011
1715739321188
1715739335501
1715739335729
1715739335814
1715739335982
1715739336129
1715739336313
1715739350240
1715739350518
1715739350654
1715739350732
1715739350911
1715739351056
1715739365284
1715739365567
1715739365711
1715739365790
1715739365966
1715739366134
1715739380337
1715739380699
1715739380802
1715739380878
1715739381075
1715739381329
1715739395295
1715739395591
1715739395728
1715739395808
1715739396053
1715739396240
1715739410300
1715739410626
1715739410757
1715739410833
1715739411023
1715739411246
1715739425297
1715739425664
1715739425762
1715739425939
1715739426061
1715739426229
1715739440354
1715739440639
1715739440786
1715739440871
1715739441107
1715739441293
1715739455306
1715739455593
1715739455730
1715739455822
1715739456003
1715739456158
1715739470382
1715739470673
1715739470823
1715739470899
1715739471125
1715739471310
1715739485324
1715739485605
1715739485754
1715739485827
1715739485991
1715739486125
1715739500314
1715739500629
1715739500768
1715739500842
1715739501081
1715739501306
1715739515430
1715739515712
1715739515860
1715739515936
1715739516113
1715739516229
1715739530349
1715739530622
1715739530757
1715739530833
1715739530907
1715739531156
1715739545497
1715739545676
1715739545821
1715739545903
1715739546070
1715739546305
1715739560412
1715739560705
1715739560841
1715739560922
1715739561100
1715739561239
1715739575381
1715739575716
1715739575829
1715739575911
1715739576086
1715739576208
1715739590351
1715739590639
1715739590799
1715739590870
1715739591030
1715739591175
1715739605702
1715739605954
1715739606036
1715739606203
1715739606319
1715739606532
1715739620371
1715739620679
1715739620810
1715739620881
1715739621066
1715739621212
1715739635393
1715739635660
1715739635771
1715739635870
1715739636034
1715739636130
1715739650374
1715739650682
1715739650807
1715739650879
1715739651056
1715739651209
1715739665423
1715739665700
1715739665850
1715739665931
1715739666117
1715739666261
1715739680422
1715739680759
1715739680874
1715739680944
1715739681134
1715739681287
1715739695531
1715739695839
1715739695992
1715739696063
1715739696347
1715739696548
1715739710401
1715739710740
1715739710861
1715739710937
1715739711129
1715739711290
1715739725412
1715739725713
1715739725844
1715739725916
1715739726097
1715739726259
1715739740451
1715739740742
1715739740899
1715739740969
1715739741146
1715739741286
1715739755395
1715739755692
1715739755840
1715739755919
1715739756094
1715739756232
1715739770387
1715739770692
1715739770830
1715739770906
1715739771066
1715739771223
1715739785488
1715739785778
1715739785927
1715739786005
1715739786173
1715739786292
1715739800515
1715739800851
1715739800982
1715739801052
1715739801214
1715739801371
1715739815449
1715739815754
1715739815875
1715739815946
1715739816122
1715739816237
1715739830455
1715739830747
1715739830890
1715739830964
1715739831149
1715739831251
1715739845467
1715739845794
1715739845920
1715739845996
1715739846148
1715739846297
1715739860473
1715739860753
1715739860903
1715739860979
1715739861147
1715739861326
1715739875471
1715739875757
1715739875892
1715739875972
1715739876139
1715739876303
1715739890390
1715739890690
1715739890838
1715739890915
1715739891080
1715739891258
1715739905443
1715739905758
1715739905905
1715739905970
1715739906137
1715739906333
1715739920511
1715739920800
1715739920964
1715739921041
1715739921293
1715739921505
1715739935694
1715739935868
1715739936001
1715739936067
1715739936237
1715739936388
1715739950538
1715739950880
1715739950983
1715739951157
1715739951270
1715739951410
1715739965558
1715739965849
1715739965994
1715739966069
1715739966308
1715739966468
1715739980502
1715739980831
1715739980965
1715739981026
1715739981190
1715739981349
1715739995483
1715739995755
1715739995896
1715739995982
1715739996144
1715739996287
1715740010485
1715740010777
1715740010929
1715740011016
1715740011233
1715740011476
1715740025455
1715740025752
1715740025882
1715740025960
1715740026126
1715740026262
1715740040471
1715740040755
1715740040910
1715740040987
1715740041253
1715740041440
1715740055502
1715740055837
1715740055954
1715740056022
1715740056189
1715740056308
1715740070502
1715740070805
1715740070952
1715740071039
1715740071271
1715740071494
1715740085539
1715740085829
1715740085982
1715740086060
1715740086275
1715740086496
1715740100625
1715740100906
1715740101067
1715740101146
1715740101322
1715740101552
1715740115576
1715740115871
1715740116012
1715740116088
1715740116160
1715740116342
1715740130551
1715740130906
1715740131004
1715740131182
1715740131328
1715740131557
1715740145594
1715740145887
1715740146036
1715740146111
1715740146269
1715740146515
1715740160641
1715740161001
1715740161102
1715740161185
1715740161423
1715740161567
1715740175546
1715740175845
1715740175976
1715740176048
1715740176221
1715740176379
1715740190586
1715740190864
1715740191009
1715740191083
1715740191259
1715740191409
1715740205596
1715740205948
1715740206068
1715740206251
1715740206425
1715740206720
1715740220633
1715740220936
1715740221072
1715740221142
1715740221370
1715740221513
1715740235842
1715740236058
1715740236151
1715740236326
1715740236511
1715740236682
1715740250627
1715740250954
1715740251086
1715740251160
1715740251382
1715740251569
1715740265586
1715740265891
1715740266025
1715740266094
1715740266167
1715740266333
1715740280692
1715740280975
1715740281108
1715740281183
1715740281381
1715740281513
1715740295542
1715740295829
1715740295948
1715740296025
1715740296191
1715740296344
1715740310718
1715740310986
1715740311133
1715740311215
1715740311424
1715740311662
1715740325702
1715740325989
1715740326131
1715740326210
1715740326378
1715740326512
1715740340713
1715740341017
1715740341157
1715740341240
1715740341425
1715740341578
1715740355655
1715740355939
1715740356075
1715740356151
1715740356317
1715740356466
1715740370740
1715740371090
1715740371203
1715740371371
1715740371500
1715740371682
1715740385749
1715740386049
1715740386181
1715740386264
1715740386431
1715740386565
1715740400668
1715740400963
1715740401128
1715740401209
1715740401448
1715740401644
1715740415758
1715740416047
1715740416198
1715740416281
1715740416485
1715740416728
1715740430574
1715740430867
1715740430975
1715740431067
1715740431132
1715740431295
1715740445648
1715740445957
1715740446092
1715740446163
1715740446338
1715740446565
1715740460812
1715740461102
1715740461245
1715740461338
1715740461511
1715740461663
1715740475635
1715740475917
1715740476064
1715740476137
1715740476316
1715740476467
1715740490762
1715740491048
1715740491198
1715740491276
1715740491500
1715740491709
1715740505784
1715740506085
1715740506220
1715740506299
1715740506475
1715740506659
1715740520660
1715740520944
1715740521098
1715740521170
1715740521346
1715740521466
