1715725530798
1715725530990
1715725531104
1715725531257
1715725531456
1715725531569
1715725545424
1715725545610
1715725545728
1715725545899
1715725546025
1715725546177
1715725560679
1715725560837
1715725560948
1715725561154
1715725561294
1715725561544
1715725575493
1715725575652
1715725575787
1715725575989
1715725576113
1715725576273
1715725590585
1715725590721
1715725590829
1715725591006
1715725591128
1715725591302
1715725605637
1715725605748
1715725605864
1715725606040
1715725606158
1715725606309
1715725620626
1715725620758
1715725620881
1715725621048
1715725621174
1715725621335
1715725635478
1715725635702
1715725635782
1715725635961
1715725636062
1715725636216
1715725650646
1715725650841
1715725650924
1715725651112
1715725651221
1715725651436
1715725665664
1715725665848
1715725665965
1715725666135
1715725666249
1715725666344
1715725680601
1715725680708
1715725680821
1715725681017
1715725681131
1715725681278
1715725695686
1715725695835
1715725695954
1715725696127
1715725696254
1715725696434
1715725710531
1715725710666
1715725710765
1715725710946
1715725711054
1715725711191
1715725725603
1715725725725
1715725725845
1715725726013
1715725726130
1715725726275
1715725740703
1715725740810
1715725740928
1715725741105
1715725741202
1715725741364
1715725755610
1715725755762
1715725755867
1715725756068
1715725756248
1715725756484
1715725770667
1715725770835
1715725770946
1715725771153
1715725771285
1715725771449
1715725785799
1715725785913
1715725786016
1715725786184
1715725786290
1715725786411
1715725800715
1715725800882
1715725800961
1715725801140
1715725801260
1715725801486
1715725815720
1715725815868
1715725815970
1715725816124
1715725816246
1715725816429
1715725830774
1715725830902
1715725831005
1715725831166
1715725831304
1715725831448
1715725845681
1715725845890
1715725845983
1715725846180
1715725846283
1715725846485
1715725860681
1715725860872
1715725860953
1715725861113
1715725861237
1715725861375
1715725875772
1715725875889
1715725875999
1715725876175
1715725876309
1715725876465
1715725890702
1715725890840
1715725890928
1715725891113
1715725891228
1715725891361
1715725905714
1715725905826
1715725905943
1715725906110
1715725906241
1715725906392
1715725920793
1715725920909
1715725921013
1715725921183
1715725921292
1715725921472
1715725935735
1715725935845
1715725935962
1715725936130
1715725936253
1715725936441
1715725950677
1715725950857
1715725950973
1715725951189
1715725951327
1715725951542
1715725965854
1715725965990
1715725966095
1715725966261
1715725966363
1715725966524
1715725980703
1715725980878
1715725980991
1715725981197
1715725981359
1715725981610
1715725995700
1715725995811
1715725995919
1715725996086
1715725996174
1715725996360
1715726010822
1715726010957
1715726011070
1715726011238
1715726011357
1715726011486
1715726025788
1715726025938
1715726026019
1715726026185
1715726026277
1715726026399
1715726040755
1715726040947
1715726041055
1715726041260
1715726041373
1715726041641
1715726055856
1715726056043
1715726056125
1715726056292
1715726056472
1715726056686
1715726070811
1715726071005
1715726071081
1715726071273
1715726071374
1715726071507
1715726085818
1715726086002
1715726086075
1715726086235
1715726086357
1715726086545
1715726100900
1715726101022
1715726101130
1715726101335
1715726101439
1715726101582
1715726115838
1715726116024
1715726116109
1715726116265
1715726116404
1715726116647
1715726130665
1715726130771
1715726130887
1715726131063
1715726131195
1715726131461
1715726145812
1715726145976
1715726146155
1715726146248
1715726146400
1715726146618
1715726160787
1715726160886
1715726161014
1715726161191
1715726161311
1715726161450
1715726175755
1715726175981
1715726176059
1715726176215
1715726176369
1715726176471
1715726190825
1715726190975
1715726191115
1715726191291
1715726191424
1715726191610
1715726205825
1715726205991
1715726206175
1715726206317
1715726206436
1715726206663
1715726220800
1715726220991
1715726221067
1715726221249
1715726221326
1715726221511
1715726235831
1715726236075
1715726236157
1715726236333
1715726236522
1715726236765
1715726250730
1715726250833
1715726250956
1715726251121
1715726251251
1715726251348
1715726265886
1715726266055
1715726266139
1715726266298
1715726266430
1715726266576
1715726280964
1715726281079
1715726281195
1715726281359
1715726281502
1715726281696
1715726295762
1715726295921
1715726296057
1715726296260
1715726296398
1715726296642
1715726310786
1715726310955
1715726311060
1715726311238
1715726311326
1715726311464
1715726325854
1715726326012
1715726326140
1715726326303
1715726326410
1715726326538
1715726340816
1715726340949
1715726341054
1715726341243
1715726341409
1715726341670
1715726355796
1715726355921
1715726356026
1715726356200
1715726356300
1715726356462
1715726370899
1715726371079
1715726371160
1715726371366
1715726371501
1715726371674
1715726385837
1715726385944
1715726386061
1715726386274
1715726386376
1715726386499
1715726400883
1715726400991
1715726401107
1715726401276
1715726401413
1715726401614
1715726415845
1715726415977
1715726416076
1715726416163
1715726416368
1715726416528
1715726430914
1715726431056
1715726431246
1715726431392
1715726431584
1715726431771
1715726445889
1715726446086
1715726446168
1715726446345
1715726446497
1715726446764
1715726460920
1715726461035
1715726461150
1715726461309
1715726461414
1715726461581
1715726476002
1715726476109
1715726476230
1715726476305
1715726476466
1715726476578
1715726490954
1715726491139
1715726491221
1715726491404
1715726491520
1715726491721
1715726506019
1715726506170
1715726506279
1715726506448
1715726506580
1715726506817
1715726520929
1715726521077
1715726521174
1715726521341
1715726521468
1715726521616
1715726535891
1715726536085
1715726536190
1715726536390
1715726536504
1715726536687
1715726550987
1715726551093
1715726551206
1715726551368
1715726551475
1715726551606
1715726565888
1715726566012
1715726566131
1715726566204
1715726566391
1715726566546
1715726580936
1715726581046
1715726581154
1715726581316
1715726581403
1715726581485
1715726595994
1715726596131
1715726596257
1715726596458
1715726596556
1715726596673
1715726610891
1715726611076
1715726611183
1715726611362
1715726611503
1715726611639
1715726625968
1715726626145
1715726626320
1715726626420
1715726626552
1715726626741
1715726641037
1715726641187
1715726641289
1715726641488
1715726641637
1715726641818
1715726655971
1715726656128
1715726656306
1715726656443
1715726656565
1715726656763
1715726670914
1715726671142
1715726671222
1715726671382
1715726671504
1715726671681
1715726686044
1715726686192
1715726686309
1715726686488
1715726686632
1715726686738
1715726700908
1715726701015
1715726701127
1715726701305
1715726701423
1715726701524
1715726715991
1715726716126
1715726716241
1715726716410
1715726716520
1715726716687
1715726731092
1715726731235
1715726731409
1715726731531
1715726731625
1715726731900
1715726745886
1715726746110
1715726746203
1715726746359
1715726746515
1715726746738
1715726760937
1715726761083
1715726761193
1715726761366
1715726761493
1715726761675
1715726776095
1715726776230
1715726776328
1715726776530
1715726776661
1715726776875
1715726790983
1715726791119
1715726791232
1715726791409
1715726791558
1715726791752
1715726805945
1715726806084
1715726806194
1715726806369
1715726806494
1715726806612
1715726820969
1715726821133
1715726821222
1715726821313
1715726821583
1715726821718
1715726836012
1715726836170
1715726836348
1715726836489
1715726836677
1715726836809
1715726851001
1715726851112
1715726851229
1715726851432
1715726851600
1715726851830
1715726865963
1715726866099
1715726866199
1715726866272
1715726866444
1715726866559
1715726881004
1715726881176
1715726881281
1715726881457
1715726881584
1715726881723
1715726896058
1715726896243
1715726896318
1715726896476
1715726896601
1715726896809
1715726911030
1715726911188
1715726911309
1715726911481
1715726911612
1715726911725
1715726925876
1715726925979
1715726926107
1715726926276
1715726926375
1715726926487
1715726940960
1715726941090
1715726941166
1715726941252
1715726941431
1715726941562
1715726956042
1715726956217
1715726956321
1715726956488
1715726956620
1715726956797
1715726971002
1715726971151
1715726971268
1715726971439
1715726971557
1715726971764
1715726986038
1715726986148
1715726986255
1715726986432
1715726986572
1715726986683
1715727001172
1715727001276
1715727001397
1715727001556
1715727001657
1715727001782
1715727015989
1715727016094
1715727016206
1715727016373
1715727016495
1715727016648
1715727031035
1715727031201
1715727031307
1715727031469
1715727031585
1715727031728
1715727046051
1715727046227
1715727046335
1715727046535
1715727046636
1715727046771
1715727061000
1715727061152
1715727061261
1715727061439
1715727061546
1715727061701
1715727075952
1715727076155
1715727076262
1715727076440
1715727076633
1715727076790
1715727091198
1715727091325
1715727091427
1715727091606
1715727091733
1715727091898
1715727106101
1715727106276
1715727106359
1715727106537
1715727106738
1715727106965
1715727121066
1715727121204
1715727121310
1715727121488
1715727121624
1715727121758
1715727136144
1715727136301
1715727136403
1715727136570
1715727136665
1715727136787
1715727151172
1715727151291
1715727151403
1715727151576
1715727151680
1715727151797
1715727166127
1715727166263
1715727166363
1715727166536
1715727166657
1715727166799
1715727181133
1715727181320
1715727181498
1715727181595
1715727181714
1715727181960
1715727196064
1715727196242
1715727196359
1715727196544
1715727196685
1715727196844
1715727211161
1715727211361
1715727211471
1715727211651
1715727211747
1715727211923
1715727226185
1715727226328
1715727226446
1715727226610
1715727226734
1715727226852
1715727241189
1715727241320
1715727241434
1715727241602
1715727241754
1715727241918
1715727256153
1715727256314
1715727256499
1715727256597
1715727256745
1715727256960
1715727271161
1715727271383
1715727271466
1715727271668
1715727271774
1715727271924
1715727286097
1715727286255
1715727286388
1715727286560
1715727286702
1715727286836
1715727301203
1715727301358
1715727301446
1715727301609
1715727301719
1715727302025
1715727316242
1715727316365
1715727316484
1715727316661
1715727316781
1715727316920
1715727331149
1715727331275
1715727331400
1715727331593
1715727331725
1715727331961
1715727346161
1715727346292
1715727346391
1715727346566
1715727346684
1715727346886
1715727361233
1715727361383
1715727361456
1715727361635
1715727361792
1715727361988
1715727376146
1715727376264
1715727376389
1715727376566
1715727376677
1715727376814
1715727391177
1715727391315
1715727391426
1715727391602
1715727391705
1715727391867
1715727406182
1715727406343
1715727406450
1715727406615
1715727406743
1715727406912
1715727421252
1715727421412
1715727421524
1715727421697
1715727421815
1715727421966
1715727436204
1715727436309
1715727436419
1715727436586
1715727436697
1715727436789
1715727451268
1715727451420
1715727451532
1715727451705
1715727451865
1715727452018
1715727466304
1715727466433
1715727466548
1715727466759
1715727466943
1715727467165
1715727481259
1715727481426
1715727481504
1715727481661
1715727481763
1715727481896
1715727496310
1715727496416
1715727496532
1715727496694
1715727496781
1715727496963
1715727511239
1715727511355
1715727511465
1715727511674
1715727511790
1715727512062
1715727526284
1715727526440
1715727526522
1715727526689
1715727526815
1715727526972
1715727541314
1715727541416
1715727541531
1715727541708
1715727541830
1715727541950
1715727556175
1715727556368
1715727556474
1715727556684
1715727556838
1715727557018
1715727571227
1715727571323
1715727571443
1715727571618
1715727571748
1715727571873
1715727586321
1715727586453
1715727586571
1715727586745
1715727586881
1715727587016
1715727601184
1715727601282
1715727601419
1715727601595
1715727601693
1715727601811
1715727616294
1715727616408
1715727616530
1715727616750
1715727616863
1715727617155
1715727631470
1715727631616
1715727631818
1715727631978
1715727632125
1715727632241
1715727646167
1715727646349
1715727646432
1715727646606
1715727646780
1715727646960
1715727661337
1715727661474
1715727661585
1715727661761
1715727661885
1715727662103
1715727676206
1715727676319
1715727676428
1715727676592
1715727676719
1715727676926
1715727691266
1715727691457
1715727691540
1715727691715
1715727691816
1715727692059
1715727706193
1715727706373
1715727706487
1715727706655
1715727706764
1715727706852
1715727721309
1715727721408
1715727721522
1715727721597
1715727721798
1715727721945
1715727736299
1715727736442
1715727736525
1715727736717
1715727736815
1715727737125
1715727751317
1715727751476
1715727751667
1715727751765
1715727751885
1715727752152
1715727766355
1715727766451
1715727766561
1715727766726
1715727766839
1715727767034
1715727781362
1715727781461
1715727781578
1715727781741
1715727781877
1715727781990
1715727796301
1715727796452
1715727796561
1715727796740
1715727796872
1715727796956
1715727811445
1715727811628
1715727811807
1715727811908
1715727812090
1715727812294
1715727826247
1715727826371
1715727826490
1715727826652
1715727826755
1715727826936
1715727841347
1715727841532
1715727841613
1715727841791
1715727841949
1715727842124
1715727856395
1715727856512
1715727856619
1715727856700
1715727856894
1715727857041
1715727871358
1715727871470
1715727871592
1715727871761
1715727871888
1715727872021
1715727886481
1715727886602
1715727886702
1715727886899
1715727887014
1715727887266
1715727901347
1715727901501
1715727901612
1715727901787
1715727901887
1715727902020
1715727916261
1715727916351
1715727916478
1715727916650
1715727916773
1715727916979
1715727931343
1715727931481
1715727931576
1715727931743
1715727931859
1715727931961
1715727946495
1715727946656
1715727946740
1715727946901
1715727947025
1715727947187
1715727961400
1715727961585
1715727961662
1715727961845
1715727961962
1715727962189
1715727976445
1715727976627
1715727976711
1715727976903
1715727977056
1715727977253
1715727991423
1715727991568
1715727991652
1715727991806
1715727991904
1715727992026
1715728006366
1715728006479
1715728006591
1715728006800
1715728006903
1715728007045
1715728021308
1715728021486
1715728021603
1715728021776
1715728021893
1715728022071
1715728036437
1715728036623
1715728036742
1715728036913
1715728037054
1715728037193
1715728051391
1715728051534
1715728051650
1715728051822
1715728051972
1715728052122
1715728066508
1715728066708
1715728066891
1715728066989
1715728067153
1715728067366
1715728081473
1715728081648
1715728081730
1715728081937
1715728082141
1715728082287
1715728096499
1715728096612
1715728096729
1715728096900
1715728097012
1715728097201
1715728111497
1715728111628
1715728111746
1715728111913
1715728112059
1715728112266
1715728126436
1715728126600
1715728126716
1715728126881
1715728127008
1715728127166
1715728141407
1715728141561
1715728141743
1715728141831
1715728141993
1715728142214
1715728156375
1715728156537
1715728156661
1715728156829
1715728156974
1715728157176
1715728171464
1715728171598
1715728171705
1715728171905
1715728172086
1715728172311
1715728186473
1715728186595
1715728186701
1715728186906
1715728187000
1715728187197
1715728201533
1715728201675
1715728201782
1715728201991
1715728202072
1715728202227
1715728216446
1715728216553
1715728216659
1715728216831
1715728216937
1715728217066
1715728231461
1715728231590
1715728231680
1715728231861
1715728231991
1715728232158
1715728246434
1715728246610
1715728246724
1715728246900
1715728247017
1715728247177
1715728261631
1715728261779
1715728261881
1715728262068
1715728262211
1715728262376
1715728276530
1715728276678
1715728276792
1715728276975
1715728277101
1715728277232
1715728291553
1715728291743
1715728291816
1715728291974
1715728292104
1715728292258
1715728306538
1715728306717
1715728306838
1715728307019
1715728307154
1715728307350
1715728321481
1715728321573
1715728321694
1715728321865
1715728321978
1715728322093
1715728336490
1715728336637
1715728336742
1715728336917
1715728337048
1715728337186
1715728351574
1715728351693
1715728351821
1715728351994
1715728352086
1715728352323
1715728366465
1715728366641
1715728366751
1715728366927
1715728367053
1715728367337
1715728381552
1715728381742
1715728381826
1715728382002
1715728382109
1715728382228
1715728396656
1715728396838
1715728396921
1715728397106
1715728397224
1715728397393
1715728411546
1715728411634
1715728411760
1715728411927
1715728412032
1715728412149
1715728426631
1715728426760
1715728426844
1715728427023
1715728427119
1715728427228
1715728441596
1715728441708
1715728441823
1715728441994
1715728442132
1715728442279
1715728456638
1715728456751
1715728456861
1715728457073
1715728457191
1715728457385
1715728471532
1715728471706
1715728471786
1715728471967
1715728472055
1715728472214
1715728486569
1715728486728
1715728486845
1715728487013
1715728487110
1715728487293
1715728501535
1715728501660
1715728501774
1715728501953
1715728502096
1715728502222
1715728516666
1715728516824
1715728516908
1715728517107
1715728517218
1715728517477
1715728531777
1715728531914
1715728532003
1715728532208
1715728532401
1715728532603
1715728546638
1715728546798
1715728546977
1715728547085
1715728547259
1715728547489
1715728561631
1715728561736
1715728561853
1715728562029
1715728562158
1715728562315
1715728576680
1715728576846
1715728576949
1715728577112
1715728577225
1715728577392
1715728591578
1715728591724
1715728591832
1715728592014
1715728592127
1715728592297
1715728606632
1715728606826
1715728607006
1715728607126
1715728607257
1715728607472
1715728621654
1715728621758
1715728621881
1715728622053
1715728622126
1715728622256
1715728636525
1715728636632
1715728636743
1715728636920
1715728637041
1715728637262
1715728651603
1715728651748
1715728651856
1715728652019
1715728652137
1715728652257
1715728666727
1715728666948
1715728667029
1715728667186
1715728667294
1715728667431
1715728681564
1715728681691
1715728681803
1715728681974
1715728682089
1715728682247
1715728696620
1715728696794
1715728696899
1715728697065
1715728697199
1715728697315
1715728711771
1715728711927
1715728712094
1715728712191
1715728712377
1715728712581
1715728726682
1715728726804
1715728726907
1715728727078
1715728727204
1715728727310
1715728741662
1715728741804
1715728741908
1715728742074
1715728742178
1715728742330
1715728756747
1715728756918
1715728757022
1715728757112
1715728757320
1715728757481
1715728771630
1715728771808
1715728771915
1715728772091
1715728772215
1715728772304
1715728786595
1715728786765
1715728786887
1715728787057
1715728787157
1715728787322
1715728801839
1715728801996
1715728802176
1715728802299
1715728802398
1715728802648
1715728816730
1715728816851
1715728816970
1715728817147
1715728817269
1715728817438
1715728831643
1715728831761
1715728831893
1715728832067
1715728832202
1715728832431
1715728846824
1715728846947
1715728847066
1715728847269
1715728847379
1715728847544
1715728861663
1715728861774
1715728861893
1715728862065
1715728862198
1715728862328
1715728876689
1715728876825
1715728876938
1715728877114
1715728877242
1715728877470
1715728891820
1715728891948
1715728892071
1715728892234
1715728892351
1715728892529
1715728906667
1715728906799
1715728906914
1715728907082
1715728907212
1715728907378
1715728921803
1715728921937
1715728922054
1715728922261
1715728922427
1715728922643
1715728936709
1715728936879
1715728937012
1715728937205
1715728937331
1715728937498
1715728951769
1715728951888
1715728952005
1715728952206
1715728952309
1715728952523
1715728966733
1715728966892
1715728967003
1715728967171
1715728967299
1715728967440
1715728981768
1715728981902
1715728982005
1715728982167
1715728982293
1715728982443
1715728996668
1715728996850
1715728996975
1715728997146
1715728997248
1715728997445
1715729011841
1715729012000
1715729012105
1715729012305
1715729012423
1715729012668
1715729026717
1715729026866
1715729026958
1715729027049
1715729027248
1715729027388
1715729041779
1715729041927
1715729042041
1715729042254
1715729042432
1715729042636
1715729056720
1715729056895
1715729057002
1715729057210
1715729057381
1715729057595
1715729071860
1715729072050
1715729072154
1715729072323
1715729072435
1715729072627
1715729086759
1715729086878
1715729087003
1715729087168
1715729087275
1715729087447
1715729101823
1715729102006
1715729102082
1715729102281
1715729102445
1715729102651
1715729116893
1715729117028
1715729117139
1715729117299
1715729117435
1715729117565
1715729131831
1715729131969
1715729132139
1715729132256
1715729132398
1715729132608
1715729146778
1715729146906
1715729147014
1715729147184
1715729147301
1715729147479
1715729161959
1715729162146
1715729162225
1715729162429
1715729162583
1715729162798
1715729176945
1715729177086
1715729177261
1715729177374
1715729177533
1715729177806
1715729191846
1715729192026
1715729192115
1715729192300
1715729192523
1715729192712
1715729206911
1715729207101
1715729207182
1715729207395
1715729207593
1715729207767
1715729221859
1715729221984
1715729222101
1715729222304
1715729222461
1715729222689
1715729236826
1715729236931
1715729237055
1715729237227
1715729237362
1715729237546
1715729251842
1715729252028
1715729252112
1715729252294
1715729252395
1715729252602
1715729266773
1715729266901
1715729267003
1715729267176
1715729267291
1715729267388
1715729281831
1715729282003
1715729282125
1715729282293
1715729282397
1715729282515
1715729296995
1715729297117
1715729297215
1715729297374
1715729297499
1715729297694
1715729311870
1715729312056
1715729312130
1715729312288
1715729312399
1715729312530
1715729326952
1715729327105
1715729327277
1715729327366
1715729327566
1715729327740
1715729341973
1715729342075
1715729342187
1715729342355
1715729342443
1715729342650
1715729356964
1715729357125
1715729357239
1715729357404
1715729357487
1715729357644
1715729371838
1715729372014
1715729372122
1715729372297
1715729372417
1715729372581
1715729386979
1715729387096
1715729387201
1715729387366
1715729387468
1715729387632
1715729401898
1715729402068
1715729402164
1715729402322
1715729402420
1715729402579
1715729416853
1715729416972
1715729417082
1715729417256
1715729417383
1715729417515
1715729432025
1715729432202
1715729432378
1715729432470
1715729432618
1715729432880
1715729446947
1715729447117
1715729447217
1715729447392
1715729447539
1715729447618
1715729462000
1715729462127
1715729462227
1715729462410
1715729462516
1715729462744
1715729477031
1715729477138
1715729477259
1715729477465
1715729477556
1715729477743
1715729491983
1715729492114
1715729492208
1715729492365
1715729492480
1715729492642
1715729507036
1715729507183
1715729507288
1715729507459
1715729507592
1715729507711
1715729522056
1715729522198
1715729522316
1715729522524
1715729522659
1715729522825
1715729536828
1715729536998
1715729537118
1715729537191
1715729537367
1715729537487
1715729552000
1715729552203
1715729552289
1715729552511
1715729552623
1715729552903
1715729567014
1715729567156
1715729567279
1715729567448
1715729567581
1715729567744
1715729581925
1715729582112
1715729582222
1715729582390
1715729582479
1715729582643
1715729596919
1715729597108
1715729597287
1715729597378
1715729597481
1715729597658
1715729612121
1715729612280
1715729612362
1715729612549
1715729612747
1715729612940
1715729626955
1715729627119
1715729627245
1715729627416
1715729627536
1715729627654
1715729642059
1715729642172
1715729642272
1715729642442
1715729642540
1715729642663
1715729657047
1715729657137
1715729657254
1715729657327
1715729657534
1715729657740
1715729671985
1715729672121
1715729672231
1715729672404
1715729672550
1715729672725
1715729687059
1715729687224
1715729687307
1715729687463
1715729687586
1715729687823
1715729702084
1715729702194
1715729702302
1715729702481
1715729702595
1715729702731
1715729717026
1715729717157
1715729717261
1715729717430
1715729717555
1715729717708
1715729732047
1715729732164
1715729732271
1715729732447
1715729732565
1715729732722
1715729747007
1715729747183
1715729747289
1715729747488
1715729747686
1715729747907
1715729761977
1715729762114
1715729762213
1715729762287
1715729762471
1715729762583
1715729777048
1715729777156
1715729777274
1715729777453
1715729777597
1715729777755
1715729792058
1715729792219
1715729792365
1715729792632
1715729792705
1715729792822
1715729807073
1715729807216
1715729807325
1715729807500
1715729807635
1715729807814
1715729822126
1715729822317
1715729822399
1715729822595
1715729822705
1715729822880
1715729837143
1715729837332
1715729837414
1715729837630
1715729837830
1715729838017
1715729852014
1715729852180
1715729852279
1715729852444
1715729852571
1715729852719
1715729867189
1715729867357
1715729867437
1715729867630
1715729867754
1715729867994
1715729882149
1715729882276
1715729882382
1715729882590
1715729882713
1715729882911
1715729897117
1715729897243
1715729897365
1715729897542
1715729897681
1715729897892
1715729912073
1715729912246
1715729912357
1715729912522
1715729912606
1715729912754
1715729927191
1715729927347
1715729927457
1715729927656
1715729927778
1715729928009
1715729942192
1715729942297
1715729942411
1715729942585
1715729942691
1715729942871
1715729957108
1715729957245
1715729957357
1715729957533
1715729957655
1715729957805
1715729972175
1715729972309
1715729972408
1715729972578
1715729972703
1715729972843
1715729987161
1715729987271
1715729987390
1715729987558
1715729987675
1715729987787
1715730002147
1715730002336
1715730002417
1715730002602
1715730002731
1715730002912
1715730017213
1715730017333
1715730017444
1715730017649
1715730017753
1715730017961
1715730032198
1715730032350
1715730032526
1715730032622
1715730032843
1715730033031
1715730047100
1715730047250
1715730047360
1715730047434
1715730047610
1715730047747
1715730062253
1715730062368
1715730062496
1715730062658
1715730062788
1715730062904
1715730077158
1715730077320
1715730077429
1715730077595
1715730077720
1715730077859
1715730092134
1715730092296
1715730092413
1715730092577
1715730092665
1715730092897
1715730107218
1715730107337
1715730107444
1715730107618
1715730107750
1715730107955
1715730122148
1715730122295
1715730122401
1715730122610
1715730122719
1715730122985
1715730137235
1715730137347
1715730137474
1715730137650
1715730137763
1715730137915
1715730152197
1715730152352
1715730152462
1715730152636
1715730152772
1715730152986
1715730167192
1715730167329
1715730167430
1715730167505
1715730167699
1715730167951
1715730182177
1715730182330
1715730182449
1715730182644
1715730182782
1715730183051
1715730197254
1715730197432
1715730197544
1715730197755
1715730197885
1715730198049
1715730212156
1715730212328
1715730212438
1715730212612
1715730212735
1715730212915
1715730227222
1715730227351
1715730227469
1715730227647
1715730227732
1715730227907
1715730242276
1715730242412
1715730242513
1715730242686
1715730242835
1715730242936
1715730257214
1715730257380
1715730257504
1715730257678
1715730257810
1715730257909
1715730272257
1715730272431
1715730272521
1715730272677
1715730272808
1715730273023
1715730287208
1715730287418
1715730287508
1715730287677
1715730287818
1715730288024
1715730302230
1715730302411
1715730302538
1715730302715
1715730302826
1715730303029
1715730317168
1715730317346
1715730317468
1715730317626
1715730317763
1715730317921
1715730332489
1715730332590
1715730332776
1715730332901
1715730333198
1715730333364
1715730347244
1715730347367
1715730347468
1715730347542
1715730347725
1715730347826
1715730362295
1715730362469
1715730362553
1715730362739
1715730362901
1715730363124
1715730377326
1715730377439
1715730377568
1715730377736
1715730377908
1715730378149
1715730392113
1715730392313
1715730392420
1715730392595
1715730392741
1715730392875
1715730407419
1715730407548
1715730407660
1715730407831
1715730407945
1715730408115
1715730422324
1715730422432
1715730422549
1715730422715
1715730422857
1715730423040
1715730437298
1715730437419
1715730437530
1715730437708
1715730437845
1715730437995
1715730452349
1715730452480
1715730452584
1715730452755
1715730452881
1715730453157
1715730467360
1715730467470
1715730467578
1715730467753
1715730467889
1715730468123
1715730482338
1715730482448
1715730482556
1715730482725
1715730482827
1715730482989
1715730497355
1715730497483
1715730497601
1715730497761
1715730497876
1715730498055
1715730512401
1715730512508
1715730512626
1715730512792
1715730512923
1715730513045
1715730527361
1715730527484
1715730527592
1715730527767
1715730527874
1715730528014
1715730542364
1715730542495
1715730542596
1715730542768
1715730542860
1715730543038
1715730557377
1715730557527
1715730557638
1715730557804
1715730557940
1715730558150
1715730572396
1715730572510
1715730572622
1715730572784
1715730572893
1715730573042
1715730587267
1715730587396
1715730587498
1715730587670
1715730587783
1715730587911
1715730602492
1715730602674
1715730602757
1715730602915
1715730603048
1715730603242
1715730617310
1715730617444
1715730617545
1715730617713
1715730617862
1715730618144
1715730632235
1715730632581
1715730632785
1715730632925
1715730633091
1715730633287
1715730647486
1715730647633
1715730647743
1715730647818
1715730648021
1715730648117
1715730662497
1715730662678
1715730662757
1715730662928
1715730663057
1715730663253
1715730677383
1715730677492
1715730677608
1715730677786
1715730677915
1715730678135
1715730692447
1715730692602
1715730692725
1715730692901
1715730693024
1715730693185
1715730707415
1715730707577
1715730707682
1715730707860
1715730708022
1715730708170
1715730722477
1715730722588
1715730722688
1715730722854
1715730722954
1715730723196
1715730737600
1715730737776
1715730737952
1715730738074
1715730738261
1715730738391
1715730752446
1715730752590
1715730752682
1715730752866
1715730752990
1715730753240
1715730767580
1715730767736
1715730767819
1715730767995
1715730768186
1715730768405
1715730782495
1715730782616
1715730782727
1715730782939
1715730783147
1715730783359
1715730797494
1715730797674
1715730797758
1715730797927
1715730798069
1715730798199
1715730812405
1715730812577
1715730812668
1715730812818
1715730812938
1715730813049
1715730827617
1715730827776
1715730827952
1715730828063
1715730828200
1715730828373
1715730842491
1715730842573
1715730842700
1715730842875
1715730842987
1715730843153
1715730857495
1715730857684
1715730857763
1715730857923
1715730858150
1715730858359
1715730872587
1715730872700
1715730872816
1715730872982
1715730873101
1715730873285
1715730887494
1715730887618
1715730887728
1715730887936
1715730888024
1715730888261
1715730902527
1715730902651
1715730902766
1715730902931
1715730903049
1715730903176
1715730917523
1715730917689
1715730917772
1715730917933
1715730918086
1715730918255
1715730932483
1715730932668
1715730932775
1715730932940
1715730933061
1715730933176
1715730947510
1715730947633
1715730947744
1715730947919
1715730948058
1715730948158
1715730962658
1715730962811
1715730962931
1715730963091
1715730963208
1715730963304
1715730977537
1715730977672
1715730977787
1715730977981
1715730978108
1715730978308
1715730992507
1715730992666
1715730992775
1715730992936
1715730993079
1715730993191
1715731007571
1715731007715
1715731007828
1715731008005
1715731008140
1715731008358
1715731022424
1715731022549
1715731022643
1715731022716
1715731022875
1715731023017
1715731037609
1715731037727
1715731037833
1715731038007
1715731038126
1715731038225
1715731052483
1715731052667
1715731052781
1715731052950
1715731053034
1715731053198
1715731067553
1715731067700
1715731067814
1715731067993
1715731068182
1715731068418
1715731082637
1715731082797
1715731082880
1715731083043
1715731083169
1715731083296
1715731097649
1715731097802
1715731097903
1715731098083
1715731098198
1715731098358
1715731112555
1715731112691
1715731112789
1715731112946
1715731113078
1715731113237
1715731127488
1715731127664
1715731127775
1715731127983
1715731128125
1715731128375
1715731142617
1715731142741
1715731142856
1715731143023
1715731143139
1715731143262
1715731157534
1715731157660
1715731157770
1715731157939
1715731158059
1715731158279
1715731172556
1715731172683
1715731172795
1715731173009
1715731173134
1715731173357
1715731187769
1715731187897
1715731188010
1715731188185
1715731188321
1715731188566
1715731202643
1715731202757
1715731202868
1715731203040
1715731203147
1715731203285
1715731217561
1715731217725
1715731217807
1715731218004
1715731218107
1715731218367
1715731232661
1715731232802
1715731232872
1715731233070
1715731233166
1715731233317
1715731247606
1715731247766
1715731247880
1715731248056
1715731248170
1715731248286
1715731262521
1715731262675
1715731262781
1715731262948
1715731263060
1715731263251
1715731277609
1715731277764
1715731277869
1715731278036
1715731278165
1715731278279
1715731292629
1715731292781
1715731292907
1715731293073
1715731293219
1715731293408
1715731307574
1715731307735
1715731307810
1715731307910
1715731308117
1715731308269
1715731322685
1715731322831
1715731322944
1715731323109
1715731323221
1715731323375
1715731337632
1715731337740
1715731337855
1715731338020
1715731338107
1715731338272
1715731352666
1715731352784
1715731352886
1715731352961
1715731353176
1715731353330
1715731367665
1715731367785
1715731367901
1715731368079
1715731368191
1715731368367
1715731382595
1715731382705
1715731382824
1715731383029
1715731383127
1715731383230
1715731397716
1715731397877
1715731397954
1715731398157
1715731398311
1715731398519
1715731412655
1715731412843
1715731412924
1715731413129
1715731413219
1715731413357
1715731427693
1715731427800
1715731427921
1715731428095
1715731428204
1715731428335
1715731442725
1715731442915
1715731442993
1715731443143
1715731443250
1715731443424
1715731457787
1715731457999
1715731458091
1715731458259
1715731458387
1715731458558
1715731472746
1715731472921
1715731473094
1715731473205
1715731473367
1715731473559
1715731487645
1715731487809
1715731487931
1715731488141
1715731488296
1715731488555
1715731502687
1715731502865
1715731502992
1715731503164
1715731503300
1715731503436
1715731517656
1715731517797
1715731517915
1715731518078
1715731518205
1715731518316
1715731532710
1715731532896
1715731532976
1715731533155
1715731533324
1715731533564
1715731547762
1715731547946
1715731548027
1715731548232
1715731548373
1715731548561
1715731562755
1715731562896
1715731563005
1715731563183
1715731563298
1715731563469
1715731577624
1715731577803
1715731577920
1715731578099
1715731578221
1715731578422
1715731592792
1715731592968
1715731593048
1715731593206
1715731593404
1715731593601
1715731607657
1715731607759
1715731607882
1715731607957
1715731608147
1715731608304
1715731622767
1715731622883
1715731622999
1715731623171
1715731623278
1715731623442
1715731637704
1715731637828
1715731637942
1715731638114
1715731638232
1715731638382
1715731652702
1715731652852
1715731652968
1715731653142
1715731653254
1715731653420
1715731667718
1715731667844
1715731667942
1715731668106
1715731668238
1715731668420
1715731682822
1715731682984
1715731683092
1715731683267
1715731683402
1715731683613
1715731697849
1715731697963
1715731698047
1715731698135
1715731698335
1715731698470
1715731712737
1715731712921
1715731713003
1715731713200
1715731713341
1715731713502
1715731727778
1715731727949
1715731728070
1715731728247
1715731728340
1715731728471
1715731742859
1715731743043
1715731743124
1715731743279
1715731743406
1715731743608
1715731757866
1715731757980
1715731758097
1715731758265
1715731758387
1715731758619
1715731772817
1715731773001
1715731773112
1715731773281
1715731773395
1715731773558
1715731787844
1715731787984
1715731788094
1715731788270
1715731788409
1715731788681
1715731802724
1715731802901
1715731803002
1715731803172
1715731803274
1715731803508
1715731817817
1715731817939
1715731818047
1715731818261
1715731818367
1715731818654
1715731832850
1715731832993
1715731833066
1715731833254
1715731833355
1715731833641
1715731847806
1715731848001
1715731848180
1715731848291
1715731848439
1715731848677
1715731862858
1715731863014
1715731863123
1715731863321
1715731863497
1715731863705
1715731877693
1715731877856
1715731877971
1715731878144
1715731878282
1715731878366
1715731892853
1715731893040
1715731893223
1715731893344
1715731893463
1715731893747
1715731907837
1715731907947
1715731908063
1715731908239
1715731908362
1715731908527
1715731922904
1715731923012
1715731923126
1715731923285
1715731923387
1715731923534
1715731937921
1715731938032
1715731938146
1715731938321
1715731938414
1715731938544
1715731952939
1715731953130
1715731953215
1715731953412
1715731953586
1715731953794
1715731967839
1715731967951
1715731968067
1715731968242
1715731968355
1715731968465
1715731982851
1715731982995
1715731983116
1715731983293
1715731983409
1715731983579
1715731997987
1715731998187
1715731998286
1715731998451
1715731998575
1715731998845
1715732012927
1715732013049
1715732013166
1715732013330
1715732013431
1715732013647
1715732027887
1715732028043
1715732028153
1715732028348
1715732028538
1715732028785
1715732042888
1715732043072
1715732043192
1715732043352
1715732043443
1715732043576
1715732057901
1715732058035
1715732058107
1715732058260
1715732058399
1715732058618
1715732072902
1715732073029
1715732073148
1715732073314
1715732073402
1715732073584
1715732087997
1715732088170
1715732088288
1715732088494
1715732088596
1715732088725
1715732102952
1715732103075
1715732103185
1715732103395
1715732103512
1715732103800
1715732117945
1715732118073
1715732118188
1715732118365
1715732118491
1715732118664
1715732133025
1715732133157
1715732133254
1715732133476
1715732133589
1715732133774
1715732147963
1715732148073
1715732148188
1715732148367
1715732148495
1715732148604
1715732162948
1715732163091
1715732163200
1715732163368
1715732163527
1715732163682
1715732177966
1715732178067
1715732178168
1715732178337
1715732178465
1715732178571
1715732192891
1715732193049
1715732193181
1715732193361
1715732193476
1715732193649
1715732207979
1715732208134
1715732208265
1715732208433
1715732208534
1715732208652
1715732222999
1715732223140
1715732223254
1715732223430
1715732223549
1715732223668
1715732237964
1715732238068
1715732238176
1715732238251
1715732238436
1715732238597
1715732253015
1715732253198
1715732253340
1715732253427
1715732253747
1715732253841
1715732267972
1715732268151
1715732268254
1715732268415
1715732268527
1715732268602
1715732282963
1715732283093
1715732283205
1715732283375
1715732283484
1715732283684
1715732297981
1715732298107
1715732298207
1715732298382
1715732298526
1715732298806
1715732313045
1715732313207
1715732313288
1715732313486
1715732313596
1715732313875
1715732327823
1715732327976
1715732328110
1715732328324
1715732328460
1715732328655
1715732343042
1715732343197
1715732343326
1715732343401
1715732343638
1715732343858
1715732357970
1715732358109
1715732358227
1715732358420
1715732358540
1715732358676
1715732373033
1715732373226
1715732373312
1715732373491
1715732373642
1715732373792
1715732387982
1715732388138
1715732388265
1715732388443
1715732388588
1715732388717
1715732403033
1715732403234
1715732403341
1715732403506
1715732403624
1715732403792
1715732418018
1715732418148
1715732418260
1715732418428
1715732418563
1715732418844
1715732433054
1715732433206
1715732433315
1715732433490
1715732433617
1715732433724
1715732448101
1715732448251
1715732448359
1715732448443
1715732448635
1715732448809
1715732462971
1715732463086
1715732463178
1715732463277
1715732463494
1715732463633
1715732478150
1715732478304
1715732478409
1715732478564
1715732478677
1715732478810
1715732493155
1715732493307
1715732493424
1715732493590
1715732493719
1715732493894
1715732508019
1715732508197
1715732508278
1715732508462
1715732508554
1715732508713
1715732523020
1715732523186
1715732523296
1715732523470
1715732523600
1715732523765
1715732538179
1715732538313
1715732538432
1715732538605
1715732538718
1715732538916
1715732553160
1715732553296
1715732553518
1715732553623
1715732553776
1715732553981
1715732568050
1715732568166
1715732568279
1715732568450
1715732568566
1715732568684
1715732583124
1715732583269
1715732583387
1715732583559
1715732583646
1715732583788
1715732598071
1715732598246
1715732598353
1715732598524
1715732598681
1715732598913
1715732613037
1715732613143
1715732613257
1715732613331
1715732613528
1715732613680
1715732628151
1715732628291
1715732628401
1715732628569
1715732628665
1715732628885
1715732643149
1715732643248
1715732643385
1715732643553
1715732643669
1715732643827
1715732658169
1715732658336
1715732658435
1715732658512
1715732658664
1715732658817
1715732673182
1715732673334
1715732673443
1715732673642
1715732673755
1715732673886
1715732688107
1715732688294
1715732688375
1715732688559
1715732688686
1715732688880
1715732703179
1715732703308
1715732703426
1715732703602
1715732703689
1715732703778
1715732718124
1715732718274
1715732718399
1715732718473
1715732718632
1715732718803
1715732733229
1715732733377
1715732733552
1715732733695
1715732733891
1715732734067
1715732748244
1715732748400
1715732748498
1715732748685
1715732748786
1715732748959
1715732763142
1715732763342
1715732763455
1715732763630
1715732763752
1715732763892
1715732778194
1715732778496
1715732778597
1715732778875
1715732779062
1715732779175
1715732793252
1715732793380
1715732793499
1715732793574
1715732793780
1715732793924
1715732808199
1715732808319
1715732808436
1715732808641
1715732808757
1715732808951
1715732823254
1715732823405
1715732823491
1715732823657
1715732823797
1715732823883
1715732838239
1715732838350
1715732838458
1715732838634
1715732838766
1715732838946
1715732853072
1715732853254
1715732853367
1715732853538
1715732853658
1715732853787
1715732868276
1715732868411
1715732868525
1715732868697
1715732868825
1715732869018
1715732883261
1715732883432
1715732883518
1715732883664
1715732883855
1715732884065
1715732898301
1715732898456
1715732898538
1715732898730
1715732898871
1715732899064
1715732913254
1715732913378
1715732913481
1715732913659
1715732913786
1715732913891
1715732928256
1715732928374
1715732928489
1715732928653
1715732928768
1715732928877
1715732943346
1715732943476
1715732943587
1715732943787
1715732943955
1715732944224
1715732958224
1715732958336
1715732958438
1715732958607
1715732958720
1715732958845
1715732973315
1715732973465
1715732973568
1715732973739
1715732973864
1715732974028
1715732988336
1715732988650
1715732988762
1715732989054
1715732989152
1715732989271
1715733003282
1715733003400
1715733003520
1715733003691
1715733003778
1715733003939
1715733018360
1715733018498
1715733018610
1715733018776
1715733018936
1715733019097
1715733033289
1715733033402
1715733033509
1715733033684
1715733033796
1715733033977
1715733048258
1715733048377
1715733048485
1715733048655
1715733048804
1715733048914
1715733063285
1715733063390
1715733063507
1715733063683
1715733063800
1715733063927
1715733078353
1715733078456
1715733078571
1715733078740
1715733078837
1715733078957
1715733093220
1715733093391
1715733093520
1715733093694
1715733093818
1715733093944
1715733108312
1715733108415
1715733108532
1715733108693
1715733108799
1715733108900
1715733123285
1715733123455
1715733123567
1715733123742
1715733123875
1715733124050
1715733138326
1715733138557
1715733138639
1715733138811
1715733138963
1715733139161
1715733153359
1715733153484
1715733153595
1715733153773
1715733153880
1715733154062
1715733168382
1715733168492
1715733168604
1715733168770
1715733168898
1715733169069
1715733183292
1715733183434
1715733183553
1715733183721
1715733183823
1715733183938
1715733198374
1715733198527
1715733198629
1715733198795
1715733198943
1715733199106
1715733213426
1715733213539
1715733213646
1715733213721
1715733213932
1715733214075
1715733228370
1715733228495
1715733228603
1715733228816
1715733228950
1715733229139
1715733243311
1715733243426
1715733243534
1715733243700
1715733243833
1715733243944
1715733258386
1715733258528
1715733258618
1715733258775
1715733258908
1715733259079
1715733273288
1715733273468
1715733273576
1715733273752
1715733273875
1715733274024
1715733288411
1715733288591
1715733288701
1715733288879
1715733288996
1715733289202
1715733303471
1715733303663
1715733303805
1715733304065
1715733304185
1715733304296
1715733318370
1715733318482
1715733318591
1715733318766
1715733318869
1715733319005
1715733333462
1715733333615
1715733333831
1715733333987
1715733334160
1715733334379
1715733348465
1715733348578
1715733348684
1715733348851
1715733349008
1715733349160
1715733363390
1715733363541
1715733363669
1715733363831
1715733363932
1715733364062
1715733378446
1715733378607
1715733378712
1715733378902
1715733379033
1715733379232
1715733393455
1715733393576
1715733393678
1715733393751
1715733393908
1715733394035
1715733408505
1715733408659
1715733408740
1715733408907
1715733409035
1715733409159
1715733423467
1715733423569
1715733423684
1715733423878
1715733424017
1715733424239
1715733438498
1715733438628
1715733438742
1715733438909
1715733439051
1715733439155
1715733453426
1715733453532
1715733453647
1715733453822
1715733453960
1715733454141
1715733468452
1715733468655
1715733468751
1715733468958
1715733469074
1715733469283
1715733483482
1715733483585
1715733483707
1715733483885
1715733484019
1715733484212
1715733498375
1715733498508
1715733498624
1715733498789
1715733498890
1715733499038
1715733513451
1715733513610
1715733513717
1715733513893
1715733514019
1715733514154
1715733528537
1715733528710
1715733528789
1715733528977
1715733529085
1715733529252
1715733543450
1715733543554
1715733543666
1715733543845
1715733543953
1715733544101
1715733558503
1715733558627
1715733558757
1715733558928
1715733559060
1715733559266
1715733573573
1715733573682
1715733573798
1715733574009
1715733574131
1715733574225
1715733588472
1715733588599
1715733588686
1715733588769
1715733588925
1715733589020
1715733603569
1715733603750
1715733603859
1715733604057
1715733604173
1715733604367
1715733618572
1715733618775
1715733618864
1715733619054
1715733619218
1715733619441
1715733633524
1715733633680
1715733633786
1715733633970
1715733634065
1715733634213
1715733648495
1715733648640
1715733648755
1715733648930
1715733649027
1715733649137
1715733663607
1715733663740
1715733663842
1715733663915
1715733663988
1715733664232
1715733678468
1715733678699
1715733678887
1715733679020
1715733679171
1715733679323
1715733693522
1715733693627
1715733693729
1715733693821
1715733694041
1715733694203
1715733708556
1715733708692
1715733708808
1715733708979
1715733709088
1715733709195
1715733723534
1715733723686
1715733723769
1715733723934
1715733724039
1715733724198
1715733738446
1715733738631
1715733738730
1715733738907
1715733739029
1715733739206
1715733753639
1715733753814
1715733753886
1715733754077
1715733754224
1715733754391
1715733768540
1715733768639
1715733768735
1715733768820
1715733769020
1715733769185
1715733783559
1715733783717
1715733783839
1715733784006
1715733784115
1715733784240
1715733798649
1715733798788
1715733798899
1715733799090
1715733799212
1715733799303
1715733813634
1715733813742
1715733813844
1715733813926
1715733814083
1715733814204
1715733828619
1715733828773
1715733828882
1715733829058
1715733829182
1715733829310
1715733843606
1715733843733
1715733843848
1715733844023
1715733844133
1715733844286
1715733858593
1715733858719
1715733858820
1715733858986
1715733859078
1715733859204
1715733873532
1715733873709
1715733873837
1715733874014
1715733874141
1715733874326
1715733888647
1715733888847
1715733889029
1715733889143
1715733889306
1715733889519
1715733903562
1715733903659
1715733903792
1715733903867
1715733904060
1715733904233
1715733918580
1715733918750
1715733918857
1715733919035
1715733919134
1715733919281
1715733933606
1715733933775
1715733933888
1715733934103
1715733934221
1715733934490
1715733948732
1715733948899
1715733948981
1715733949182
1715733949339
1715733949589
1715733963598
1715733963738
1715733963847
1715733964017
1715733964141
1715733964338
1715733978618
1715733978727
1715733978845
1715733979016
1715733979112
1715733979250
1715733993678
1715733993788
1715733993915
1715733994089
1715733994223
1715733994396
1715734008656
1715734008813
1715734008991
1715734009116
1715734009298
1715734009445
1715734023723
1715734023889
1715734023982
1715734024184
1715734024271
1715734024458
1715734038572
1715734038713
1715734038811
1715734038980
1715734039107
1715734039238
1715734053655
1715734053757
1715734053881
1715734053957
1715734054168
1715734054303
1715734068668
1715734068801
1715734068911
1715734068988
1715734069192
1715734069343
1715734083573
1715734083737
1715734083849
1715734084003
1715734084108
1715734084235
1715734098628
1715734098815
1715734098897
1715734099074
1715734099182
1715734099382
1715734113707
1715734113858
1715734113993
1715734114167
1715734114265
1715734114398
1715734128665
1715734128854
1715734128957
1715734129125
1715734129275
1715734129372
1715734143710
1715734143839
1715734143944
1715734144142
1715734144350
1715734144527
1715734158718
1715734158853
1715734158980
1715734159180
1715734159291
1715734159531
1715734173669
1715734173853
1715734173935
1715734174093
1715734174218
1715734174355
1715734188726
1715734188832
1715734188948
1715734189115
1715734189208
1715734189306
1715734203768
1715734203873
1715734203995
1715734204165
1715734204286
1715734204378
1715734218687
1715734218825
1715734218942
1715734219109
1715734219223
1715734219315
1715734233694
1715734233830
1715734233992
1715734234097
1715734234241
1715734234394
1715734248728
1715734248849
1715734248964
1715734249173
1715734249344
1715734249548
1715734263725
1715734263854
1715734263965
1715734264038
1715734264290
1715734264436
1715734278816
1715734278994
1715734279086
1715734279294
1715734279456
1715734279692
1715734293793
1715734293948
1715734294062
1715734294265
1715734294382
1715734294611
1715734308758
1715734308932
1715734309120
1715734309245
1715734309352
1715734309539
1715734323761
1715734323880
1715734323999
1715734324203
1715734324330
1715734324622
1715734338744
1715734338899
1715734339002
1715734339168
1715734339275
1715734339404
1715734353621
1715734353758
1715734353884
1715734354047
1715734354133
1715734354229
1715734368808
1715734368964
1715734369047
1715734369239
1715734369402
1715734369629
1715734383862
1715734384006
1715734384093
1715734384259
1715734384398
1715734384678
1715734398767
1715734398957
1715734399040
1715734399195
1715734399334
1715734399449
1715734413798
1715734414001
1715734414083
1715734414258
1715734414428
1715734414673
1715734428801
1715734428964
1715734429091
1715734429302
1715734429479
1715734429712
1715734443803
1715734443967
1715734444080
1715734444249
1715734444374
1715734444571
1715734458839
1715734458965
1715734459083
1715734459253
1715734459378
1715734459581
1715734473826
1715734473970
1715734474069
1715734474136
1715734474315
1715734474517
1715734488760
1715734488937
1715734489047
1715734489222
1715734489354
1715734489506
1715734503869
1715734503980
1715734504099
1715734504273
1715734504420
1715734504571
1715734518769
1715734519002
1715734519085
1715734519279
1715734519422
1715734519638
1715734533875
1715734534004
1715734534097
1715734534283
1715734534443
1715734534680
1715734548759
1715734548890
1715734549015
1715734549219
1715734549365
1715734549584
1715734563837
1715734563981
1715734564109
1715734564287
1715734564417
1715734564581
1715734578820
1715734578946
1715734579052
1715734579248
1715734579350
1715734579469
1715734593814
1715734593941
1715734594054
1715734594268
1715734594412
1715734594684
1715734608975
1715734609118
1715734609194
1715734609371
1715734609488
1715734609661
1715734623925
1715734624065
1715734624178
1715734624348
1715734624481
1715734624642
1715734638854
1715734639018
1715734639101
1715734639279
1715734639419
1715734639631
1715734653944
1715734654089
1715734654204
1715734654393
1715734654572
1715734654718
1715734668821
1715734668918
1715734669041
1715734669211
1715734669332
1715734669478
1715734683923
1715734684112
1715734684184
1715734684347
1715734684460
1715734684558
1715734698924
1715734699094
1715734699213
1715734699419
1715734699553
1715734699787
1715734713852
1715734713997
1715734714113
1715734714279
1715734714408
1715734714640
1715734728841
1715734728968
1715734729077
1715734729251
1715734729403
1715734729578
1715734744003
1715734744143
1715734744256
1715734744422
1715734744547
1715734744664
1715734758864
1715734759007
1715734759126
1715734759299
1715734759426
1715734759598
1715734773776
1715734773948
1715734774069
1715734774143
1715734774305
1715734774483
1715734788970
1715734789075
1715734789182
1715734789344
1715734789432
1715734789563
1715734803974
1715734804106
1715734804239
1715734804415
1715734804536
1715734804699
1715734818912
1715734819038
1715734819137
1715734819331
1715734819451
1715734819662
1715734833949
1715734834093
1715734834190
1715734834355
1715734834480
1715734834691
1715734848938
1715734849100
1715734849279
1715734849405
1715734849552
1715734849771
1715734863870
1715734864112
1715734864194
1715734864382
1715734864540
1715734864780
1715734878928
1715734879151
1715734879236
1715734879404
1715734879542
1715734879728
1715734894003
1715734894181
1715734894362
1715734894461
1715734894653
1715734894902
1715734909009
1715734909172
1715734909253
1715734909414
1715734909532
1715734909706
1715734924050
1715734924178
1715734924288
1715734924455
1715734924600
1715734924758
1715734938881
1715734939033
1715734939142
1715734939226
1715734939400
1715734939596
1715734953886
1715734954064
1715734954171
1715734954336
1715734954430
1715734954652
1715734968954
1715734969138
1715734969262
1715734969470
1715734969613
1715734969857
1715734984009
1715734984149
1715734984255
1715734984431
1715734984565
1715734984720
1715734999023
1715734999210
1715734999290
1715734999470
1715734999618
1715734999826
1715735014022
1715735014161
1715735014273
1715735014473
1715735014576
1715735014809
1715735029053
1715735029183
1715735029285
1715735029456
1715735029585
1715735029796
1715735044120
1715735044254
1715735044370
1715735044577
1715735044675
1715735044819
1715735059149
1715735059265
1715735059383
1715735059558
1715735059685
1715735059853
1715735074114
1715735074224
1715735074341
1715735074512
1715735074604
1715735074810
1715735089071
1715735089259
1715735089342
1715735089558
1715735089700
1715735089941
1715735104097
1715735104275
1715735104396
1715735104574
1715735104705
1715735104904
1715735118989
1715735119179
1715735119284
1715735119449
1715735119558
1715735119716
1715735134180
1715735134303
1715735134491
1715735134663
1715735134906
1715735135025
1715735149115
1715735149276
1715735149362
1715735149553
1715735149658
1715735149825
1715735164075
1715735164224
1715735164338
1715735164512
1715735164696
1715735164912
1715735179001
1715735179186
1715735179304
1715735179478
1715735179609
1715735179695
1715735194177
1715735194360
1715735194443
1715735194653
1715735194772
1715735194893
1715735209125
1715735209265
1715735209383
1715735209577
1715735209715
1715735209859
1715735224075
1715735224219
1715735224312
1715735224514
1715735224689
1715735224921
1715735239153
1715735239258
1715735239377
1715735239564
1715735239710
1715735239876
1715735254016
1715735254184
1715735254301
1715735254511
1715735254608
1715735254863
1715735269099
1715735269191
1715735269284
1715735269360
1715735269571
1715735269695
1715735284107
1715735284223
1715735284326
1715735284496
1715735284624
1715735284754
1715735299140
1715735299277
1715735299382
1715735299585
1715735299716
1715735299954
1715735314084
1715735314191
1715735314311
1715735314525
1715735314648
1715735314887
1715735329124
1715735329321
1715735329399
1715735329636
1715735329787
1715735329998
1715735344152
1715735344274
1715735344382
1715735344560
1715735344689
1715735344909
1715735359198
1715735359353
1715735359531
1715735359653
1715735359755
1715735359974
1715735374108
1715735374254
1715735374368
1715735374542
1715735374664
1715735374908
1715735389073
1715735389268
1715735389349
1715735389521
1715735389649
1715735389865
1715735404092
1715735404278
1715735404402
1715735404617
1715735404770
1715735405036
1715735419175
1715735419290
1715735419405
1715735419577
1715735419710
1715735419818
1715735434179
1715735434298
1715735434413
1715735434594
1715735434714
1715735434798
1715735449188
1715735449345
1715735449456
1715735449625
1715735449725
1715735449885
1715735464223
1715735464366
1715735464476
1715735464650
1715735464743
1715735464903
1715735479262
1715735479407
1715735479581
1715735479677
1715735479770
1715735479909
1715735494153
1715735494285
1715735494404
1715735494582
1715735494714
1715735494922
1715735509270
1715735509411
1715735509528
1715735509700
1715735509836
1715735509971
1715735524336
1715735524445
1715735524562
1715735524724
1715735524859
1715735525002
1715735539285
1715735539443
1715735539622
1715735539723
1715735539860
1715735540083
1715735554326
1715735554480
1715735554658
1715735554764
1715735554958
1715735555152
1715735569236
1715735569413
1715735569593
1715735569713
1715735569924
1715735570106
1715735584283
1715735584399
1715735584526
1715735584601
1715735584779
1715735584898
1715735599239
1715735599346
1715735599458
1715735599630
1715735599752
1715735599948
1715735614291
1715735614406
1715735614514
1715735614597
1715735614752
1715735614907
1715735629305
1715735629411
1715735629525
1715735629700
1715735629837
1715735629998
1715735644279
1715735644477
1715735644596
1715735644801
1715735644988
1715735645206
1715735659232
1715735659377
1715735659462
1715735659643
1715735659820
1715735660060
1715735674178
1715735674347
1715735674449
1715735674616
1715735674733
1715735674807
1715735689214
1715735689371
1715735689497
1715735689694
1715735689847
1715735689999
1715735704212
1715735704367
1715735704473
1715735704651
1715735704781
1715735704955
1715735719346
1715735719476
1715735719587
1715735719798
1715735719945
1715735720138
1715735734284
1715735734448
1715735734560
1715735734725
1715735734841
1715735734976
1715735749265
1715735749381
1715735749483
1715735749652
1715735749754
1715735749883
1715735764310
1715735764469
1715735764552
1715735764709
1715735764843
1715735764995
1715735779186
1715735779359
1715735779489
1715735779679
1715735779775
1715735779969
1715735794112
1715735794253
1715735794362
1715735794523
1715735794611
1715735794827
1715735809157
1715735809323
1715735809446
1715735809619
1715735809753
1715735809888
1715735824361
1715735824481
1715735824598
1715735824807
1715735824913
1715735825054
1715735839211
1715735839383
1715735839484
1715735839651
1715735839733
1715735839945
1715735854221
1715735854403
1715735854480
1715735854688
1715735854851
1715735855068
1715735869342
1715735869467
1715735869584
1715735869753
1715735869881
1715735870081
1715735884249
1715735884431
1715735884548
1715735884710
1715735884807
1715735884932
1715735899261
1715735899398
1715735899521
1715735899724
1715735899911
1715735900094
1715735914373
1715735914507
1715735914603
1715735914771
1715735914881
1715735915094
1715735929325
1715735929439
1715735929550
1715735929727
1715735929849
1715735930067
1715735944327
1715735944513
1715735944596
1715735944806
1715735944972
1715735945191
1715735959333
1715735959483
1715735959598
1715735959770
1715735959930
1715735960067
1715735974276
1715735974465
1715735974568
1715735974728
1715735974843
1715735974984
1715735989437
1715735989580
1715735989678
1715735989864
1715735990038
1715735990243
1715736004360
1715736004470
1715736004583
1715736004767
1715736004894
1715736005058
1715736019366
1715736019548
1715736019656
1715736019861
1715736020039
1715736020248
1715736034437
1715736034568
1715736034744
1715736034841
1715736035077
1715736035344
1715736049556
1715736049668
1715736049770
1715736049843
1715736049999
1715736050106
1715736064353
1715736064473
1715736064581
1715736064789
1715736064891
1715736065056
1715736079349
1715736079547
1715736079719
1715736079823
1715736079971
1715736080147
1715736094496
1715736094590
1715736094726
1715736094898
1715736095017
1715736095130
1715736109317
1715736109452
1715736109565
1715736109740
1715736109862
1715736109950
1715736124359
1715736124519
1715736124627
1715736124819
1715736124962
1715736125078
1715736139519
1715736139675
1715736139756
1715736139949
1715736140088
1715736140250
1715736154505
1715736154663
1715736154843
1715736154947
1715736155114
1715736155269
1715736169364
1715736169511
1715736169615
1715736169797
1715736169909
1715736170077
1715736184458
1715736184617
1715736184800
1715736184906
1715736185079
1715736185296
1715736199431
1715736199572
1715736199686
1715736199904
1715736200101
1715736200302
1715736214368
1715736214510
1715736214615
1715736214824
1715736214931
1715736215173
1715736229456
1715736229573
1715736229680
1715736229911
1715736230048
1715736230235
1715736244445
1715736244588
1715736244679
1715736244846
1715736244960
1715736245195
1715736259397
1715736259582
1715736259688
1715736259903
1715736260070
1715736260300
1715736274417
1715736274593
1715736274684
1715736274860
1715736274975
1715736275074
1715736289447
1715736289604
1715736289721
1715736289899
1715736290016
1715736290169
1715736304511
1715736304666
1715736304755
1715736304959
1715736305127
1715736305326
1715736319520
1715736319709
1715736319896
1715736320001
1715736320186
1715736320389
1715736334448
1715736334540
1715736334656
1715736334728
1715736334936
1715736335097
1715736349387
1715736349563
1715736349674
1715736349847
1715736349973
1715736350178
1715736364527
1715736364671
1715736364778
1715736364944
1715736365047
1715736365204
1715736379511
1715736379630
1715736379742
1715736379954
1715736380054
1715736380248
1715736394498
1715736394636
1715736394746
1715736394958
1715736395043
1715736395212
1715736409490
1715736409629
1715736409748
1715736409948
1715736410141
1715736410296
1715736424407
1715736424571
1715736424703
1715736424867
1715736424971
1715736425100
1715736439553
1715736439708
1715736439816
1715736440019
1715736440142
1715736440419
1715736454540
1715736454645
1715736454770
1715736454948
1715736455068
1715736455193
1715736469409
1715736469533
1715736469650
1715736469823
1715736469944
1715736470152
1715736484546
1715736484673
1715736484788
1715736484956
1715736485080
1715736485270
1715736499596
1715736499700
1715736499821
1715736500031
1715736500157
1715736500375
1715736514524
1715736514716
1715736514799
1715736514989
1715736515181
1715736515339
1715736529558
1715736529681
1715736529790
1715736530019
1715736530159
1715736530324
1715736544536
1715736544726
1715736544840
1715736545008
1715736545102
1715736545284
1715736559514
1715736559717
1715736559824
1715736559989
1715736560120
1715736560313
1715736574598
1715736574727
1715736574849
1715736575016
1715736575123
1715736575237
1715736589560
1715736589761
1715736589868
1715736590048
1715736590165
1715736590387
1715736604540
1715736604660
1715736604759
1715736604832
1715736605049
1715736605256
1715736619532
1715736619720
1715736619799
1715736619960
1715736620073
1715736620177
1715736634714
1715736634870
1715736635061
1715736635229
1715736635490
1715736635759
1715736649587
1715736649703
1715736649805
1715736650011
1715736650123
1715736650285
1715736664473
1715736664648
1715736664759
1715736664963
1715736665100
1715736665363
1715736679617
1715736679806
1715736679888
1715736680069
1715736680159
1715736680380
1715736694636
1715736694739
1715736694858
1715736695035
1715736695124
1715736695272
1715736709507
1715736709612
1715736709732
1715736709908
1715736710017
1715736710194
1715736724624
1715736724764
1715736724878
1715736725051
1715736725171
1715736725303
1715736739649
1715736739764
1715736739889
1715736740062
1715736740163
1715736740364
1715736754445
1715736754558
1715736754665
1715736754836
1715736754932
1715736755039
1715736769599
1715736769755
1715736769856
1715736770022
1715736770149
1715736770228
1715736784563
1715736784711
1715736784817
1715736784996
1715736785145
1715736785424
1715736799548
1715736799750
1715736799859
1715736800036
1715736800163
1715736800292
1715736814614
1715736814748
1715736814876
1715736814950
1715736815147
1715736815271
1715736829606
1715736829797
1715736829977
1715736830077
1715736830287
1715736830475
1715736844586
1715736844729
1715736844848
1715736845021
1715736845139
1715736845326
1715736859620
1715736859799
1715736859907
1715736859980
1715736860179
1715736860284
1715736874601
1715736874716
1715736874833
1715736874995
1715736875117
1715736875298
1715736889606
1715736889762
1715736889882
1715736890058
1715736890212
1715736890497
1715736904767
1715736904868
1715736904989
1715736905160
1715736905260
1715736905443
1715736919580
1715736919764
1715736919873
1715736920045
1715736920174
1715736920367
1715736934630
1715736934771
1715736934880
1715736935082
1715736935190
1715736935426
1715736949668
1715736949835
1715736949907
1715736950070
1715736950215
1715736950473
1715736964645
1715736964790
1715736964899
1715736965114
1715736965279
1715736965528
1715736979684
1715736979876
1715736980054
1715736980162
1715736980243
1715736980390
1715736994742
1715736994942
1715736995112
1715736995216
1715736995373
1715736995595
1715737009683
1715737009789
1715737009904
1715737010079
1715737010228
1715737010339
1715737024712
1715737024882
1715737025055
1715737025159
1715737025305
1715737025490
1715737039741
1715737039848
1715737039967
1715737040142
1715737040272
1715737040520
1715737054661
1715737054771
1715737054894
1715737055060
1715737055183
1715737055318
1715737069700
1715737069887
1715737070071
1715737070218
1715737070330
1715737070543
1715737084777
1715737084889
1715737085001
1715737085178
1715737085297
1715737085476
1715737099736
1715737099845
1715737099961
1715737100141
1715737100293
1715737100429
1715737114770
1715737114893
1715737115001
1715737115210
1715737115323
1715737115548
1715737129773
1715737129931
1715737130022
1715737130114
1715737130305
1715737130398
1715737144719
1715737144908
1715737144986
1715737145194
1715737145368
1715737145610
1715737159680
1715737159823
1715737159944
1715737160114
1715737160248
1715737160419
1715737174763
1715737174903
1715737175005
1715737175170
1715737175274
1715737175393
1715737189734
1715737189842
1715737189953
1715737190129
1715737190262
1715737190441
1715737204733
1715737204851
1715737204963
1715737205139
1715737205272
1715737205533
1715737219844
1715737219970
1715737220088
1715737220263
1715737220377
1715737220545
1715737234933
1715737235076
1715737235233
1715737235389
1715737235622
1715737235748
1715737249801
1715737249988
1715737250071
1715737250233
1715737250357
1715737250554
1715737264810
1715737264974
1715737265083
1715737265259
1715737265384
1715737265537
1715737279755
1715737279943
1715737280019
1715737280195
1715737280324
1715737280587
1715737294774
1715737294937
1715737295047
1715737295222
1715737295374
1715737295499
1715737309780
1715737309935
1715737310043
1715737310219
1715737310346
1715737310573
1715737324811
1715737324974
1715737325078
1715737325249
1715737325442
1715737325717
1715737339777
1715737339949
1715737340046
1715737340204
1715737340331
1715737340443
1715737354901
1715737355080
1715737355160
1715737355327
1715737355472
1715737355606
1715737369851
1715737369952
1715737370076
1715737370288
1715737370392
1715737370634
1715737384766
1715737384885
1715737384997
1715737385069
1715737385250
1715737385431
1715737399948
1715737400070
1715737400182
1715737400395
1715737400519
1715737400697
1715737414890
1715737414991
1715737415117
1715737415188
1715737415358
1715737415581
1715737429828
1715737429933
1715737430049
1715737430218
1715737430335
1715737430514
1715737444834
1715737445025
1715737445105
1715737445284
1715737445432
1715737445675
1715737459901
1715737460029
1715737460143
1715737460313
1715737460424
1715737460529
1715737474876
1715737475059
1715737475137
1715737475295
1715737475421
1715737475580
1715737489831
1715737490016
1715737490126
1715737490304
1715737490405
1715737490541
1715737504878
1715737505031
1715737505144
1715737505316
1715737505449
1715737505590
1715737519865
1715737520040
1715737520139
1715737520315
1715737520432
1715737520620
1715737534914
1715737535039
1715737535150
1715737535230
1715737535437
1715737535635
1715737549886
1715737550022
1715737550141
1715737550315
1715737550414
1715737550551
1715737564941
1715737565093
1715737565207
1715737565375
1715737565502
1715737565695
1715737579895
1715737580048
1715737580150
1715737580309
1715737580398
1715737580599
1715737594884
1715737595039
1715737595123
1715737595332
1715737595503
1715737595722
1715737609910
1715737610064
1715737610183
1715737610378
1715737610487
1715737610670
1715737624898
1715737624999
1715737625145
1715737625316
1715737625464
1715737625559
1715737639910
1715737640031
1715737640156
1715737640369
1715737640576
1715737640792
1715737654920
1715737655251
1715737655340
1715737655637
1715737655776
1715737655872
1715737669874
1715737670055
1715737670134
1715737670316
1715737670411
1715737670577
1715737684866
1715737684975
1715737685112
1715737685282
1715737685404
1715737685540
1715737699852
1715737699973
1715737700071
1715737700154
1715737700362
1715737700477
1715737714955
1715737715096
1715737715205
1715737715391
1715737715502
1715737715623
1715737729860
1715737730021
1715737730135
1715737730311
1715737730428
1715737730559
1715737744920
1715737745032
1715737745167
1715737745380
1715737745534
1715737745795
1715737760013
1715737760126
1715737760246
1715737760414
1715737760521
1715737760660
1715737774972
1715737775077
1715737775200
1715737775377
1715737775504
1715737775659
1715737789958
1715737790087
1715737790199
1715737790368
1715737790493
1715737790605
1715737805028
1715737805166
1715737805282
1715737805447
1715737805551
1715737805711
1715737819908
1715737820031
1715737820139
1715737820347
1715737820433
1715737820572
1715737835005
1715737835161
1715737835231
1715737835437
1715737835543
1715737835802
1715737850000
1715737850105
1715737850214
1715737850290
1715737850483
1715737850609
1715737864959
1715737865133
1715737865239
1715737865416
1715737865534
1715737865774
1715737880005
1715737880133
1715737880218
1715737880306
1715737880464
1715737880659
1715737895068
1715737895219
1715737895332
1715737895510
1715737895646
1715737895879
1715737909991
1715737910142
1715737910251
1715737910422
1715737910559
1715737910766
1715737925017
1715737925193
1715737925268
1715737925423
1715737925625
1715737925802
1715737940080
1715737940263
1715737940384
1715737940605
1715737940764
1715737940949
1715737954942
1715737955106
1715737955218
1715737955294
1715737955510
1715737955635
1715737969977
1715737970137
1715737970219
1715737970430
1715737970635
1715737970822
1715737985056
1715737985238
1715737985357
1715737985523
1715737985652
1715737985795
1715737999901
1715738000064
1715738000208
1715738000407
1715738000533
1715738000692
1715738015028
1715738015234
1715738015329
1715738015507
1715738015630
1715738015755
1715738030124
1715738030264
1715738030388
1715738030597
1715738030696
1715738030889
1715738045040
1715738045145
1715738045254
1715738045327
1715738045493
1715738045599
1715738060149
1715738060248
1715738060369
1715738060548
1715738060657
1715738060827
1715738075084
1715738075190
1715738075301
1715738075459
1715738075588
1715738075695
1715738089964
1715738090110
1715738090228
1715738090402
1715738090526
1715738090643
1715738105070
1715738105179
1715738105291
1715738105504
1715738105602
1715738105807
1715738120150
1715738120340
1715738120518
1715738120590
1715738120724
1715738120932
1715738135194
1715738135329
1715738135506
1715738135599
1715738135777
1715738136005
1715738150136
1715738150322
1715738150405
1715738150567
1715738150778
1715738150993
1715738165200
1715738165326
1715738165451
1715738165660
1715738165854
1715738166039
1715738180174
1715738180364
1715738180446
1715738180629
1715738180727
1715738180831
1715738195123
1715738195325
1715738195407
1715738195574
1715738195673
1715738195780
1715738210195
1715738210318
1715738210431
1715738210604
1715738210740
1715738210849
1715738225098
1715738225225
1715738225340
1715738225514
1715738225608
1715738225793
1715738240089
1715738240227
1715738240343
1715738240512
1715738240645
1715738240766
1715738255110
1715738255269
1715738255374
1715738255580
1715738255682
1715738255854
1715738270113
1715738270289
1715738270369
1715738270527
1715738270657
1715738270780
1715738285110
1715738285282
1715738285383
1715738285564
1715738285709
1715738285985
1715738300146
1715738300305
1715738300413
1715738300594
1715738300710
1715738300830
1715738315113
1715738315353
1715738315506
1715738315772
1715738315884
1715738315990
1715738330142
1715738330359
1715738330443
1715738330611
1715738330725
1715738330837
1715738345144
1715738345378
1715738345458
1715738345637
1715738345724
1715738345931
1715738360214
1715738360345
1715738360473
1715738360640
1715738360772
1715738360959
1715738375258
1715738375436
1715738375613
1715738375720
1715738375879
1715738376088
1715738390195
1715738390407
1715738390583
1715738390737
1715738390917
1715738391105
1715738405176
1715738405356
1715738405432
1715738405642
1715738405833
1715738406056
1715738420182
1715738420306
1715738420433
1715738420642
1715738420799
1715738420957
1715738435262
1715738435451
1715738435627
1715738435764
1715738435896
1715738436133
1715738449996
1715738450163
1715738450288
1715738450454
1715738450603
1715738450769
1715738465222
1715738465348
1715738465449
1715738465622
1715738465715
1715738465900
1715738480213
1715738480412
1715738480592
1715738480665
1715738480793
1715738480933
1715738495102
1715738495264
1715738495389
1715738495552
1715738495646
1715738495799
1715738510170
1715738510395
1715738510480
1715738510681
1715738510822
1715738511069
1715738525267
1715738525412
1715738525527
1715738525735
1715738525861
1715738526107
1715738540234
1715738540406
1715738540507
1715738540676
1715738540823
1715738540963
1715738555237
1715738555417
1715738555501
1715738555707
1715738555844
1715738556102
1715738570251
1715738570381
1715738570494
1715738570569
1715738570785
1715738570991
1715738585270
1715738585462
1715738585535
1715738585746
1715738585949
1715738586137
1715738600269
1715738600432
1715738600517
1715738600581
1715738600832
1715738600971
1715738615292
1715738615413
1715738615520
1715738615691
1715738615824
1715738616001
1715738630342
1715738630473
1715738630583
1715738630753
1715738630884
1715738631063
1715738645233
1715738645380
1715738645492
1715738645666
1715738645793
1715738645993
1715738660351
1715738660451
1715738660565
1715738660642
1715738660705
1715738661003
1715738675281
1715738675421
1715738675525
1715738675694
1715738675819
1715738676021
1715738690354
1715738690513
1715738690693
1715738690797
1715738690999
1715738691172
1715738705300
1715738705436
1715738705559
1715738705734
1715738705861
1715738705972
1715738720316
1715738720436
1715738720570
1715738720780
1715738720959
1715738721182
1715738735355
1715738735472
1715738735570
1715738735751
1715738735943
1715738736121
1715738750308
1715738750436
1715738750562
1715738750738
1715738750857
1715738751001
1715738765292
1715738765415
1715738765531
1715738765726
1715738765883
1715738766052
1715738780352
1715738780460
1715738780584
1715738780760
1715738780883
1715738781032
1715738795325
1715738795452
1715738795568
1715738795737
1715738795857
1715738796013
1715738810315
1715738810419
1715738810544
1715738810715
1715738810812
1715738810979
1715738825356
1715738825473
1715738825573
1715738825739
1715738825861
1715738826021
1715738840401
1715738840525
1715738840646
1715738840821
1715738840919
1715738841024
1715738855331
1715738855462
1715738855547
1715738855627
1715738855781
1715738855900
1715738870352
1715738870459
1715738870584
1715738870791
1715738870908
1715738870993
1715738885393
1715738885510
1715738885624
1715738885799
1715738885925
1715738886126
1715738900402
1715738900593
1715738900675
1715738900842
1715738900982
1715738901150
1715738915346
1715738915492
1715738915607
1715738915817
1715738915915
1715738916070
1715738930493
1715738930617
1715738930723
1715738930898
1715738931042
1715738931210
1715738945347
1715738945471
1715738945596
1715738945810
1715738945927
1715738946154
1715738960400
1715738960536
1715738960636
1715738960809
1715738960912
1715738961022
1715738975361
1715738975501
1715738975610
1715738975685
1715738975858
1715738975966
1715738990301
1715738990491
1715738990572
1715738990743
1715738990901
1715738991088
1715739005418
1715739005601
1715739005728
1715739005901
1715739006062
1715739006184
1715739020356
1715739020576
1715739020676
1715739020867
1715739021036
1715739021241
1715739035410
1715739035517
1715739035633
1715739035807
1715739035936
1715739036108
1715739050436
1715739050626
1715739050711
1715739050918
1715739051076
1715739051259
1715739065413
1715739065595
1715739065676
1715739065897
1715739066088
1715739066235
1715739080389
1715739080507
1715739080593
1715739080678
1715739080841
1715739080998
1715739095485
1715739095595
1715739095707
1715739095872
1715739096003
1715739096196
1715739110481
1715739110670
1715739110777
1715739110953
1715739111172
1715739111301
1715739125455
1715739125617
1715739125734
1715739125911
1715739126035
1715739126211
1715739140498
1715739140695
1715739140882
1715739140968
1715739141158
1715739141347
1715739155499
1715739155657
1715739155737
1715739155948
1715739156145
1715739156326
1715739170498
1715739170616
1715739170737
1715739170938
1715739171082
1715739171196
1715739185446
1715739185724
1715739185847
1715739186110
1715739186234
1715739186338
1715739200449
1715739200661
1715739200753
1715739200931
1715739201049
1715739201149
1715739215438
1715739215577
1715739215684
1715739215887
1715739216008
1715739216174
1715739230359
1715739230525
1715739230648
1715739230724
1715739230915
1715739231063
1715739245397
1715739245594
1715739245704
1715739245880
1715739246015
1715739246196
1715739260460
1715739260604
1715739260715
1715739260880
1715739260994
1715739261166
1715739275570
1715739275743
1715739275844
1715739276015
1715739276154
1715739276284
1715739290494
1715739290606
1715739290723
1715739290898
1715739291026
1715739291133
1715739305478
1715739305632
1715739305746
1715739305959
1715739306129
1715739306309
1715739320565
1715739320720
1715739320825
1715739321003
1715739321148
1715739321306
1715739335656
1715739335810
1715739335977
1715739336101
1715739336216
1715739336424
1715739350470
1715739350618
1715739350727
1715739350905
1715739351029
1715739351178
1715739365510
1715739365680
1715739365781
1715739365957
1715739366080
1715739366232
1715739380600
1715739380775
1715739380867
1715739381061
1715739381201
1715739381469
1715739395506
1715739395684
1715739395805
1715739396020
1715739396133
1715739396393
1715739410504
1715739410731
1715739410823
1715739411012
1715739411160
1715739411405
1715739425585
1715739425758
1715739425931
1715739426033
1715739426177
1715739426346
1715739440572
1715739440742
1715739440859
1715739441080
1715739441263
1715739441421
1715739455564
1715739455663
1715739455810
1715739455994
1715739456123
1715739456267
1715739470639
1715739470788
1715739470895
1715739471111
1715739471220
1715739471395
1715739485597
1715739485705
1715739485823
1715739485986
1715739486074
1715739486272
1715739500597
1715739500725
1715739500837
1715739501043
1715739501212
1715739501445
1715739515663
1715739515819
1715739515929
1715739516109
1715739516199
1715739516390
1715739530588
1715739530709
1715739530828
1715739530903
1715739531114
1715739531319
1715739545656
1715739545772
1715739545893
1715739546064
1715739546203
1715739546453
1715739560643
1715739560789
1715739560913
1715739561092
1715739561189
1715739561360
1715739575681
1715739575800
1715739575905
1715739576080
1715739576175
1715739576365
1715739590608
1715739590755
1715739590866
1715739591023
1715739591156
1715739591274
1715739605873
1715739606031
1715739606198
1715739606286
1715739606482
1715739606609
1715739620628
1715739620782
1715739620878
1715739621060
1715739621181
1715739621371
1715739635635
1715739635749
1715739635839
1715739636027
1715739636114
1715739636228
1715739650656
1715739650765
1715739650875
1715739651051
1715739651168
1715739651377
1715739665682
1715739665803
1715739665925
1715739666105
1715739666235
1715739666373
1715739680672
1715739680854
1715739680936
1715739681121
1715739681238
1715739681397
1715739695807
1715739695948
1715739696057
1715739696278
1715739696532
1715739696644
1715739710661
1715739710830
1715739710923
1715739711086
1715739711224
1715739711414
1715739725685
1715739725795
1715739725912
1715739726091
1715739726203
1715739726339
1715739740662
1715739740851
1715739740965
1715739741134
1715739741229
1715739741365
1715739755611
1715739755803
1715739755913
1715739756086
1715739756205
1715739756333
1715739770659
1715739770789
1715739770894
1715739771058
1715739771177
1715739771308
1715739785712
1715739785887
1715739785998
1715739786167
1715739786273
1715739786378
1715739800807
1715739800964
1715739801045
1715739801207
1715739801345
1715739801515
1715739815721
1715739815824
1715739815941
1715739816114
1715739816197
1715739816418
1715739830698
1715739830845
1715739830957
1715739831032
1715739831237
1715739831439
1715739845755
1715739845885
1715739845984
1715739846142
1715739846275
1715739846377
1715739860708
1715739860860
1715739860972
1715739861142
1715739861267
1715739861491
1715739875744
1715739875849
1715739875966
1715739876134
1715739876276
1715739876464
1715739890603
1715739890801
1715739890912
1715739891074
1715739891222
1715739891432
1715739905720
1715739905868
1715739905966
1715739906132
1715739906258
1715739906480
1715739920767
1715739920921
1715739921036
1715739921245
1715739921430
1715739921673
1715739935812
1715739935963
1715739936062
1715739936231
1715739936362
1715739936524
1715739950818
1715739950976
1715739951149
1715739951235
1715739951364
1715739951565
1715739965816
1715739965942
1715739966064
1715739966262
1715739966404
1715739966602
1715739980713
1715739980940
1715739981020
1715739981181
1715739981306
1715739981440
1715739995744
1715739995849
1715739995971
1715739996140
1715739996267
1715739996356
1715740010731
1715740010890
1715740011012
1715740011220
1715740011399
1715740011620
1715740025727
1715740025834
1715740025954
1715740026118
1715740026231
1715740026349
1715740040714
1715740040870
1715740040977
1715740041188
1715740041347
1715740041566
1715740055711
1715740055933
1715740056016
1715740056181
1715740056294
1715740056489
1715740070763
1715740070917
1715740071029
1715740071234
1715740071375
1715740071612
1715740085784
1715740085938
1715740086055
1715740086264
1715740086386
1715740086618
1715740100898
1715740101022
1715740101136
1715740101318
1715740101443
1715740101689
1715740115836
1715740115977
1715740116082
1715740116154
1715740116335
1715740116446
1715740130841
1715740130995
1715740131172
1715740131280
1715740131536
1715740131685
1715740145838
1715740145987
1715740146103
1715740146262
1715740146418
1715740146646
1715740160904
1715740161087
1715740161169
1715740161377
1715740161507
1715740161705
1715740175814
1715740175933
1715740176042
1715740176218
1715740176338
1715740176497
1715740190829
1715740190977
1715740191077
1715740191253
1715740191383
1715740191576
1715740205883
1715740206059
1715740206243
1715740206379
1715740206614
1715740206799
1715740220906
1715740221028
1715740221137
1715740221349
1715740221479
1715740221604
1715740236007
1715740236145
1715740236320
1715740236441
1715740236664
1715740236762
1715740250907
1715740251055
1715740251152
1715740251371
1715740251505
1715740251706
1715740265809
1715740265963
1715740266085
1715740266159
1715740266319
1715740266461
1715740280963
1715740281066
1715740281177
1715740281373
1715740281492
1715740281687
1715740295800
1715740295909
1715740296021
1715740296183
1715740296292
1715740296401
1715740310978
1715740311092
1715740311202
1715740311413
1715740311568
1715740311844
1715740325920
1715740326083
1715740326203
1715740326370
1715740326490
1715740326630
1715740341002
1715740341102
1715740341234
1715740341418
1715740341556
1715740341703
1715740355906
1715740356030
1715740356145
1715740356309
1715740356408
1715740356585
1715740371006
1715740371189
1715740371363
1715740371465
1715740371650
1715740371776
1715740385964
1715740386124
1715740386253
1715740386325
1715740386515
1715740386670
1715740400907
1715740401084
1715740401198
1715740401409
1715740401580
1715740401725
1715740416014
1715740416152
1715740416272
1715740416473
1715740416686
1715740416837
1715740430827
1715740430947
1715740431043
1715740431125
1715740431287
1715740431417
1715740445927
1715740446042
1715740446158
1715740446333
1715740446464
1715740446721
1715740461080
1715740461210
1715740461328
1715740461504
1715740461619
1715740461795
1715740475852
1715740476026
1715740476134
1715740476309
1715740476444
1715740476612
1715740490963
1715740491158
1715740491264
1715740491468
1715740491598
1715740491845
1715740506056
1715740506172
1715740506295
1715740506469
1715740506601
1715740506830
1715740520911
1715740521049
1715740521166
1715740521340
1715740521434
1715740521622
