1715725529757
1715725544652
1715725559865
1715725574811
1715725589757
1715725604855
1715725619796
1715725634729
1715725650002
1715725664855
1715725679901
1715725694913
1715725709743
1715725724843
1715725739879
1715725754736
1715725770019
1715725784942
1715725799890
1715725814957
1715725829920
1715725845074
1715725859898
1715725874935
1715725889835
1715725905045
1715725919954
1715725934987
1715725949908
1715725965048
1715725980022
1715725994930
1715726010017
1715726025028
1715726040134
1715726055064
1715726069935
1715726084975
1715726100063
1715726115006
1715726129858
1715726145178
1715726160241
1715726175003
1715726190139
1715726205081
1715726219986
1715726235117
1715726249943
1715726265048
1715726280141
1715726295099
1715726310057
1715726325082
1715726339970
1715726355025
1715726370146
1715726385077
1715726400036
1715726415118
1715726430025
1715726445138
1715726460195
1715726475141
1715726490125
1715726505217
1715726520120
1715726535181
1715726550208
1715726565213
1715726580231
1715726595320
1715726610267
1715726625161
1715726640250
1715726655095
1715726670167
1715726685253
1715726700130
1715726715180
1715726730255
1715726745170
1715726760212
1715726775308
1715726790183
1715726805111
1715726820224
1715726835209
1715726850253
1715726865237
1715726880236
1715726895274
1715726910260
1715726925166
1715726940210
1715726955384
1715726970301
1715726985196
1715727000439
1715727015343
1715727030277
1715727045282
1715727060236
1715727075383
1715727090447
1715727105281
1715727120254
1715727135537
1715727150310
1715727165379
1715727180319
1715727195356
1715727210451
1715727225540
1715727240351
1715727255396
1715727270436
1715727285356
1715727300370
1715727315430
1715727330437
1715727345381
1715727360440
1715727375399
1715727390422
1715727405412
1715727420472
1715727435413
1715727450449
1715727465480
1715727480444
1715727495655
1715727510430
1715727525487
1715727540526
1715727555455
1715727570474
1715727585520
1715727600579
1715727615454
1715727630590
1715727645476
1715727660505
1715727675535
1715727690481
1715727705454
1715727720491
1715727735443
1715727750496
1715727765729
1715727780533
1715727795559
1715727810679
1715727825563
1715727840506
1715727855649
1715727870619
1715727885654
1715727900610
1715727915503
1715727930696
1715727945680
1715727960617
1715727975595
1715727990706
1715728005568
1715728020651
1715728035675
1715728050655
1715728065707
1715728080835
1715728095640
1715728110777
1715728125689
1715728140599
1715728155641
1715728170856
1715728185685
1715728200710
1715728215678
1715728230684
1715728245801
1715728260822
1715728275769
1715728290715
1715728305821
1715728320586
1715728335728
1715728350960
1715728365785
1715728380788
1715728395862
1715728410786
1715728425773
1715728440819
1715728455867
1715728470754
1715728485887
1715728500770
1715728515847
1715728530926
1715728545822
1715728560939
1715728575905
1715728590849
1715728605875
1715728620840
1715728635817
1715728650848
1715728665892
1715728680951
1715728695867
1715728710924
1715728725937
1715728740932
1715728755991
1715728770865
1715728785931
1715728801007
1715728815933
1715728830929
1715728845950
1715728860845
1715728875955
1715728891017
1715728906041
1715728921060
1715728935996
1715728950967
1715728965936
1715728980921
1715728995955
1715729011026
1715729025997
1715729040980
1715729055991
1715729071085
1715729086014
1715729101068
1715729116062
1715729131081
1715729145986
1715729161173
1715729176043
1715729191128
1715729206114
1715729221106
1715729236212
1715729251083
1715729266065
1715729281139
1715729296163
1715729311089
1715729326091
1715729341340
1715729356166
1715729371137
1715729386229
1715729401164
1715729416167
1715729431340
1715729446178
1715729461180
1715729476196
1715729491200
1715729506281
1715729521209
1715729536142
1715729551277
1715729566271
1715729581171
1715729596098
1715729611238
1715729626207
1715729641232
1715729656245
1715729671244
1715729686325
1715729701285
1715729716253
1715729731241
1715729746252
1715729761219
1715729776401
1715729791272
1715729806327
1715729821249
1715729836394
1715729851267
1715729866434
1715729881324
1715729896361
1715729911324
1715729926551
1715729941343
1715729956352
1715729971367
1715729986432
1715730001368
1715730016419
1715730031322
1715730046501
1715730061449
1715730076407
1715730091404
1715730106517
1715730121395
1715730136478
1715730151616
1715730166453
1715730181398
1715730196513
1715730211480
1715730226366
1715730241497
1715730256501
1715730271497
1715730286617
1715730301525
1715730316418
1715730331605
1715730346436
1715730361505
1715730376576
1715730391572
1715730406569
1715730421547
1715730436499
1715730451573
1715730466642
1715730481525
1715730496603
1715730511672
1715730526572
1715730541672
1715730556750
1715730571584
1715730586513
1715730601687
1715730616549
1715730631531
1715730646647
1715730661776
1715730676583
1715730691761
1715730706634
1715730721794
1715730736757
1715730751671
1715730766758
1715730781725
1715730796765
1715730811626
1715730826729
1715730841696
1715730856715
1715730871739
1715730886712
1715730901752
1715730916672
1715730931915
1715730946800
1715730961804
1715730976814
1715730991746
1715731006912
1715731021636
1715731036771
1715731051820
1715731066818
1715731081792
1715731096813
1715731111815
1715731126783
1715731141828
1715731156786
1715731171763
1715731186967
1715731201801
1715731216930
1715731231805
1715731246810
1715731261847
1715731276914
1715731291843
1715731306882
1715731321876
1715731336972
1715731351870
1715731366921
1715731382023
1715731397010
1715731411900
1715731426941
1715731441915
1715731456996
1715731471908
1715731486903
1715731501932
1715731516919
1715731531945
1715731546987
1715731561982
1715731576902
1715731591946
1715731606923
1715731621993
1715731636933
1715731652143
1715731666947
1715731682062
1715731697061
1715731711921
1715731727171
1715731742050
1715731757052
1715731772167
1715731787167
1715731802020
1715731817084
1715731832022
1715731847042
1715731862113
1715731877068
1715731891997
1715731907142
1715731922083
1715731937158
1715731952136
1715731967073
1715731982110
1715731997206
1715732012118
1715732027063
1715732042228
1715732057120
1715732072087
1715732087210
1715732102175
1715732117170
1715732132277
1715732147201
1715732162137
1715732177209
1715732192231
1715732207332
1715732222270
1715732237189
1715732252150
1715732267348
1715732282228
1715732297202
1715732312224
1715732327016
1715732342171
1715732357173
1715732372211
1715732387232
1715732402254
1715732417196
1715732432247
1715732447296
1715732462190
1715732477275
1715732492352
1715732507253
1715732522294
1715732537344
1715732552293
1715732567207
1715732582319
1715732597308
1715732612210
1715732627382
1715732642288
1715732657364
1715732672304
1715732687272
1715732702355
1715732717301
1715732732350
1715732747386
1715732762379
1715732777379
1715732792408
1715732807417
1715732822356
1715732837404
1715732852357
1715732867429
1715732882462
1715732897442
1715732912409
1715732927441
1715732942493
1715732957405
1715732972489
1715732987490
1715733002494
1715733017479
1715733032459
1715733047435
1715733062470
1715733077549
1715733092475
1715733107513
1715733122555
1715733137564
1715733152637
1715733167661
1715733182518
1715733197756
1715733212612
1715733227575
1715733242467
1715733257537
1715733272595
1715733287610
1715733302713
1715733317612
1715733332674
1715733347668
1715733362562
1715733377625
1715733392634
1715733407679
1715733422700
1715733437695
1715733452669
1715733467836
1715733482745
1715733497711
1715733512820
1715733527729
1715733542759
1715733557678
1715733572758
1715733587742
1715733602913
1715733617726
1715733632732
1715733647669
1715733662832
1715733677683
1715733692694
1715733707721
1715733722768
1715733737677
1715733752798
1715733767756
1715733782772
1715733797956
1715733812850
1715733827801
1715733842919
1715733857799
1715733872776
1715733887780
1715733902881
1715733917977
1715733932811
1715733947898
1715733962843
1715733977811
1715733992847
1715734007871
1715734022923
1715734037845
1715734052964
1715734068091
1715734082935
1715734097862
1715734112966
1715734127918
1715734142920
1715734157934
1715734172872
1715734187986
1715734203107
1715734217957
1715734232809
1715734247932
1715734262920
1715734277995
1715734292995
1715734307991
1715734322939
1715734337969
1715734352896
1715734367933
1715734383049
1715734398001
1715734412992
1715734428084
1715734442946
1715734458060
1715734473149
1715734488060
1715734503041
1715734518169
1715734533105
1715734547976
1715734563159
1715734578025
1715734593045
1715734608177
1715734623239
1715734638053
1715734653197
1715734668094
1715734683098
1715734698212
1715734713070
1715734728092
1715734743224
1715734758106
1715734773248
1715734788331
1715734803186
1715734818207
1715734833189
1715734848159
1715734863129
1715734878257
1715734893229
1715734908232
1715734923241
1715734938185
1715734953171
1715734968397
1715734983227
1715734998264
1715735013217
1715735028255
1715735043415
1715735058291
1715735073260
1715735088392
1715735103332
1715735118247
1715735133285
1715735148464
1715735163280
1715735178275
1715735193401
1715735208267
1715735223283
1715735238353
1715735253369
1715735268338
1715735283278
1715735298311
1715735313355
1715735328367
1715735343356
1715735358366
1715735373417
1715735388358
1715735403524
1715735418451
1715735433468
1715735448355
1715735463419
1715735478372
1715735493412
1715735508456
1715735523406
1715735538398
1715735553505
1715735568492
1715735583544
1715735598446
1715735613422
1715735628427
1715735643577
1715735658418
1715735673418
1715735688468
1715735703475
1715735718471
1715735733558
1715735748485
1715735763492
1715735778513
1715735793460
1715735808508
1715735823578
1715735838506
1715735853567
1715735868621
1715735883595
1715735898534
1715735913573
1715735928503
1715735943520
1715735958649
1715735973540
1715735988607
1715736003574
1715736018603
1715736033511
1715736048606
1715736063602
1715736078608
1715736093738
1715736108549
1715736123611
1715736138699
1715736153669
1715736168614
1715736183644
1715736198657
1715736213579
1715736228633
1715736243636
1715736258590
1715736273844
1715736288681
1715736303690
1715736318705
1715736333614
1715736348694
1715736363674
1715736378687
1715736393809
1715736408686
1715736423658
1715736438741
1715736453800
1715736468731
1715736483782
1715736498756
1715736513760
1715736528807
1715736543789
1715736558805
1715736573797
1715736588970
1715736603767
1715736618822
1715736633824
1715736648783
1715736663712
1715736678860
1715736693833
1715736708720
1715736723845
1715736738842
1715736753822
1715736768958
1715736783778
1715736798876
1715736813857
1715736828782
1715736843806
1715736858984
1715736873998
1715736888826
1715736903957
1715736918836
1715736933976
1715736948860
1715736964001
1715736978849
1715736993942
1715737008869
1715737023885
1715737038917
1715737053845
1715737068895
1715737083947
1715737098953
1715737113962
1715737129127
1715737144110
1715737158918
1715737174039
1715737188922
1715737203948
1715737219017
1715737234058
1715737249004
1715737264060
1715737278942
1715737294059
1715737309019
1715737324017
1715737338996
1715737354106
1715737369095
1715737384064
1715737399079
1715737414029
1715737429044
1715737444068
1715737459097
1715737474065
1715737489294
1715737504135
1715737519105
1715737534161
1715737549094
1715737564143
1715737579217
1715737594089
1715737609157
1715737624183
1715737639118
1715737654184
1715737669167
1715737684234
1715737699127
1715737714309
1715737729148
1715737744165
1715737759205
1715737774158
1715737789198
1715737804193
1715737819158
1715737834273
1715737849287
1715737864176
1715737879162
1715737894261
1715737909260
1715737924142
1715737939378
1715737954144
1715737969271
1715737984290
1715737999243
1715738014269
1715738029356
1715738044274
1715738059485
1715738074283
1715738089426
1715738104320
1715738119395
1715738134269
1715738149340
1715738164479
1715738179409
1715738194359
1715738209386
1715738224330
1715738239329
1715738254332
1715738269299
1715738284348
1715738299342
1715738314310
1715738329307
1715738344393
1715738359326
1715738374386
1715738389403
1715738404343
1715738419327
1715738434414
1715738449230
1715738464395
1715738479410
1715738494365
1715738509344
1715738524482
1715738539381
1715738554445
1715738569440
1715738584376
1715738599414
1715738614454
1715738629493
1715738644467
1715738659483
1715738674453
1715738689506
1715738704513
1715738719499
1715738734493
1715738749483
1715738764470
1715738779542
1715738794509
1715738809528
1715738824504
1715738839581
1715738854497
1715738869541
1715738884589
1715738899542
1715738914537
1715738929618
1715738944490
1715738959576
1715738974623
1715738989537
1715739004648
1715739019633
1715739034587
1715739049644
1715739064582
1715739079615
1715739094666
1715739109662
1715739124661
1715739139652
1715739154682
1715739169641
1715739184700
1715739199761
1715739214822
1715739229753
1715739244719
1715739259700
1715739274725
1715739289681
1715739304701
1715739319758
1715739334789
1715739349699
1715739364772
1715739379811
1715739394934
1715739409751
1715739424798
1715739439767
1715739454850
1715739469844
1715739484823
1715739499781
1715739514830
1715739529767
1715739544956
1715739559827
1715739574858
1715739589860
1715739604922
1715739619848
1715739634823
1715739649890
1715739664911
1715739679911
1715739694963
1715739709850
1715739724857
1715739739916
1715739754920
1715739769969
1715739784952
1715739799925
1715739814926
1715739830011
1715739844891
1715739859894
1715739874931
1715739890062
1715739904955
1715739920017
1715739935068
1715739949980
1715739965040
1715739979999
1715739994916
1715740010031
1715740024952
1715740039955
1715740054994
1715740070018
1715740085095
1715740100081
1715740115075
1715740130023
1715740145198
1715740160247
1715740175176
1715740190102
1715740205074
1715740220067
1715740235169
1715740250133
1715740265005
1715740280236
1715740295113
1715740310203
1715740325159
1715740340191
1715740355147
1715740370163
1715740385185
1715740400165
1715740415198
1715740430129
1715740445250
1715740460199
1715740475134
1715740490294
1715740505251
1715740520183
