endTime:"null,
1714134946412,
1714134961444,
1714134976611,
1714134991489,
1714135006575,
1714135021550,
1714135036533,
1714135051462,
1714135066509,
1714135081540,
1714135096652,
1714135111663,
1714135126427,
1714135141577,
1714135156592,
1714135171573,
1714135186511,
1714135201609,
1714135216528,
1714135231595,
1714135246708,
1714135261574,
1714135276588,
1714135291685,
1714135306623,
1714135321642,
1714135336573,
1714135351572,
1714135366692,
1714135381807,
1714135396553,
1714135411666,
1714135426712,
1714135441664,
1714135456677,
1714135471741,
1714135486653,
1714135501681,
1714135516718,
1714135531775,
1714135546746,
1714135561749,
1714135576743,
1714135591709,
1714135606844,
1714135621805,
1714135636702,
1714135651779,
1714135666771,
1714135681715,
1714135696790,
1714135711736,
1714135726806,
1714135741842,
1714135756749,
1714135771790,
1714135786859,
1714135801754,
1714135816818,
1714135831849,
1714135846862,
1714135861886,
1714135876967,
1714135891848,
1714135906797,
1714135921936,
1714135936878,
1714135951881,
1714135966849,
1714135981872,
1714135996878,
1714136011975,
1714136026891,
1714136041914,
1714136056922,
1714136071886,
1714136086883,
1714136102012,
1714136116917,
1714136131932,
1714136147013,
1714136161962,
1714136176962,
1714136192037,
1714136206972,
1714136222015,
1714136237079,
1714136251958,
1714136267008,
1714136282004,
1714136296973,
1714136312021,
1714136327018,
1714136342059,
1714136356970,
1714136372111,
1714136386983,
1714136402066,
1714136417053,
1714136431994,
1714137377114"
