1714134946439,
1714134946926,
1714134947063,
1714134947242,
1714134947355,
1714134961463,
1714134961959,
1714134962124,
1714134962216,
1714134962423,
1714134976637,
1714134977102,
1714134977253,
1714134977443,
1714134977550,
1714134991519,
1714134991978,
1714134992136,
1714134992217,
1714134992439,
1714135006589,
1714135007058,
1714135007226,
1714135007318,
1714135007525,
1714135021578,
1714135022075,
1714135022248,
1714135022330,
1714135022505,
1714135036545,
1714135037041,
1714135037197,
1714135037278,
1714135037445,
1714135051491,
1714135052017,
1714135052167,
1714135052244,
1714135052421,
1714135066528,
1714135067026,
1714135067150,
1714135067236,
1714135067420,
1714135081554,
1714135082071,
1714135082232,
1714135082415,
1714135082522,
1714135096680,
1714135097184,
1714135097336,
1714135097416,
1714135097605,
1714135111685,
1714135112133,
1714135112239,
1714135112378,
1714135112650,
1714135126466,
1714135126867,
1714135127103,
1714135127192,
1714135127418,
1714135141613,
1714135142123,
1714135142276,
1714135142459,
1714135142572,
1714135156615,
1714135157010,
1714135157224,
1714135157345,
1714135157531,
1714135171604,
1714135172137,
1714135172294,
1714135172385,
1714135172602,
1714135186536,
1714135186952,
1714135187183,
1714135187281,
1714135187494,
1714135201639,
1714135202113,
1714135202204,
1714135202305,
1714135202442,
1714135216554,
1714135216885,
1714135217089,
1714135217213,
1714135217281,
1714135231621,
1714135232137,
1714135232288,
1714135232480,
1714135232605,
1714135246733,
1714135247200,
1714135247323,
1714135247472,
1714135247771,
1714135261600,
1714135262066,
1714135262156,
1714135262259,
1714135262396,
1714135276617,
1714135277111,
1714135277263,
1714135277347,
1714135277564,
1714135291712,
1714135292187,
1714135292337,
1714135292526,
1714135292630,
1714135306652,
1714135307084,
1714135307302,
1714135307394,
1714135307563,
1714135321666,
1714135322059,
1714135322231,
1714135322352,
1714135322425,
1714135336598,
1714135337080,
1714135337188,
1714135337283,
1714135337598,
1714135351592,
1714135352086,
1714135352239,
1714135352320,
1714135352493,
1714135366720,
1714135367253,
1714135367407,
1714135367495,
1714135367714,
1714135381820,
1714135382292,
1714135382491,
1714135382691,
1714135382829,
1714135396565,
1714135396987,
1714135397182,
1714135397296,
1714135397489,
1714135411695,
1714135412058,
1714135412244,
1714135412363,
1714135412540,
1714135426732,
1714135427218,
1714135427384,
1714135427565,
1714135427664,
1714135441688,
1714135442175,
1714135442329,
1714135442419,
1714135442621,
1714135456705,
1714135457215,
1714135457395,
1714135457592,
1714135457774,
1714135471768,
1714135472250,
1714135472424,
1714135472622,
1714135472772,
1714135486688,
1714135487189,
1714135487338,
1714135487431,
1714135487607,
1714135501699,
1714135502163,
1714135502303,
1714135502411,
1714135502588,
1714135516750,
1714135517218,
1714135517393,
1714135517472,
1714135517652,
1714135531803,
1714135532329,
1714135532484,
1714135532551,
1714135532740,
1714135546777,
1714135547211,
1714135547351,
1714135547494,
1714135547767,
1714135561767,
1714135562281,
1714135562437,
1714135562619,
1714135562732,
1714135576766,
1714135577228,
1714135577308,
1714135577386,
1714135577463,
1714135591728,
1714135592206,
1714135592350,
1714135592438,
1714135592649,
1714135606872,
1714135607329,
1714135607488,
1714135607682,
1714135607791,
1714135621836,
1714135622297,
1714135622452,
1714135622538,
1714135622707,
1714135636715,
1714135637182,
1714135637371,
1714135637544,
1714135637672,
1714135651814,
1714135652353,
1714135652558,
1714135652645,
1714135652900,
1714135666799,
1714135667296,
1714135667450,
1714135667635,
1714135667762,
1714135681731,
1714135682221,
1714135682388,
1714135682473,
1714135682677,
1714135696811,
1714135697314,
1714135697466,
1714135697558,
1714135697733,
1714135711758,
1714135712260,
1714135712420,
1714135712618,
1714135712756,
1714135726837,
1714135727232,
1714135727453,
1714135727550,
1714135727771,
1714135741881,
1714135742403,
1714135742543,
1714135742625,
1714135742814,
1714135756785,
1714135757308,
1714135757461,
1714135757546,
1714135757711,
1714135771813,
1714135772234,
1714135772451,
1714135772547,
1714135772786,
1714135786881,
1714135787392,
1714135787548,
1714135787739,
1714135787909,
1714135801790,
1714135802282,
1714135802414,
1714135802526,
1714135802712,
1714135816846,
1714135817376,
1714135817529,
1714135817729,
1714135817857,
1714135831876,
1714135832349,
1714135832497,
1714135832683,
1714135832824,
1714135846878,
1714135847368,
1714135847533,
1714135847721,
1714135847798,
1714135861912,
1714135862349,
1714135862547,
1714135862654,
1714135862844,
1714135876981,
1714135877399,
1714135877537,
1714135877622,
1714135877723,
1714135891861,
1714135892307,
1714135892430,
1714135892571,
1714135892907,
1714135906811,
1714135907249,
1714135907417,
1714135907537,
1714135907710,
1714135921957,
1714135922442,
1714135922599,
1714135922787,
1714135922939,
1714135936903,
1714135937292,
1714135937507,
1714135937599,
1714135937762,
1714135951897,
1714135952382,
1714135952541,
1714135952631,
1714135952851,
1714135966877,
1714135967380,
1714135967554,
1714135967742,
1714135967878,
1714135981887,
1714135982256,
1714135982433,
1714135982567,
1714135982658,
1714135996890,
1714135997292,
1714135997516,
1714135997608,
1714135997782,
1714136011994,
1714136012514,
1714136012657,
1714136012849,
1714136013014,
1714136026927,
1714136027440,
1714136027607,
1714136027683,
1714136027881,
1714136041944,
1714136042380,
1714136042592,
1714136042693,
1714136042878,
1714136056939,
1714136057432,
1714136057583,
1714136057663,
1714136057839,
1714136071920,
1714136072327,
1714136072495,
1714136072610,
1714136072784,
1714136086895,
1714136087306,
1714136087481,
1714136087598,
1714136087780,
1714136102038,
1714136102506,
1714136102665,
1714136102756,
1714136102946,
1714136116944,
1714136117344,
1714136117527,
1714136117652,
1714136117828,
1714136131965,
1714136132450,
1714136132594,
1714136132785,
1714136132905,
1714136147044,
1714136147604,
1714136147737,
1714136147920,
1714136148060,
1714136161985,
1714136162495,
1714136162643,
1714136162722,
1714136162882,
1714136176974,
1714136177377,
1714136177609,
1714136177707,
1714136177902,
1714136192057,
1714136192592,
1714136192740,
1714136192822,
1714136193035,
1714136206987,
1714136207500,
1714136207653,
1714136207739,
1714136207957,
1714136222028,
1714136222526,
1714136222680,
1714136222766,
1714136222977,
1714136237097,
1714136237592,
1714136237742,
1714136237825,
1714136238013,
1714136251975,
1714136252429,
1714136252566,
1714136252651,
1714136252954,
1714136267037,
1714136267472,
1714136267700,
1714136267891,
1714136267970,
1714136282026,
1714136282431,
1714136282555,
1714136282659,
1714136282788,
1714136296999,
1714136297481,
1714136297638,
1714136297737,
1714136297928,
1714136312048,
1714136312551,
1714136312695,
1714136312876,
1714136312988,
1714136327057,
1714136327437,
1714136327622,
1714136327760,
1714136327946,
1714136342095,
1714136342490,
1714136342713,
1714136342826,
1714136343055,
1714136356987,
1714136357484,
1714136357640,
1714136357735,
1714136357910,
1714136372144,
1714136372555,
1714136372783,
1714136372869,
1714136373040,
1714136387011,
1714136387424,
1714136387599,
1714136387716,
1714136387895,
1714136402080,
1714136402499,
1714136402683,
1714136402807,
1714136402990,
1714136417081,
1714136417554,
1714136417708,
1714136417922,
1714136418049,
1714136432008,
1714136432507,
1714136432664,
1714136432752,
1714136432975,
1714137377130,
1714137377470,
1714137377554,
1714137377625,
1714137377681