1714133445586,
1714133460571,
1714133475604,
1714133490586,
1714133505623,
1714133520548,
1714133535537,
1714133550638,
1714133565585,
1714133580569,
1714133595577,
1714133610577,
1714133625716,
1714133640584,
1714133655555,
1714133670606,
1714133685594,
1714133700627,
1714133715696,
1714133730652,
1714133745696,
1714133760712,
1714133775651,
1714133790692,
1714133805727,
1714133820637,
1714133835659,
1714133850685,
1714133865625,
1714133880703,
1714133895795,
1714133910700,
1714133926727,
1714133940811,
1714133955693,
1714133970794,
1714133985676,
1714134000777,
1714134015738,
1714134030847,
1714134045772,
1714134060845,
1714134075818,
1714134090827,
1714134105796,
1714134120906,
1714134135746,
1714134150844,
1714134165856,
1714134180830,
1714134195824,
1714134210852,
1714134225812,
1714134240877,
1714134256003,
1714134270833,
1714134285881,
1714134300929,
1714134315834,
1714134330854,
1714134345940,
1714134360865,
1714134375900,
1714134390910,
1714134405906,
1714134420907,
1714134435948,
1714134450880,
1714134465908,
1714134481008,
1714134495950,
1714134510998,
1714134526047,
1714134540953,
1714134556027,
1714134571042,
1714134586001,
1714134600956,
1714134616105,
1714134630980,
1714134646013,
1714134661077,
1714134676098,
1714134691020,
1714134706076,
1714134721053,
1714134736085,
1714134751098,
1714134765999,
1714134781000,
1714134796088,
1714134811045,
1714134826239,
1714134841173,
1714134856076,
1714134871139,
1714134886200,
1714134901104,
1714134916182,
1714134931137,
1714137118471