1714133446710
1714133446947
1714133447080
1714133447318
1714133447558
1714133461766
1714133461997
1714133462121
1714133462379
1714133462691
1714133476789
1714133477028
1714133477160
1714133477335
1714133477438
1714133491746
1714133491967
1714133492125
1714133492349
1714133492726
1714133506802
1714133507021
1714133507192
1714133507427
1714133507737
1714133521676
1714133521803
1714133521997
1714133522174
1714133522453
1714133536722
1714133536958
1714133537143
1714133537290
1714133537547
1714133551826
1714133552063
1714133552190
1714133552405
1714133552623
1714133566765
1714133567023
1714133567123
1714133567372
1714133567584
1714133581737
1714133581944
1714133582074
1714133582376
1714133582682
1714133596720
1714133596979
1714133597158
1714133597370
1714133597641
1714133611719
1714133611955
1714133612130
1714133612355
1714133612704
1714133626841
1714133627085
1714133627236
1714133627460
1714133627744
1714133641739
1714133641990
1714133642134
1714133642368
1714133642622
1714133656705
1714133656917
1714133657086
1714133657277
1714133657521
1714133671762
1714133671922
1714133672182
1714133672419
1714133672713
1714133686799
1714133687044
1714133687171
1714133687349
1714133687583
1714133701775
1714133702025
1714133702184
1714133702446
1714133702844
1714133716855
1714133717107
1714133717253
1714133717473
1714133717717
1714133731763
1714133731905
1714133732117
1714133732280
1714133732457
1714133746863
1714133747127
1714133747259
1714133747503
1714133747861
1714133761925
1714133762164
1714133762336
1714133762486
1714133762626
1714133776823
1714133777094
1714133777289
1714133777541
1714133777826
1714133792023
1714133792202
1714133792434
1714133792640
1714133792896
1714133806889
1714133807134
1714133807295
1714133807504
1714133807742
1714133821785
1714133822026
1714133822159
1714133822393
1714133822561
1714133836777
1714133837037
1714133837187
1714133837412
1714133837666
1714133851817
1714133852055
1714133852209
1714133852464
1714133852715
1714133866771
1714133867061
1714133867216
1714133867449
1714133867572
1714133881849
1714133881983
1714133882190
1714133882361
1714133882583
1714133896943
1714133897174
1714133897304
1714133897536
1714133897766
1714133911825
1714133912078
1714133912218
1714133912493
1714133912802
1714133928296
1714133928544
1714133928714
1714133929008
1714133929378
1714133942017
1714133942277
1714133942446
1714133942565
1714133942681
1714133956824
1714133957071
1714133957250
1714133957498
1714133957767
1714133971966
1714133972206
1714133972357
1714133972610
1714133972896
1714133986859
1714133987104
1714133987267
1714133987490
1714133987850
1714134001933
1714134002177
1714134002339
1714134002544
1714134002735
1714134016890
1714134017163
1714134017336
1714134017583
1714134017882
1714134031974
1714134032227
1714134032392
1714134032611
1714134032879
1714134046937
1714134047161
1714134047318
1714134047592
1714134047958
1714134061954
1714134062221
1714134062360
1714134062601
1714134062874
1714134076975
1714134077223
1714134077373
1714134077619
1714134077916
1714134092010
1714134092243
1714134092435
1714134092604
1714134092915
1714134106953
1714134107175
1714134107353
1714134107578
1714134107815
1714134122038
1714134122288
1714134122459
1714134122697
1714134123016
1714134136939
1714134137165
1714134137335
1714134137552
1714134137887
1714134151952
1714134152192
1714134152348
1714134152556
1714134152864
1714134167046
1714134167333
1714134167450
1714134167670
1714134167860
1714134181995
1714134182214
1714134182373
1714134182636
1714134182995
1714134196973
1714134197237
1714134197427
1714134197641
1714134197882
1714134211984
1714134212247
1714134212358
1714134212518
1714134212664
1714134227004
1714134227231
1714134227339
1714134227525
1714134227801
1714134242020
1714134242258
1714134242391
1714134242581
1714134242811
1714134257187
1714134257410
1714134257580
1714134257804
1714134258073
1714134272011
1714134272288
1714134272473
1714134272701
1714134273070
1714134287070
1714134287315
1714134287473
1714134287721
1714134288064
1714134302118
1714134302350
1714134302496
1714134302653
1714134302754
1714134316996
1714134317258
1714134317401
1714134317543
1714134317788
1714134332041
1714134332268
1714134332440
1714134332658
1714134333045
1714134347139
1714134347379
1714134347547
1714134347731
1714134348000
1714134362046
1714134362291
1714134362437
1714134362563
1714134362863
1714134377082
1714134377305
1714134377459
1714134377700
1714134377984
1714134392038
1714134392266
1714134392439
1714134392677
1714134392994
1714134407026
1714134407273
1714134407434
1714134407728
1714134407913
1714134422189
1714134422397
1714134422531
1714134422799
1714134423111
1714134437136
1714134437365
1714134437494
1714134437782
1714134438035
1714134452093
1714134452318
1714134452495
1714134452682
1714134452969
1714134467078
1714134467295
1714134467425
1714134467693
1714134467927
1714134482236
1714134482459
1714134482679
1714134482844
1714134483147
1714134497145
1714134497376
1714134497527
1714134497775
1714134498019
1714134512184
1714134512429
1714134512541
1714134512768
1714134513094
1714134527216
1714134527471
1714134527622
1714134527822
1714134528061
1714134542134
1714134542339
1714134542488
1714134542809
1714134543138
1714134557119
1714134557248
1714134557452
1714134557707
1714134557922
1714134572246
1714134572492
1714134572624
1714134572851
1714134573126
1714134587243
1714134587464
1714134587655
1714134587872
1714134588139
1714134602143
1714134602415
1714134602554
1714134602766
1714134603013
1714134617188
1714134617317
1714134617537
1714134617689
1714134617864
1714134632110
1714134632360
1714134632520
1714134632763
1714134633089
1714134647013
1714134647132
1714134647352
1714134647528
1714134647748
1714134662274
1714134662507
1714134662652
1714134662863
1714134663193
1714134677135
1714134677274
1714134677546
1714134677794
1714134678091
1714134692130
1714134692357
1714134692516
1714134692738
1714134693028
1714134707241
1714134707466
1714134707596
1714134707854
1714134708078
1714134722225
1714134722451
1714134722572
1714134722835
1714134723014
1714134737218
1714134737486
1714134737639
1714134737891
1714134738093
1714134752249
1714134752488
1714134752670
1714134752861
1714134752984
1714134767210
1714134767451
1714134767597
1714134767809
1714134768086
1714134782188
1714134782415
1714134782548
1714134782853
1714134783130
1714134797185
1714134797424
1714134797535
1714134797746
1714134797934
1714134812179
1714134812413
1714134812569
1714134812706
1714134812887
1714134827189
1714134827359
1714134827552
1714134827704
1714134827919
1714134842329
1714134842554
1714134842745
1714134842947
1714134843219
1714134857200
1714134857478
1714134857615
1714134857887
1714134858157
1714134872262
1714134872518
1714134872647
1714134872834
1714134873150
1714134887399
1714134887620
1714134887799
1714134887986
1714134888234
1714134902282
1714134902537
1714134902708
1714134902939
1714134903295
1714134917420
1714134917651
1714134917838
1714134917987
1714134918152
1714134932266
1714134932539
1714134932715
1714134932965
1714134933200