start: end: 148
207
90
131
143
70
302
120
72
254
81
80
235
101
75
172
153
155
260
112
73
66
85
124
257
112
74
164
94
160
212
120
60
195
136
171
277
110
64
155
114
110
256
105
68
201
123
149
278
92
64
150
99
128
259
92
68
68
61
109
228
119
73
162
128
179
276
85
63
172
96
87
275
91
61
200
135
128
280
94
68
213
108
154
263
106
73
167
118
122
183
132
62
152
131
128
266
123
71
201
96
98
254
116
71
203
139
170
285
104
167
97
88
92
266
95
74
206
156
138
159
84
65
157
120
168
231
111
75
160
124
67
278
100
62
195
91
127
212
115
76
164
123
174
270
85
65
158
111
138
261
116
82
165
112
106
310
93
76
89
161
155
275
89
68
158
120
149
246
94
67
166
95
114
256
93
74
55
157
108
254
103
66
203
168
200
234
99
65
167
146
119
269
88
66
63
148
115
281
98
72
158
169
150
299
118
75
197
67
161
276
93
53
163
115
130
279
92
71
203
97
140
226
84
65
58
98
90
140
97
75
156
74
88
244
112
76
161
118
162
180
81
166
118
85
87
310
104
169
84
125
172
278
97
72
164
91
111
284
96
74
203
138
82
231
112
71
165
160
142
232
110
72
167
109
105
274
94
70
199
59
99
249
98
69
161
105
83
265
103
57
169
117
144
250
112
69
166
92
91
216
96
65
170
114
166
299
103
61
79
107
70
244
111
77
169
101
109
277
109
73
83
125
133
303
94
180
119
147
151
279
96
79
162
97
135
182
97
67
156
124
155
212
93
73
156
97
57
288
97
66
190
153
132
225
106
63
160
96
120
174
85
198
88
185
102
219
112
71
191
168
133
316
96
170
124
143
158
230
113
73
197
63
159
266
102
71
156
97
133
264
90
57
206
67
164
274
111
66
155
117
97
283
88
55
158
118
95
275
88
54
197
60
124
265
96
170
109
62
87
246
113
74
203
66
126
291
110
66
155
81
96
245
130
69
176
76
92
207
105
68
165
84
117
297
95
61
192
130
154
220
94
74
170
111
91
271
118
70
195
165
146
265
75
69
200
75
106
301
77
59
194
97
170
235
82
82
180
96
122
137
125
63
151
127
165
265
102
60
160
112
171
271
115
68
203
149
117
243
104
72
167
125
140
235
89
73
162
106
92
265
86
77
207
96
139
278
85
72
201
130
207
278
99
68
166
103
139
266
96
70
161
120
122
273
92
62
152
131
95
236
98
74
168
109
91
258
114
74
203
130
154
247
84
83
162
128
123
304
101
75
245
111
116
224
113
73
200
89
120
258
98
61
154
122
95
228
107
73
160
125
122
281
103
77
170
118
107
264
110
72
203
142
213
282
89
60
60
95
87
159
92
57
162
111
104
227
142
255
91
85
84
233
110
70
69
179
59
231
99
65
163
116
82
271
103
72
174
87
131
314
101
180
98
53
136
260
76
81
154
105
99
236
95
67
158
155
152
281
106
67
163
121
178
261
107
64
71
200
142
274
102
68
152
139
105
280
106
62
199
90
175
260
97
64
70
77
153
215
125
66
167
119
178
286
96
77
166
112
142
240
117
63
162
106
107
285
130
70
184
116
130
224
92
67
163
99
115
265
114
70
162
106
162
271
90
171
131
148
162
171
88
163
113
61
157
246
126
75
193
102
123
268
99
66
161
101
91
241
104
76
167
96
102
266
75
73
167
136
63
223
116
58
194
125
166
265
94
56
168
84
137
248
83
73
197
96
80
247
84
87
179
130
103
238
92
82
208
108
173
266
112
69
204
64
121
268
92
54
195
105
124
257
114
80
198
97
125
226
105
70
164
116
124
232
113
73
204
143
89
249
110
70
163
121
154
256
105
75
172
143
123
278
95
66
178
113
138
274
85
71
165
111
93
231
112
67
201
149
154
253
103
65
203
85
68
268
122
68
202
65
92
231
104
69
67
189
98
265
127
70
190
175
154
246
91
67
162
128
134
244
103
70
158
79
98
291
103
69
195
91
182
263
94
74
181
134
92
260
112
70
209
125
160
266
104
71
171
94
82
273
73
83
189
152
137
258
116
72
204
96
121
274
97
58
152
118
119
251
102
79
202
91
159
255
112
72
153
98
102
292
109
162
106
54
86
239
112
69
162
117
81
223
109
66
196
60
84
259
105
75
158
104
113
254
92
63
150
80
95
171
76
156
89
110
84
272
84
73
209
97
166
208
96
168
95
160
130
295
94
168
93
65
79
292
120
59
195
84
144
247
114
68
167
127
129
247
88
75
164
132
168
278
83
72
166
119
205
231
106
69
160
127
197
273
94
70
163
114
69
260
98
76
158
116
97
300
95
67
171
104
108
234
94
65
163
132
133
228
112
67
180
133
171
266
106
66
160
78
178
231
112
74
171
119
150
263
104
67
156
117
102
168
98
70
182
154
157
296
111
70
173
131
143
274
92
185
88
122
111
149
72
181
105
75
114
252
128
69
192
111
130
196
99
77
166
137
80
269
97
64
92
102
139
226
79
94
205
70
136
285
92
64
153
86
121
297
94
178
103
164
143
265
104
74
170
126
162
281
112
72
188
132
186
265
86
71
62
187
145
281
96
77
208
89
131
264
113
74
213
87
152
231
117
71
208
117
66
229
118
75
200
156
156
284
100
74
219
126
152
267
105
73
155
95
106
213
99
78
163
95
146
221
93
74
65
186
137
238
93
68
72
79
98
207
93
68
165
90
154
179
104
63
197
109
161
248
113
96
188
100
141
255
123
70
207
120
183
236
104
79
67
114
106
222
100
68
165
111
178
280
91
64
202
106
90
279
123
64
156
111
177
265
89
72
205
123
184
250
105
71
176
91
119
279
96
64
153
98
172
244
86
62
185
183
143
266
116
71
205
102
121
257
114
70
167
98
99
195
107
68
169
125
125
274
98
68
205
161
163
220
129
72
159
113
66
252
98
67
163
96
82
181
76
71
237
92
114
283
74
69
167
89
94
254
119
71
171
125
75
170
87
190
156
116
148
265
100
73
159
90
99
214
116
71
159
98
91
249
99
170
103
141
156
265
110
61
162
149
143
264
99
62
194
111
158
227
114
68
162
117
65
270
76
68
157
119
90
267
94
70
67
203
121
271
91
60
150
139
140
134
135
62
198
81
192
271
107
76
156
111
143
242
114
67
166
119
172
267
79
66
160
114
148
261
88
69
214
121
65
232
94
71
175
98
99
270
105
71
179
110
146
230
113
70
186
164
128
279
114
172
98
125
141
244
95
71
69
140
132
189
84
164
140
172
158
254
110
80
202
99
166
227
120
69
204
131
142
219
100
75
170
119
133
240
122
73
173
120
121
264
113
65
71
84
113
250
112
69
167
137
130
296
102
61
157
107
124
262
110
71
195
109
138
261
98
66
201
115
146
270
101
66
162
104
114
284
108
72
157
128
164
259
129
70
153
152
102
228
128
67
154
126
115
285
95
69
174
122
151
186
108
74
149
125
166
150
94
78
62
154
142
255
102
68
157
103
73
253
86
71
167
100
97
256
111
73
199
81
149
162
90
195
90
110
128
250
95
71
160
79
131
279
91
76
206
145
169
265
99
72
166
125
189
218
108
57
165
110
116
251
106
61
78
101
187
294
107
68
179
166
154
273
99
67
105
110
140
286
99
75
154
141
131
215
109
62
159
122
125
287
101
58
202
180
92
294
94
68
160
143
172
234
110
67
199
81
121
248
122
70
148
137
109
256
108
67
168
96
187
263
103
71
154
148
131
226
115
65
152
106
115
263
84
67
156
124
114
271
118
66
155
113
140
273
95
70
155
95
89
117
94
58
78
85
138
273
99
68
165
90
97
272
81
75
159
113
124
156
106
77
204
57
95
274
102
57
161
147
157
276
98
75
202
82
127
276
109
74
171
126
125
306
102
71
153
108
151
267
111
74
171
110
88
254
99
65
157
79
82
280
81
69
160
121
120
243
105
66
69
181
156
239
117
73
162
103
80
214
107
70
153
90
161
263
112
73
200
121
136
308
97
170
90
85
130
285
102
167
93
81
116
243
117
74
156
92
153
273
107
68
169
119
98
291
107
65
252
61
104
194
81
70
85
185
145
275
89
74
200
110
150
283
109
64
197
102
170
286
86
79
162
91
80
252
100
64
162
98
152
212
97
74
207
90
142
266
96
77
174
141
104
270
104
76
97
130
113
214
109
62
160
143
148
279
91
159
87
118
135
318
97
168
85
113
140
257
109
66
161
126
183
260
98
60
197
153
133
219
125
82
254
93
97
261
108
70
60
154
99
237
110
74
122
80
131
243
89
72
164
95
148
256
97
73
194
160
151
303
102
67
112
114
119
227
91
69
199
119
109
140
88
69
205
60
168
257
84
63
64
196
113
235
95
69
69
154
105
176
89
168
91
103
81
263
95
66
68
187
197
291
107
210
132
137
100
197
115
70
207
93
138
158
104
70
165
90
102
292
100
62
183
170
146
235
99
72
166
116
150
266
107
71
77
100
158
263
102
71
161
122
93
229
120
72
162
93
93
253
117
72
206
94
102
233
96
67
171
101
134
282
101
69
170
143
105
286
93
61
159
117
144
301
92
163
101
98
69
195
109
63
154
187
127
141
118
67
206
109
87
286
100
139
144
127
147
278
104
170
92
104
101
288
100
71
213
158
133
267
110
74
165
120
87
242
118
74
162
119
90
269
94
68
171
132
138
265
112
68
172
122
86
236
100
80
158
92
56
296
88
60
192
74
132
275
91
68
165
93
124
230
113
72
205
90
173
254
106
64
163
111
98
292
103
69
194
150
119
235
101
79
170
119
124
192
105
60
161
108
101
116
120
67
177
80
167
260
125
64
195
161
102
251
110
172
90
85
86
257
99
60
193
105
166
239
113
68
174
123
151
182
96
73
155
121
170
239
109
69
200
139
189
283
97
59
194
108
166
284
129
86
249
117
117
274
88
63
151
168
95
277
93
71
157
108
151
242
120
70
210
98
95
252
109
74
191
127
165
196
103
67
66
95
143
255
108
73
169
108
110
305
96
181
98
127
133
199
84
71
170
82
71
274
76
84
166
100
127
245
113
75
200
117
119
264
112
74
159
112
172
274
79
78
158
77
76
277
82
69
168
112
95
264
110
71
201
98
170
232
102
76
199
166
106
283
87
73
168
100
101
163
95
173
102
83
171
281
91
65
205
83
67
251
108
174
95
90
136
226
104
67
157
104
177
249
144
61
242
101
83
271
93
77
66
153
88
235
94
68
161
133
132
215
91
72
73
83
104
265
103
73
174
109
110
280
80
68
158
83
149
274
98
61
206
97
149
215
79
69
166
88
100
270
104
74
204
139
144
253
84
79
157
116
59
224
113
74
162
103
61
232
107
61
160
110
115
287
84
68
181
113
119
282
124
68
180
92
162
214
135
64
164
129
106
266
125
62
202
117
93
161
82
74
171
135
185
253
118
64
162
96
64
273
104
62
162
112
118
263
103
70
175
89
150
238
118
67
161
88
96
268
128
59
106
76
126
255
116
73
203
93
137
205
94
74
68
80
110
280
80
75
162
98
129
214
104
73
171
123
139
286
122
172
89
186
158
244
111
70
171
130
159
295
95
67
175
114
168
269
111
71
208
81
151
222
110
70
163
105
156
269
72
69
163
92
88
280
87
65
162
96
103
230
135
61
190
163
87
226
91
71
162
128
146
296
88
63
155
115
122
138
108
66
177
91
141
272
113
71
198
133
169
273
104
74
111
180
111
247
98
77
153
97
131
272
113
70
160
86
96
243
90
66
69
208
79
289
104
68
98
85
132
228
116
67
189
91
104
271
86
59
204
95
157
268
103
68
160
111
94
256
128
69
150
119
184
257
106
69
155
97
140
270
98
187
85
135
121
249
108
68
164
88
130
286
87
71
66
105
149
265
101
71
193
108
129
279
77
67
98
183
149
252
94
72
169
95
96
257
126
61
166
135
98
298
96
67
156
129
168
138
84
90
159
142
152
265
95
63
155
111
132
250
113
68
171
119
168
263
107
60
192
121
122
280
83
69
175
121
97
282
91
66
164
131
137
272
116
64
156
107
107
240
92
78
170
84
145
254
116
70
169
139
144
271
107
71
179
87
138
272
109
73
209
97
121
251
105
77
164
131
153
263
113
76
154
121
87
250
93
82
191
110
176
264
111
76
163
124
129
288
94
69
153
122
99
275
92
69
206
111
145
159
104
73
196
162
213
260
92
64
174
106
135
145
119
70
204
102
129
155
96
75
158
135
135
261
111
61
154
100
127
285
104
171
81
91
77
277
125
70
157
186
161
263
78
65
187
107
130
255
99
67
164
87
190
257
117
69
183
145
91
230
101
76
165
112
135
283
98
77
97
148
152
238
94
77
169
86
100
262
108
70
64
159
126
275
87
170
131
105
127
273
100
71
161
111
115
291
105
76
148
134
156
211
75
80
67
164
89
207
104
78
201
109
172
316
99
174
88
132
160
265
133
69
196
90
139
249
115
71
189
100
102
267
76
74
157
124
85
144
76
176
152
112
86
216
115
70
172
116
122
260
98
66
157
106
93
230
115
74
172
105
63
231
104
71
205
163
136
262
112
69
186
118
79
279
104
66
155
158
122
297
90
70
170
112
161
275
122
64
153
131
145
260
97
77
161
121
159
283
97
174
104
95
134
281
97
172
84
118
88
211
112
75
157
138
195
253
128
72
165
94
136
171
81
75
161
125
105
312
104
168
87
154
107
230
102
70
171
128
128
256
96
65
164
129
134
272
117
59
165
104
101
252
105
75
202
99
119
206
81
68
175
124
114
262
109
175
112
182
112
212
102
68
70
143
118
317
84
66
158
116
116
285
97
65
153
100
162
250
105
74
163
95
140
269
97
79
202
161
73
290
91
61
156
127
145
226
135
62
161
124
128
336
91
167
99
179
97
212
77
62
68
78
114
277
99
62
154
92
81
287
123
75
159
93
88
210
96
67
167
143
148
282
93
57
189
165
142
206
109
77
196
109
195
259
103
76
160
94
154
255
111
71
199
146
70
194
129
66
157
115
129
222
112
76
206
96
112
157
85
179
186
154
71
273
96
58
194
131
119
288
104
74
204
155
156
267
117
69
67
100
96
224
110
69
164
131
140
217
91
72
192
123
182
272
79
77
161
126
126
215
102
76
156
117
105
264
99
70
193
97
80
280
96
69
185
116
116
301
95
175
142
160
154
294
92
76
204
93
91
260
110
68
62
101
90
315
95
162
129
99
122
270
108
64
162
94
103
208
105
79
198
74
140
150
130
65
165
112
118
266
101
60
171
142
146
205
88
167
107
135
150
229
96
77
168
97
90
186
82
200
118
129
151
252
103
70
228
106
135
268
113
73
175
118
128
251
100
73
151
87
126
287
94
74
167
115
98
258
111
74
187
125
175
274
106
72
164
87
85
276
87
70
208
83
146
296
105
174
90
97
161
281
104
70
74
139
148
240
105
65
174
105
118
250
134
66
156
118
170
276
101
78
163
123
191
266
107
186
113
137
164
291
115
70
211
181
109
192
101
73
164
107
160
308
96
167
97
204
153
244
112
73
173
97
125
265
99
76
155
92
125
273
92
72
157
77
127
186
96
59
164
80
112
252
105
85
212
113
169
320
94
78
170
102
184
274
101
72
207
110
142
266
95
70
153
127
105
268
103
71
182
121
98
255
96
68
154
81
80
159
93
60
161
134
96
224
116
56
196
109
87
262
96
84
204
92
118
215
110
79
60
118
84
268
87
60
165
90
68
236
101
72
171
114
128
290
108
175
108
83
101
249
134
71
162
112
83
249
120
72
157
129
89
257
92
78
160
113
162
250
127
77
205
63
133
214
99
72
167
117
94
265
94
66
153
85
106
163
97
160
114
149
170
278
99
82
161
109
85
260
109
73
204
143
129
281
80
72
159
97
67
235
109
68
160
111
135
302
96
180
118
89
69
286
108
160
96
108
103
253
108
74
204
89
126
265
105
64
198
163
146
261
124
81
161
96
152
254
93
57
203
130
129
265
121
62
160
97
181
265
105
69
160
106
122
249
117
83
167
91
131
281
101
67
154
111
96
270
98
70
165
117
152
272
101
64
159
131
123
325
87
82
164
136
86
201
114
70
171
119
120
264
108
66
157
64
130
152
83
72
191
91
96
215
128
81
159
112
77
288
98
66
178
116
145
267
96
73
202
138
141
260
88
59
193
115
137
296
118
173
99
100
139
247
115
70
178
105
124
271
112
71
205
114
115
256
116
67
158
114
126
293
92
79
177
154
77
257
116
68
203
104
122
306
92
172
110
165
143
281
95
76
161
70
88
318
84
61
209
117
139
251
114
72
161
129
165
252
113
75
179
96
117
268
126
64
152
131
147
337
84
169
105
155
142
250
101
73
165
86
144
248
100
60
180
112
160
182
85
174
108
99
125
295
84
71
205
68
130
273
96
76
67
200
178
267
88
70
167
113
117
286
84
55
155
124
157
310
79
64
178
137
100
242
113
69
69
143
174
264
115
174
85
124
93
209
105
67
204
85
179
261
108
70
164
109
111
231
117
73
208
94
114
259
114
68
157
153
167
267
105
67
156
123
174
326
105
73
170
117
176
275
96
66
64
212
73
232
120
88
254
98
70
228
96
76
166
122
112
315
89
74
168
121
102
283
87
79
173
123
86
283
84
54
154
109
191
136
90
66
184
157
77
341
96
162
91
75
129
215
98
78
163
139
181
258
115
68
160
121
88
238
97
85
157
76
97
266
95
77
156
99
106
265
97
55
60
249
135
284
96
74
164
127
104
210
97
71
168
129
139
311
96
68
161
112
165
281
102
68
104
139
142
277
92
74
157
88
94
262
115
71
70
290
162
322
103
165
112
101
143
291
96
79
200
81
145
299
102
174
104
105
137
241
97
76
167
135
112
287
97
76
166
97
113
221
80
79
160
93
99
319
95
78
87
135
146
286
94
78
163
105
148
256
115
161
89
97
156
257
96
74
193
106
102
263
120
73
202
163
106
269
80
75
159
84
122
328
76
72
151
123
79
260
115
71
172
129
154
271
115
83
202
105
143
227
113
74
206
147
118
264
118
73
189
166
96
225
110
76
207
92
88
271
121
74
155
128
164
261
98
63
155
106
126
230
115
71
206
164
156
244
103
63
168
121
131
229
119
69
186
125
160
265
103
78
199
106
93
257
109
174
96
155
125
274
107
66
158
111
181
264
96
65
155
130
137
114
85
170
110
97
180
263
119
71
160
126
91
326
90
176
110
67
119
268
100
79
194
123
166
245
104
71
163
105
132
221
96
72
169
107
127
226
115
72
200
149
140
240
125
69
163
170
162
144
76
91
202
148
142
282
93
73
172
148
182
262
101
61
206
123
136
226
112
73
204
172
134
289
99
62
194
103
147
269
115
73
209
126
102
213
98
61
55
164
104
258
105
74
192
160
117
205
111
75
200
143
151
317
89
57
197
130
128
270
95
61
156
124
104
255
117
70
205
82
112
252
110
59
159
83
116
263
103
69
160
136
92
273
84
75
196
98
182
263
115
74
161
94
198
264
117
73
166
111
91
285
98
62
188
88
104
285
101
80
167
130
123
282
105
67
160
112
69
274
96
67
179
108
130
246
99
63
159
132
153
269
94
65
161
92
109
325
95
167
117
128
88
258
112
70
167
79
99
240
115
67
169
136
172
236
94
72
160
119
177
190
95
64
168
141
158
286
101
67
195
138
138
284
91
63
161
134
144
270
96
75
159
142
136
266
110
61
209
103
172
162
96
156
92
143
93
285
95
162
87
145
131
205
121
65
154
128
162
287
101
72
171
137
131
251
108
79
165
115
85
254
89
72
189
79
137
225
119
64
61
194
94
257
97
71
168
87
105
271
104
76
169
107
76
246
96
70
155
124
107
249
117
70
190
86
96
279
103
165
104
166
120
247
95
84
160
116
108
260
126
72
205
128
171
248
102
70
167
114
149
261
86
70
171
95
106
224
112
74
174
118
83
286
108
68
169
133
131
127
93
69
161
110
160
222
103
75
162
126
133
146
74
71
169
98
79
277
102
61
199
107
85
265
93
66
164
111
127
246
92
62
186
81
125
279
78
70
162
123
91
288
97
163
122
87
115
234
114
71
166
120
217
251
98
69
171
102
149
273
91
84
202
115
87
317
97
167
112
93
141
211
107
89
159
114
120
258
114
71
199
158
162
266
83
69
165
99
174
285
90
70
201
126
159
298
97
57
156
106
149
261
80
83
169
115
90
280
97
68
207
90
106
323
114
202
145
90
79
263
121
70
174
120
78
311
90
165
99
98
159
140
82
164
120
146
124
254
108
75
195
101
129
274
86
76
200
97
176
274
111
72
206
116
167
272
87
60
190
57
148
287
95
73
201
113
90
273
85
164
118
139
82
258
96
65
158
113
88
282
76
76
155
102
174
264
82
74
160
78
104
256
88
73
167
130
86
250
93
62
67
206
90
280
121
163
111
94
100
272
97
63
76
102
163
132
69
82
183
158
112
177
112
78
153
71
146
249
99
66
70
95
162
254
95
62
63
157
125
280
100
78
157
98
116
266
81
72
161
84
103
142
92
79
83
111
173
299
100
57
187
174
125
279
83
65
69
152
132
295
102
78
208
130
93
292
102
72
190
106
149
270
116
62
196
118
147
284
80
70
174
92
92
264
101
70
186
124
159
260
105
177
101
124
102
220
118
73
206
92
161
274
117
67
166
103
93
225
121
63
69
123
147
280
67
64
173
76
83
280
110
172
99
173
146
274
84
76
188
99
129
226
119
80
201
181
121
268
101
182
101
176
163
256
89
58
149
125
206
254
115
71
168
124
121
207
95
77
164
130
122
144
77
70
171
124
69
309
91
56
192
122
140
254
92
71
168
85
105
262
114
82
198
161
130
250
109
76
165
133
161
251
92
74
209
100
185
221
133
70
172
96
105
252
94
65
169
118
159
239
91
67
159
118
100
254
115
69
170
119
86
265
97
72
70
80
133
265
103
77
164
133
91
226
111
67
162
124
170
317
105
171
108
88
89
270
102
65
153
125
104
257
104
63
191
166
127
199
101
171
86
122
144
259
102
168
85
93
138
268
98
167
145
129
114
320
93
172
106
128
134
189
103
66
152
126
87
278
95
67
164
123
120
291
90
63
86
118
80
210
117
72
167
94
140
265
97
71
203
124
143
200
124
56
170
115
138
251
115
73
173
115
124
256
102
69
203
175
155
310
99
164
111
152
165
211
113
73
208
116
165
276
88
68
160
100
111
275
113
71
165
99
94
279
104
71
193
100
198
249
95
67
174
118
143
270
112
70
64
153
121
216
108
67
159
111
114
202
86
70
157
162
161
236
117
64
155
114
124
283
89
66
177
135
177
234
105
70
159
127
94
271
104
172
110
142
141
315
97
66
101
77
106
284
96
71
197
102
128
256
115
68
190
141
142
292
103
58
200
166
155
246
91
74
176
85
156
274
98
61
200
143
127
267
116
87
193
117
174
272
120
58
191
76
140
246
98
70
68
131
101
257
113
71
211
111
109
274
114
74
202
170
135
199
100
76
165
96
105
272
91
62
196
80
130
280
77
61
67
183
176
264
93
64
67
192
88
186
76
78
161
114
73
288
96
63
160
123
138
246
112
77
167
97
95
251
112
79
203
133
184
213
96
82
177
103
140
252
99
73
167
105
80
283
121
67
196
128
162
254
111
75
161
128
143
312
95
175
116
74
136
271
110
75
75
154
94
265
97
76
162
94
75
250
108
78
160
140
164
310
92
177
138
145
131
281
96
74
68
62
105
266
103
78
60
204
77
259
101
72
167
114
158
232
124
67
158
67
106
221
102
70
152
163
162
275
118
73
191
82
109
306
98
66
85
122
135
291
92
73
206
177
116
259
97
72
193
99
144
250
110
68
200
112
124
252
103
73
163
99
132
223
103
69
115
146
145
233
105
72
160
93
99
268
129
72
191
134
61
266
81
71
175
114
125
247
97
65
165
121
115
151
90
90
160
95
98
266
123
70
164
102
134
151
88
69
159
106
203
226
113
63
156
129
114
259
117
72
208
98
125
256
112
70
158
84
114
302
91
62
155
101
141
285
85
72
166
112
120
228
125
54
64
201
158
281
88
75
169
95
112
278
102
73
191
111
121
275
96
69
155
93
128
236
116
61
197
90
143
274
102
63
155
92
103
248
82
66
198
135
108
150
79
159
131
143
146
277
110
73
80
108
139
270
102
168
125
125
181
237
101
79
205
123
141
296
98
70
81
109
112
262
102
73
179
99
175
294
91
174
84
104
89
259
112
72
206
180
164
281
94
62
192
99
114
264
75
81
156
94
93
263
113
74
200
133
178
282
101
70
160
96
182
272
85
74
165
122
111
282
109
69
201
73
137
232
121
66
158
119
125
261
98
74
163
94
69
214
105
61
162
125
159
232
110
71
165
85
139
269
93
76
69
114
112
263
98
65
192
114
139
189
80
70
200
165
127
255
105
76
161
116
151
143
102
65
172
112
189
241
118
79
159
91
133
300
113
165
138
161
132
262
110
71
181
64
112
253
104
71
176
104
113
254
104
71
75
130
152
271
94
65
189
116
145
270
96
62
203
125
129
227
117
74
207
125
124
239
101
68
207
155
150
297
96
66
173
70
136
292
121
72
85
127
123
283
91
63
154
120
95
268
109
56
157
107
88
255
123
72
196
105
135
271
97
61
192
138
163
215
96
71
66
156
137
268
102
73
155
123
93
159
110
64
185
149
171
241
114
71
187
99
129
271
113
55
195
121
151
273
105
71
174
111
90
286
98
76
200
80
140
193
101
253
102
97
72
285
108
70
187
97
153
269
97
72
168
118
83
282
106
176
124
159
146
280
90
64
166
97
161
281
98
68
165
123
145
229
118
75
210
122
98
249
91
62
152
111
120
277
98
63
95
84
95
266
106
61
110
150
140
280
88
68
196
98
111
290
77
76
159
106
89
260
104
72
162
104
111
290
100
74
159
145
116
288
107
58
158
131
122
247
100
72
166
93
116
268
113
76
174
130
94
266
119
75
190
95
158
265
101
68
164
99
97
269
115
70
169
93
139
267
112
81
163
118
162
212
110
64
67
111
109
241
114
69
162
131
107
275
119
56
162
116
135
234
99
72
158
92
200
278
88
64
151
165
164
256
126
69
188
199
175
274
92
64
197
100
131
270
106
73
194
128
155
257
120
67
180
87
115
257
92
60
97
116
139
311
97
175
85
92
79
257
109
67
196
127
101
266
90
169
87
114
106
319
92
73
185
123
144
132
92
168
105
178
112
240
110
79
202
135
95
241
113
75
202
127
132
249
95
75
164
106
70
253
93
71
206
136
134
318
113
78
269
118
82
319
93
173
96
123
139
250
99
65
64
189
68
273
99
76
152
130
145
193
111
72
92
165
181
248
111
73
181
117
173
278
107
175
102
114
185
261
113
70
172
93
97
257
114
61
64
90
75
266
109
73
193
170
153
268
110
73
210
161
130
280
90
80
203
94
104
264
112
67
180
135
79
263
103
70
158
100
84
273
100
69
157
123
103
