start: end: 349
244
317
239
378
321
349
340
333
243
352
294
364
277
312
188
249
262
296
349
316
305
319
242
279
309
250
318
320
298
330
308
338
305
313
326
315
268
294
317
208
283
305
338
318
289
348
284
326
323
402
343
307
192
314
260
292
276
304
333
115
320
330
324
309
317
286
297
271
311
305
321
323
261
199
320
278
348
295
365
306
349
316
341
276
263
357
314
242
347
315
269
313
285
342
250
167
272
323
320
184
320
255
318
346
312
337
296
258
326
275
275
249
243
321
300
300
286
201
332
338
176
170
206
325
326
258
330
333
324
345
344
315
311
379
148
313
303
314
316
331
301
369
337
299
281
288
339
320
313
217
357
298
292
284
316
334
255
309
353
332
300
290
383
271
302
310
322
342
311
319
361
305
325
297
368
308
283
268
291
281
328
285
203
373
360
329
334
310
312
294
264
305
351
280
337
267
375
326
272
340
326
358
413
282
232
346
339
325
235
300
356
373
295
298
313
175
325
250
198
384
296
324
310
270
302
324
336
330
251
232
313
309
336
304
321
324
291
347
294
324
328
366
324
259
285
344
292
291
308
313
360
283
337
170
338
277
334
294
300
341
351
217
282
298
309
274
258
337
267
372
245
324
318
307
333
343
306
280
273
234
282
300
273
333
287
325
78
333
308
285
308
352
313
299
265
325
354
180
206
296
318
298
301
294
316
233
229
313
239
282
341
358
211
261
285
225
330
297
223
245
256
264
298
204
302
184
327
211
346
328
306
294
366
391
313
210
329
282
319
316
324
285
301
302
327
325
363
262
331
343
274
239
342
276
308
284
287
232
353
319
245
150
281
318
306
339
315
195
355
323
231
313
200
325
322
374
339
286
390
305
217
323
180
300
329
278
328
294
187
373
292
326
353
188
311
330
337
309
293
377
275
312
313
331
363
339
312
307
324
336
326
246
272
253
283
341
235
357
318
327
337
253
315
333
205
273
293
382
332
316
326
296
290
227
262
384
305
293
263
330
288
302
331
326
271
294
318
310
350
301
313
325
313
322
290
235
292
296
312
306
353
189
331
348
291
280
304
272
334
357
320
310
254
338
308
357
311
349
316
173
206
310
345
278
357
279
337
278
261
237
162
330
294
315
282
175
335
188
298
292
355
331
304
146
280
205
347
339
252
324
190
323
331
334
202
369
331
334
283
289
313
288
295
301
354
183
357
301
269
271
231
295
249
377
330
369
178
275
241
335
355
370
347
306
320
289
281
303
342
205
233
323
261
331
349
322
185
316
272
317
328
356
333
162
287
308
288
309
298
293
310
300
257
309
341
309
321
388
344
331
233
74
292
216
332
321
326
132
315
317
231
363
344
325
337
313
380
353
370
330
319
366
307
340
323
439
340
399
342
347
380
336
371
363
357
377
349
343
371
370
335
337
331
332
357
334
360
359
410
382
330
294
339
341
354
345
331
360
327
363
354
331
334
379
336
294
352
372
374
341
343
351
388
100
361
315
340
352
338
322
275
176
318
326
255
349
331
364
320
138
292
324
337
311
337
343
330
319
339
337
299
291
323
320
126
318
298
179
302
304
373
326
341
365
393
152
280
333
319
395
298
351
316
362
344
328
344
287
332
345
320
277
329
308
316
314
355
290
311
273
273
272
309
355
322
305
326
356
340
300
266
284
346
266
341
130
238
304
336
304
307
302
298
283
380
245
304
278
324
309
342
291
352
246
319
367
337
294
248
261
329
271
248
314
314
258
280
320
312
237
311
353
337
319
279
275
309
266
309
331
269
328
285
298
306
291
205
331
348
384
308
331
369
298
359
290
160
334
274
286
361
302
311
271
374
335
325
313
212
362
322
344
177
303
329
286
323
247
335
288
278
262
341
345
262
311
288
258
351
316
236
267
355
301
287
221
163
261
336
326
243
226
267
313
321
284
289
334
325
367
346
281
297
317
344
318
296
320
166
312
296
261
284
324
122
351
307
291
78
344
320
302
159
355
338
277
311
310
300
312
356
315
342
340
342
366
287
347
288
260
230
303
359
332
286
264
310
367
327
310
300
358
179
292
274
312
189
290
330
323
328
285
322
278
303
301
396
288
314
161
359
260
327
316
300
303
278
190
345
336
321
384
333
358
344
345
365
343
373
371
333
365
371
336
425
370
361
359
346
371
366
345
335
327
351
308
344
381
386
312
345
367
348
343
349
446
336
339
338
361
363
339
325
369
329
331
372
378
351
348
363
347
334
344
357
331
368
382
365
362
368
327
329
357
384
340
334
319
340
