108
182
96
116
140
97
207
94
74
166
118
132
240
113
73
197
101
146
216
92
83
192
88
110
244
109
70
167
117
151
277
78
71
169
113
126
267
89
66
161
119
114
213
106
67
177
91
114
257
101
64
185
97
73
212
112
69
166
106
82
276
94
67
192
112
124
224
102
72
166
118
120
244
105
59
174
103
101
270
111
71
163
112
88
265
76
65
173
92
121
245
75
66
194
159
135
232
100
66
202
121
112
262
105
69
163
98
86
300
86
68
173
107
171
281
88
71
148
113
152
259
115
65
157
132
108
192
97
64
189
85
180
261
99
67
154
119
98
278
103
63
172
131
123
297
86
63
180
94
112
271
83
67
161
126
137
269
87
67
166
102
146
273
100
70
163
119
155
217
112
67
213
104
151
256
112
72
162
93
124
227
111
75
199
143
144
277
77
66
162
80
126
272
101
68
164
111
103
302
100
57
158
86
111
194
114
71
198
100
198
285
103
71
163
143
146
242
100
59
184
86
115
296
82
55
148
116
112
275
113
66
194
90
100
258
97
65
148
92
179
155
73
63
172
125
152
287
91
171
85
120
120
256
89
71
171
117
120
215
119
60
150
144
88
194
63
70
172
125
127
297
97
180
135
86
125
262
93
60
171
64
134
222
125
70
171
161
181
292
76
62
161
124
69
285
96
61
152
101
121
274
105
64
159
136
166
237
93
78
199
121
153
255
84
69
174
80
121
224
86
71
159
98
110
272
120
67
181
161
162
267
112
71
171
95
115
268
105
64
95
101
94
275
94
70
208
88
95
273
95
73
165
132
162
247
97
69
66
92
130
149
79
176
106
126
168
257
102
70
171
103
131
275
83
68
155
97
153
257
81
64
62
155
78
253
97
68
176
100
132
259
121
64
164
127
128
264
118
64
163
122
88
221
122
63
193
102
162
265
97
63
158
100
80
266
94
71
68
183
121
278
77
67
156
79
68
228
88
66
195
76
81
211
114
71
176
136
110
287
108
164
93
116
147
279
98
70
194
105
119
317
93
170
129
104
143
218
112
62
156
85
153
244
102
66
174
140
92
301
94
69
174
112
71
233
90
64
165
104
134
158
77
169
116
72
138
202
99
67
152
120
119
230
103
68
170
121
137
263
126
63
195
87
69
272
105
69
172
145
170
249
106
67
171
122
71
225
99
69
64
265
99
294
96
174
136
172
107
274
100
70
194
139
124
242
112
72
68
167
98
233
101
63
172
123
88
262
84
57
148
121
175
235
106
74
164
118
92
278
71
73
165
91
79
257
74
62
65
173
122
221
106
66
162
127
128
241
104
72
164
105
165
275
84
63
172
135
94
274
94
72
154
94
108
279
79
70
162
114
107
124
115
66
158
108
111
220
107
70
192
85
76
262
104
66
175
101
133
201
100
65
174
189
105
276
114
70
175
124
123
273
97
65
170
170
189
248
108
61
173
134
121
235
108
67
162
87
109
266
108
66
168
98
107
256
109
68
168
114
118
270
102
169
90
107
187
210
110
69
175
137
108
216
112
74
176
92
148
232
95
71
160
114
77
263
102
70
162
148
151
307
95
181
90
136
140
218
102
67
189
94
134
226
90
74
165
134
81
288
69
63
157
105
184
259
91
71
169
115
114
132
79
82
188
101
168
258
121
67
171
112
177
278
90
63
170
125
137
243
89
73
171
106
96
123
92
70
170
95
122
222
116
69
161
123
149
213
97
64
167
110
128
261
95
70
161
104
78
237
109
69
165
154
72
257
98
73
207
141
162
284
100
61
148
97
93
261
95
66
157
77
144
274
87
65
203
89
187
298
85
56
154
123
109
262
91
68
173
116
95
204
109
68
204
138
81
142
87
80
169
126
107
247
101
67
167
131
108
244
68
69
172
91
82
264
82
69
215
93
195
173
82
197
135
90
94
267
84
68
168
148
146
258
110
67
165
116
180
257
83
68
160
120
171
250
99
72
168
73
142
214
102
73
164
104
61
264
90
65
69
88
100
298
93
57
185
67
186
268
95
186
91
101
134
165
80
64
161
109
150
266
88
71
158
130
71
240
106
62
174
127
65
244
89
169
94
153
151
239
95
67
159
96
152
243
95
70
173
113
134
254
93
75
63
80
111
266
103
76
164
118
67
283
88
60
187
103
95
205
85
66
166
88
111
254
81
73
166
117
177
127
107
62
154
108
85
294
91
58
153
116
131
262
88
69
177
90
174
255
83
64
185
120
140
207
103
62
150
92
85
258
101
64
204
93
129
214
98
75
169
109
146
199
97
72
167
136
121
235
98
68
167
146
111
266
109
175
91
105
115
280
103
71
202
170
129
280
84
71
165
104
150
283
120
81
164
109
142
219
97
66
162
123
115
309
92
175
83
103
115
214
89
75
163
140
151
258
121
68
197
168
135
257
90
69
201
61
161
245
112
67
199
63
111
272
78
66
165
100
68
109
72
60
178
101
119
203
108
66
170
113
115
259
95
64
175
109
120
254
105
72
179
121
113
270
106
61
152
120
84
216
90
74
177
130
137
244
85
68
167
107
83
255
111
70
169
126
114
228
74
66
168
85
166
221
110
68
172
121
159
269
98
70
172
80
106
257
91
66
178
106
127
271
74
72
161
98
100
243
107
56
158
88
86
265
84
68
164
133
85
293
85
65
208
106
138
273
97
67
175
78
143
225
92
72
162
89
143
266
90
73
173
135
102
283
83
61
192
87
144
142
87
68
199
125
148
308
94
175
99
162
152
283
92
68
170
122
140
233
121
58
159
105
143
247
99
66
177
106
158
258
99
175
114
113
130
240
78
77
167
65
82
276
91
64
170
117
192
248
103
61
159
113
91
226
114
58
150
101
107
250
83
69
168
107
145
230
124
67
162
128
91
306
89
161
88
130
121
261
108
73
166
121
80
253
94
68
161
98
94
195
77
80
65
200
94
227
99
66
172
118
71
218
104
74
166
94
120
307
93
175
119
75
125
249
76
72
173
118
134
136
93
85
169
131
114
271
111
69
198
95
128
281
102
74
160
128
102
249
108
67
166
123
156
256
96
69
159
112
120
245
100
60
163
126
143
238
103
72
204
154
130
216
92
69
187
120
149
276
91
71
196
72
151
239
112
76
163
120
110
255
122
64
157
118
130
198
89
71
166
95
167
274
109
66
191
98
168
225
87
62
67
192
92
234
100
73
209
164
154
228
108
71
204
123
134
212
113
67
164
102
158
248
86
70
161
99
125
272
92
63
191
147
146
261
109
66
152
128
86
168
68
165
112
106
136
238
100
63
165
110
128
292
102
67
197
119
145
311
81
167
107
103
166
269
86
65
176
147
147
278
100
73
209
157
119
272
113
68
195
129
145
260
74
67
166
129
162
262
93
67
173
87
153
247
107
68
161
108
83
191
78
69
163
96
73
265
86
61
153
120
160
281
89
62
151
106
103
305
93
168
82
141
100
275
92
67
163
81
156
242
95
64
161
76
138
212
103
67
170
114
127
267
107
73
159
94
133
251
120
65
150
91
125
259
110
70
171
122
114
142
74
171
86
138
144
245
109
69
167
139
62
288
82
71
177
92
174
269
79
69
198
61
160
284
113
64
152
110
145
257
100
68
165
130
64
275
95
74
204
102
131
213
93
77
68
172
72
267
110
80
218
67
188
245
96
73
165
126
144
225
100
69
163
79
124
268
101
164
84
89
160
298
85
58
181
152
120
217
90
70
166
110
87
276
85
60
165
90
83
284
78
63
66
97
143
255
106
66
169
142
148
296
83
57
148
114
204
265
89
73
158
107
121
268
119
62
165
120
128
161
86
63
172
110
136
217
110
70
194
125
148
259
107
64
71
78
97
267
79
67
175
135
137
274
119
79
246
65
106
248
107
77
169
129
129
273
102
68
190
96
106
263
95
70
211
162
124
254
125
59
161
122
121
288
96
61
185
98
108
274
115
72
201
100
157
233
79
75
173
131
182
224
104
65
160
76
125
260
100
63
194
95
150
244
93
67
170
99
120
240
91
61
172
115
124
256
124
60
157
121
115
248
84
73
162
108
93
240
101
69
181
102
142
293
99
69
202
88
154
139
81
171
90
163
159
220
105
69
70
170
123
253
84
73
158
122
100
251
133
68
161
119
114
221
92
69
158
80
194
256
107
65
169
125
134
233
105
65
203
94
167
242
81
71
171
110
128
241
105
76
170
131
93
274
109
67
70
191
210
231
90
69
191
131
147
218
107
67
206
117
83
232
112
68
170
118
126
257
102
80
169
73
153
242
111
70
166
140
82
224
92
66
170
127
77
242
81
61
150
127
140
225
89
67
164
135
150
205
92
68
172
103
162
216
114
70
155
129
138
144
73
179
90
125
84
254
94
58
65
177
68
280
98
74
181
119
128
132
97
81
164
166
137
205
111
65
171
139
116
259
100
71
166
107
125
260
98
72
162
137
155
261
109
66
173
133
118
260
102
65
164
121
167
281
97
65
170
132
176
264
80
73
165
97
150
138
91
72
156
106
147
272
93
72
161
126
73
274
110
77
170
103
100
262
109
72
160
84
139
141
73
65
162
132
192
280
96
66
151
103
109
255
108
69
168
106
99
247
93
64
150
125
168
262
120
59
164
140
160
198
74
199
110
82
121
125
98
67
70
199
80
274
95
61
162
124
170
276
83
70
173
124
191
249
82
72
172
119
143
248
111
68
175
160
94
282
84
61
163
92
183
281
93
167
115
150
76
284
112
64
181
109
173
295
99
76
172
159
129
273
111
66
207
171
140
267
92
65
162
134
112
224
69
56
146
116
80
305
98
172
103
128
84
273
72
68
164
104
150
276
84
65
151
223
152
281
83
72
158
111
138
257
111
67
204
76
165
244
96
70
161
110
83
261
83
57
149
116
122
97
104
60
162
113
58
258
91
64
170
132
79
247
102
75
152
107
85
236
90
68
187
122
150
232
114
65
155
138
83
242
98
70
173
127
157
256
104
61
58
153
129
261
107
68
170
113
67
188
101
69
163
79
129
234
96
67
175
183
193
279
87
56
159
118
108
244
108
72
175
107
133
283
95
67
152
128
107
217
101
69
205
110
122
258
96
75
161
110
63
248
99
68
164
113
170
247
100
70
209
110
141
246
96
69
169
131
188
262
104
71
166
101
128
274
89
58
193
90
184
146
84
66
192
82
121
218
96
70
172
106
57
253
77
64
163
106
145
239
123
66
162
123
87
226
90
72
162
137
131
208
77
59
77
202
99
260
116
79
161
102
104
261
93
70
161
76
135
266
106
65
70
108
115
268
92
65
174
107
134
274
99
74
197
70
78
287
85
62
193
124
154
271
96
68
96
72
105
272
74
70
168
100
121
254
98
62
143
100
151
213
91
68
159
118
101
253
111
169
102
110
143
218
97
78
205
116
181
201
102
77
164
130
110
233
97
71
159
120
88
147
87
64
172
150
137
279
94
63
97
105
83
273
112
64
173
110
125
217
61
66
174
113
149
280
99
67
152
138
119
254
69
63
60
184
118
159
81
73
167
101
149
240
92
72
168
106
116
220
78
81
169
104
128
267
100
53
159
126
156
258
115
66
171
131
110
255
93
63
61
194
116
258
91
67
88
101
132
207
79
72
165
85
84
242
91
64
149
64
132
258
86
68
156
115
202
235
93
70
165
104
114
262
112
72
168
134
162
218
88
72
166
96
184
266
110
76
210
80
141
140
82
61
181
75
229
268
108
174
105
107
128
235
114
69
194
110
127
218
96
64
167
131
68
247
97
170
113
107
205
259
79
69
172
121
127
281
78
68
154
95
89
264
83
68
169
86
67
245
104
63
192
160
175
261
100
74
170
107
96
130
93
70
172
111
146
221
128
65
161
120
148
246
92
73
158
93
151
228
113
74
192
120
156
209
99
72
155
84
99
268
78
64
149
112
143
268
94
73
162
81
139
206
106
73
198
73
112
270
95
69
206
82
172
247
95
72
173
119
132
141
94
61
217
98
145
268
79
71
173
121
69
260
100
68
164
151
125
166
90
67
159
119
76
199
79
75
175
108
127
215
74
68
162
93
105
275
110
75
171
113
99
272
75
72
59
179
106
269
87
69
58
117
69
219
110
65
156
104
58
239
95
66
165
102
134
262
88
62
171
140
140
276
81
63
187
88
180
219
71
73
210
106
126
223
76
71
70
126
164
231
92
78
188
113
107
262
97
75
173
141
87
196
82
70
172
140
114
197
129
72
159
113
137
270
75
69
163
127
161
120
103
71
167
122
92
224
89
78
61
187
151
253
92
70
67
108
115
284
124
66
149
102
91
245
109
74
161
123
155
265
85
56
180
78
136
220
91
69
168
125
136
267
103
76
167
106
163
287
116
181
98
124
131
165
103
68
167
109
89
227
77
81
167
80
69
227
104
61
167
152
159
274
91
65
68
83
121
251
107
73
163
91
177
258
70
72
163
108
122
227
125
71
71
147
83
244
117
64
194
84
94
269
87
67
177
100
145
255
94
71
172
79
75
215
75
67
66
153
106
143
93
167
136
182
152
259
126
65
181
58
104
216
86
62
165
113
90
227
117
68
270
135
95
247
90
75
63
95
126
272
85
73
201
89
128
270
80
59
160
112
72
257
83
67
171
125
156
189
98
69
167
113
94
248
103
72
164
123
170
276
101
72
141
134
111
300
94
75
82
125
138
266
112
64
174
123
73
283
108
73
152
108
81
258
102
65
193
151
164
258
83
62
163
109
77
229
107
66
165
117
143
210
152
72
285
76
100
261
83
66
164
79
104
259
112
71
160
154
104
155
93
61
171
105
133
270
86
59
165
143
68
268
89
71
170
112
99
275
94
72
165
90
95
200
81
71
168
116
105
272
93
73
157
97
71
205
90
69
170
126
149
201
100
65
165
121
147
260
83
78
174
100
154
270
76
69
160
117
154
255
92
73
162
94
101
262
102
65
155
137
140
276
84
61
65
102
123
252
114
70
209
106
149
269
101
62
162
127
84
293
94
62
148
127
138
225
97
66
171
115
88
219
107
71
168
113
168
253
103
76
240
106
83
274
100
69
169
96
119
145
93
211
129
93
124
261
102
69
162
152
135
244
85
70
156
94
113
219
119
69
184
117
99
240
89
62
60
151
110
273
95
73
164
124
108
258
73
65
190
134
151
243
101
73
162
136
79
279
75
63
170
133
154
226
96
68
201
86
147
268
87
73
174
129
170
242
100
73
160
92
101
237
111
67
171
119
111
261
82
61
76
86
154
243
90
68
174
103
113
245
93
78
164
127
162
269
81
72
206
91
78
253
105
71
63
150
89
222
99
64
193
68
99
228
97
67
184
95
176
242
73
66
171
68
127
255
96
68
170
88
75
271
111
61
57
67
239
230
103
180
125
133
127
249
69
77
59
210
111
256
97
74
161
102
89
280
122
64
157
102
145
214
117
69
170
116
133
291
95
65
175
112
134
255
72
70
59
194
145
250
91
70
162
102
110
231
108
70
187
117
76
284
99
62
71
152
110
126
109
69
165
118
77
242
97
71
169
106
116
259
97
75
155
85
87
214
96
72
173
123
161
259
96
176
105
149
157
116
63
77
70
84
159
230
96
67
174
91
132
204
104
70
210
104
143
259
81
64
195
142
173
253
108
69
160
118
132
263
78
71
167
88
121
262
97
79
167
127
94
279
97
172
118
128
129
251
118
61
191
72
143
243
111
67
164
123
86
240
72
66
66
101
80
255
104
68
72
96
104
236
119
69
151
99
115
242
84
67
166
96
105
206
70
73
168
89
92
201
114
69
161
139
74
269
120
65
195
171
95
256
96
82
196
99
173
269
93
65
150
119
115
271
96
65
162
87
83
276
92
66
165
112
78
256
106
76
163
109
79
151
84
159
98
122
62
270
106
75
204
141
143
245
99
66
68
248
119
245
91
64
201
109
156
248
103
66
196
103
97
283
103
176
117
88
108
276
108
68
195
97
191
252
108
74
162
98
118
238
72
63
156
77
79
262
85
59
186
144
161
287
108
66
160
134
141
261
103
73
149
119
85
269
113
75
170
140
168
223
98
80
206
147
129
231
114
67
161
120
143
258
94
76
165
117
180
228
112
64
64
173
188
222
111
65
169
126
100
284
95
68
165
141
86
227
107
62
186
108
134
131
83
68
180
128
145
261
91
79
198
115
128
218
79
66
171
126
125
270
96
62
187
84
110
253
100
66
209
116
188
280
87
69
175
106
157
241
106
69
165
126
137
272
80
66
168
127
112
261
101
70
184
172
68
157
84
67
166
113
92
272
98
57
160
108
81
233
99
72
201
112
147
259
96
67
160
122
206
259
112
67
169
147
86
245
89
68
158
117
91
260
88
67
165
121
118
213
81
69
63
156
130
262
78
65
156
78
94
220
79
79
172
114
119
241
86
69
166
112
146
175
107
68
162
122
147
280
100
175
120
122
152
208
117
68
76
127
163
211
103
70
161
131
165
282
109
170
91
173
156
277
92
62
154
112
146
280
117
64
162
92
97
204
83
69
66
169
160
202
109
68
160
89
179
226
116
74
205
98
141
247
108
68
172
128
83
269
95
64
175
118
141
265
111
64
191
75
147
246
106
71
160
121
162
261
106
75
199
82
96
291
86
73
170
123
141
261
78
69
166
85
158
297
99
70
211
90
148
199
96
74
174
126
168
216
116
71
161
102
112
156
77
183
120
171
59
288
90
61
181
86
147
254
107
66
171
179
145
212
102
69
169
123
61
237
98
67
98
74
80
230
95
76
188
133
83
288
98
66
198
147
192
283
92
78
183
143
143
206
105
74
203
84
111
182
82
61
57
103
89
271
85
66
165
120
96
275
104
67
198
68
130
272
94
76
209
100
137
261
111
72
128
127
131
267
111
63
173
113
153
316
92
172
114
62
84
232
103
69
169
118
192
265
105
66
166
95
157
187
99
68
210
126
191
262
88
68
159
128
86
170
76
69
173
82
65
234
94
66
164
93
145
225
95
71
169
87
104
292
86
160
88
81
95
245
99
68
166
126
118
245
110
71
166
130
110
269
79
67
157
129
107
310
96
173
94
121
92
296
93
173
103
153
131
283
103
170
112
180
154
262
95
82
70
172
84
259
96
63
166
112
157
256
94
74
61
150
147
272
81
66
168
130
130
211
116
79
196
169
147
310
85
75
177
166
154
224
109
70
162
109
59
221
90
73
192
109
138
255
110
68
174
124
120
257
117
70
207
110
120
120
116
67
160
105
110
161
94
63
164
93
103
251
87
63
149
126
136
214
111
82
187
82
161
240
108
70
156
82
158
215
96
72
168
124
86
261
106
74
204
80
118
213
85
69
164
74
169
276
102
61
192
127
117
271
95
69
161
122
102
195
98
73
159
88
105
243
109
68
194
151
125
283
102
61
156
104
173
281
105
70
173
117
169
269
101
67
203
128
126
269
107
74
164
155
106
219
101
64
153
108
84
283
98
66
181
142
140
273
81
82
180
121
136
226
106
66
200
164
157
136
91
170
83
141
152
255
82
69
55
151
98
275
108
71
199
90
130
243
95
167
96
96
137
261
84
72
167
110
75
242
76
73
172
115
65
259
132
63
186
131
97
185
100
67
188
93
78
283
91
173
97
139
115
238
98
69
177
107
134
289
94
175
99
122
142
249
96
71
214
151
153
259
93
65
205
77
139
252
106
65
226
103
141
274
84
65
156
110
201
234
111
76
211
150
183
210
100
71
156
105
60
238
109
71
171
112
115
287
75
67
199
142
156
271
100
172
96
136
131
140
81
67
67
201
115
205
109
73
169
121
180
237
99
71
161
95
119
257
109
70
207
87
177
242
111
68
204
60
115
280
108
73
194
142
89
234
81
72
159
96
84
257
111
70
194
110
140
283
95
71
173
115
103
255
90
70
168
115
121
243
97
69
163
116
166
275
93
72
205
96
147
254
98
70
74
179
84
270
108
63
220
97
128
194
101
71
164
87
148
248
136
69
158
126
155
242
86
71
161
101
92
211
117
68
174
76
179
254
99
67
54
206
172
271
98
60
153
105
74
101
77
187
151
174
215
273
101
67
202
96
113
215
102
68
198
116
224
252
97
65
179
77
114
262
92
74
172
81
93
257
77
72
172
103
135
257
111
72
168
114
108
258
85
64
166
94
147
283
84
68
166
90
71
259
104
58
160
122
60
248
102
66
174
143
153
202
115
70
173
122
101
247
91
80
67
192
84
264
108
169
92
176
127
235
94
75
169
114
163
222
96
63
62
88
54
274
82
70
156
114
151
220
105
78
167
147
172
279
89
75
165
92
127
203
105
66
163
121
146
138
87
66
196
84
148
290
87
62
155
105
200
267
112
74
210
105
190
273
82
167
101
68
120
257
110
164
96
125
156
263
95
73
168
142
83
253
92
164
96
105
149
278
82
66
165
121
119
262
81
77
154
116
117
270
100
168
139
83
168
268
100
77
170
112
144
279
81
69
174
147
109
153
89
63
201
102
136
205
87
68
67
78
61
275
95
60
202
140
180
246
110
70
165
128
139
262
108
68
159
96
98
285
96
69
171
124
146
256
89
67
172
127
203
269
80
68
170
106
154
157
74
150
147
173
58
260
90
66
153
118
148
244
94
65
170
117
129
258
90
64
170
103
174
133
112
63
170
144
95
134
106
68
172
66
179
243
116
67
163
154
218
261
120
66
151
118
91
248
100
58
163
131
112
281
93
70
207
76
137
263
100
73
64
177
139
277
111
73
207
84
87
274
68
70
66
160
182
262
95
66
163
111
129
254
85
66
173
115
130
269
98
65
160
105
77
271
96
60
149
119
104
214
83
73
164
90
90
219
105
69
163
122
115
212
108
64
171
110
134
115
98
74
64
193
133
238
86
68
169
88
113
248
103
70
162
123
172
238
108
74
154
78
169
304
88
78
99
153
161
224
81
85
190
79
132
254
69
79
166
141
70
267
74
72
207
192
138
255
141
63
284
104
75
224
102
58
179
63
139
261
77
77
165
114
101
251
96
72
64
203
61
278
101
62
178
94
63
257
110
71
171
111
114
270
100
87
207
105
166
279
85
74
163
100
87
288
95
75
173
121
106
248
95
69
164
119
86
247
89
74
160
95
120
273
108
72
204
58
107
156
88
66
98
60
120
261
77
67
70
188
113
253
129
70
172
113
208
228
106
66
62
151
175
253
107
65
166
130
160
254
99
68
162
128
107
270
94
65
146
137
96
219
101
77
210
124
121
220
96
70
71
212
110
199
90
75
101
173
139
237
109
70
159
123
116
201
74
74
194
120
101
187
88
67
172
118
106
252
88
76
202
85
172
276
77
64
68
163
93
270
86
71
174
105
155
276
78
70
152
120
93
236
98
69
171
120
89
277
97
71
207
70
121
263
104
167
63
131
183
152
78
166
84
141
134
253
84
63
154
169
131
271
91
74
204
163
114
284
110
68
176
86
87
223
90
62
161
90
76
258
90
66
167
127
79
247
94
72
170
87
149
263
107
75
166
129
79
255
110
64
202
89
156
273
87
55
151
120
94
259
116
63
175
139
142
267
128
71
176
109
88
234
131
80
256
104
90
223
113
57
161
109
77
202
121
64
173
62
172
236
117
84
163
123
161
283
102
164
99
124
87
274
121
169
146
159
160
240
98
63
203
146
143
268
89
77
195
130
97
160
86
171
128
106
159
232
95
69
161
141
148
265
105
70
161
85
152
274
99
169
66
118
87
219
95
80
159
86
137
228
97
67
192
108
165
249
108
71
197
113
126
226
117
66
160
141
119
268
83
67
97
86
181
245
94
65
67
211
153
257
90
65
101
169
157
306
97
78
61
244
117
257
111
67
166
123
133
267
104
65
165
124
136
227
83
71
168
121
143
279
76
67
71
60
291
245
109
63
163
118
182
285
86
174
97
152
150
253
95
73
172
121
89
272
90
79
204
141
144
153
92
66
172
184
115
254
95
72
171
112
93
242
77
76
188
150
84
309
96
73
165
117
112
277
96
70
164
115
142
273
91
67
166
92
98
255
105
61
162
112
127
269
95
68
164
92
79
243
89
70
59
147
111
266
76
70
197
108
67
281
106
72
169
120
137
283
99
67
160
98
101
144
104
66
197
85
120
252
94
69
169
135
146
258
90
69
209
105
137
263
113
69
169
96
91
122
87
68
68
169
97
265
102
67
168
144
100
230
110
77
167
98
92
207
102
76
187
114
151
155
91
68
169
124
153
269
101
78
96
108
144
267
84
65
109
164
131
253
92
68
67
156
98
271
98
72
159
122
158
217
119
69
170
164
80
227
95
65
172
116
97
270
109
173
77
150
120
293
100
74
103
162
160
280
106
78
194
129
103
212
109
89
253
112
92
214
94
68
173
111
71
262
104
67
192
107
137
208
77
72
71
186
133
216
113
66
171
129
143
255
92
70
160
107
140
226
113
62
164
133
74
271
102
71
170
120
84
227
109
68
204
122
136
234
110
68
166
137
118
155
81
163
119
87
111
230
100
73
173
118
122
226
113
70
167
114
98
263
76
65
183
126
140
211
93
77
212
80
153
204
105
66
179
137
159
288
94
169
94
116
117
218
103
73
209
156
128
258
70
80
172
120
109
257
115
72
212
95
85
273
100
69
159
83
147
283
96
69
201
131
139
233
107
69
173
86
161
239
87
71
70
207
163
159
96
72
161
133
148
231
84
72
170
89
121
300
84
76
169
89
157
257
116
67
153
126
99
171
77
162
83
163
77
257
103
68
179
115
159
242
89
68
157
80
98
282
83
68
172
112
168
259
103
75
174
118
112
250
95
62
177
104
110
276
109
65
215
185
96
260
90
62
149
95
124
273
82
68
175
106
80
211
109
66
165
83
79
216
111
73
167
111
101
272
97
64
152
111
85
224
109
71
162
100
86
292
113
63
155
131
144
272
70
66
168
75
181
243
98
67
68
88
188
288
91
64
146
127
80
235
107
69
163
120
165
273
92
74
162
137
161
213
111
74
159
142
174
277
110
61
162
121
147
256
121
72
204
137
168
118
95
61
164
125
136
280
96
166
78
94
155
258
93
70
193
96
134
211
109
55
155
116
91
261
94
75
158
123
69
246
113
83
204
166
144
272
82
72
158
105
87
243
115
67
201
94
126
209
96
62
159
105
181
261
112
77
195
104
118
245
109
73
204
111
122
273
116
69
172
121
137
260
106
70
66
175
104
290
89
168
98
208
128
244
100
67
151
149
131
263
86
67
192
84
138
268
88
66
170
117
118
243
113
68
170
124
167
287
111
175
128
189
79
273
92
65
207
109
91
165
87
169
115
153
80
280
101
66
211
123
137
223
72
60
65
152
128
271
91
69
190
111
174
258
80
73
158
101
57
260
106
69
198
144
182
218
94
72
160
112
118
289
85
77
178
131
125
251
91
70
158
91
119
266
99
160
94
150
94
215
75
72
61
84
105
239
121
70
200
132
81
256
105
74
192
201
109
253
80
68
58
155
122
279
85
66
170
126
156
268
108
83
166
108
132
217
109
70
172
128
145
201
110
66
192
98
136
272
87
75
170
126
171
251
105
68
170
88
156
