613
323
338
264
362
331
341
321
187
354
230
305
324
293
344
392
216
329
313
271
333
163
294
343
348
181
346
275
305
307
253
287
335
238
172
309
360
321
345
347
320
143
71
315
261
243
370
287
297
308
305
233
295
330
338
306
275
269
351
287
309
291
265
354
355
311
325
272
317
207
203
245
198
304
304
333
311
318
302
341
289
324
291
296
334
354
305
302
284
268
336
298
303
273
294
210
261
359
244
157
301
341
297
187
252
314
341
156
346
266
347
276
287
197
352
259
309
312
303
323
266
303
300
301
307
290
302
310
348
362
299
122
321
309
296
308
300
328
141
351
319
240
291
236
297
316
318
337
309
155
330
326
294
252
323
292
272
288
336
295
176
288
295
354
291
310
234
344
299
328
123
397
262
306
320
314
165
325
363
303
299
219
337
298
341
300
382
319
200
256
290
305
278
381
298
287
320
285
275
321
329
281
216
317
283
280
296
273
319
397
161
308
327
254
290
344
336
251
336
351
253
348
307
295
332
206
287
279
310
346
306
317
344
310
346
282
332
249
250
329
211
317
287
354
244
340
295
191
276
269
286
321
304
343
116
358
298
255
262
212
172
337
295
329
292
269
341
298
280
311
323
350
356
324
321
317
321
253
320
283
307
306
319
191
276
282
377
309
272
267
340
313
306
190
346
305
313
259
315
318
367
183
350
248
298
222
294
291
130
269
326
290
214
330
300
294
311
204
291
340
263
324
317
304
155
341
321
321
284
210
347
274
251
314
232
180
331
307
323
315
324
396
243
325
274
317
229
321
306
303
295
262
338
354
317
308
307
309
296
349
149
263
361
267
302
224
299
378
263
295
342
376
272
310
336
271
310
299
325
173
308
346
229
260
345
266
329
206
321
260
74
218
292
266
341
318
321
312
321
297
289
293
292
297
351
272
320
317
86
293
300
349
306
183
318
305
225
187
278
242
288
300
288
225
353
218
324
312
314
278
293
322
334
358
234
248
341
323
313
305
260
268
350
275
258
207
265
291
357
212
320
302
321
360
400
341
380
319
350
337
340
343
318
382
343
320
314
351
378
364
344
338
342
315
370
332
373
343
338
379
342
359
361
362
384
329
372
349
299
363
318
359
360
333
364
326
359
373
342
407
342
343
361
301
326
290
314
365
243
237
308
133
340
320
336
349
267
384
238
275
278
304
380
343
355
294
278
332
267
180
256
231
185
320
210
331
334
291
224
399
303
380
296
331
382
328
304
332
335
302
329
193
269
375
233
294
326
354
269
193
341
337
306
323
329
258
333
286
201
129
228
313
326
306
303
319
330
295
193
252
313
310
317
352
323
266
320
325
307
330
323
271
343
280
398
292
274
260
338
177
282
296
270
313
315
302
183
303
280
240
325
293
304
289
284
295
148
155
323
268
293
270
320
241
279
281
340
290
299
167
331
283
335
318
215
313
310
194
331
318
320
144
349
316
319
363
317
288
198
269
356
376
260
292
305
311
258
283
185
218
222
368
327
317
278
343
408
380
304
256
262
297
369
342
258
298
336
282
281
382
285
273
332
255
188
247
291
276
178
261
271
286
294
318
340
220
311
299
267
264
352
403
262
230
273
308
296
316
331
309
281
295
322
303
319
342
192
309
303
328
324
268
370
328
226
316
298
300
230
249
317
349
261
265
331
286
337
158
313
218
356
294
321
310
289
321
324
305
121
179
336
266
314
345
349
223
128
335
313
352
187
284
179
331
297
331
309
321
325
322
311
302
374
209
141
315
262
306
311
339
300
305
307
346
250
302
314
320
330
284
252
374
340
303
311
314
330
127
301
318
313
334
347
241
264
299
247
318
250
275
164
291
166
266
263
291
347
293
350
293
244
247
313
373
336
246
362
257
331
210
332
281
313
310
291
180
340
124
288
279
408
325
260
247
332
341
328
291
346
339
321
338
343
372
337
391
373
327
348
366
338
347
350
322
324
377
316
335
300
359
405
337
337
339
294
307
362
317
321
338
323
368
341
295
341
299
356
318
353
322
341
349
343
362
352
335
312
298
340
318
329
286
330
304
320
397
354
356
295
383
267
272
141
227
268
295
406
316
307
337
317
317
318
308
152
337
289
365
250
340
329
337
344
341
199
413
320
299
657
354
321
254
290
288
340
344
343
324
271
243
336
352
323
267
335
337
344
166
291
300
233
347
289
286
327
273
300
305
293
285
236
342
331
305
177
195
163
259
308
330
297
266
370
240
226
280
324
277
279
364
356
270
332
260
224
390
290
252
328
302
