613
323
338
264
362
331
341
321
187
354
230
305
324
293
344
392
216
329
313
271
333
163
294
343
348
181
346
275
305
307
253
287
335
238
172
309
360
321
345
347
320
143
71
315
261
243
370
287
297
308
305
233
295
330
338
306
275
269
351
287
309
291
265
354
355
311
325
272
317
207
203
245
198
304
304
333
311
318
302
341
289
324
291
296
334
354
305
302
284
268
336
298
303
273
294
210
261
359
244
157
301
341
297
187
252
314
341
156
346
266
347
276
287
197
352
259
309
312
303
323
266
303
300
301
307
290
302
310
348
362
299
122
321
309
296
308
300
328
141
351
319
240
291
236
297
316
318
337
309
155
330
326
294
252
323
292
272
288
336
295
176
288
295
354
291
310
234
344
299
328
123
397
262
306
320
314
165
325
363
303
299
219
337
298
341
300
382
319
200
256
290
305
278
381
298
287
320
285
275
321
329
281
216
317
283
280
296
273
319
397
161
308
327
254
290
344
336
251
336
351
253
348
307
295
332
206
287
279
310
346
306
317
344
310
346
282
332
249
250
329
211
317
287
354
244
340
295
191
276
269
286
321
304
343
116
358
298
255
262
212
172
337
295
329
292
269
341
298
280
311
323
350
356
324
321
317
321
253
320
283
307
306
319
191
276
282
377
309
272
267
340
313
306
190
346
305
313
259
315
318
367
183
350
248
298
222
294
291
130
269
326
290
214
330
300
294
311
204
291
340
263
324
317
304
155
341
321
321
284
210
347
274
251
314
232
180
331
307
323
315
324
396
243
325
274
317
229
321
306
303
295
262
338
354
317
308
307
309
296
349
149
263
361
267
302
224
299
378
263
295
342
376
272
310
336
271
310
299
325
173
308
346
229
260
345
266
329
206
321
260
74
218
292
266
341
318
321
312
321
297
289
293
292
297
351
272
320
317
86
293
300
349
306
183
318
305
225
187
278
242
288
300
288
225
353
218
324
312
314
278
293
322
334
358
234
248
341
323
313
305
260
268
350
275
258
207
265
291
357
212
320
302
321
360
400
341
380
319
350
337
340
343
318
382
343
320
314
351
378
364
344
338
342
315
370
332
373
343
338
379
342
359
361
362
384
329
372
349
299
363
318
359
360
333
364
326
359
373
342
407
342
343
361
301
326
290
314
365
243
237
308
133
340
320
336
349
267
384
238
275
278
304
380
343
355
294
278
332
267
180
256
231
185
320
210
331
334
291
224
399
303
380
296
331
382
328
304
332
335
302
329
193
269
375
233
294
326
354
269
193
341
337
306
323
329
258
333
286
201
129
228
313
326
306
303
319
330
295
193
252
313
310
317
352
323
266
320
325
307
330
323
271
343
280
398
292
274
260
338
177
282
296
270
313
315
302
183
303
280
240
325
293
304
289
284
295
148
155
323
268
293
270
320
241
279
281
340
290
299
167
331
283
335
318
215
313
310
194
331
318
320
144
349
316
319
363
317
288
198
269
356
376
260
292
305
311
258
283
185
218
222
368
327
317
278
343
408
380
304
256
262
297
369
342
258
298
336
282
281
382
285
273
332
255
188
247
291
276
178
261
271
286
294
318
340
220
311
299
267
264
352
403
262
230
273
308
296
316
331
309
281
295
322
303
319
342
192
309
303
328
324
268
370
328
226
316
298
300
230
249
317
349
261
265
331
286
337
158
313
218
356
294
321
310
289
321
324
305
121
179
336
266
314
345
349
223
128
335
313
352
187
284
179
331
297
331
309
321
325
322
311
302
374
209
141
315
262
306
311
339
300
305
307
346
250
302
314
320
330
284
252
374
340
303
311
314
330
127
301
318
313
334
347
241
264
299
247
318
250
275
164
291
166
266
263
291
347
293
350
293
244
247
313
373
336
246
362
257
331
210
332
281
313
310
291
180
340
124
288
279
408
325
260
247
332
341
328
291
346
339
321
338
343
372
337
391
373
327
348
366
338
347
350
322
324
377
316
335
300
359
405
337
337
339
294
307
362
317
321
338
323
368
341
295
341
299
356
318
353
322
341
349
343
362
352
335
312
298
340
318
329
286
330
304
320
397
354
356
295
383
267
272
141
227
268
295
406
316
307
337
317
317
318
308
152
337
289
365
250
340
329
337
344
341
199
413
320
299
657
354
321
254
290
288
340
344
343
324
271
243
336
352
323
267
335
337
344
166
291
300
233
347
289
286
327
273
300
305
293
285
236
342
331
305
177
195
163
259
308
330
297
266
370
240
226
280
324
277
279
364
356
270
332
260
224
390
290
252
328
302
349
244
317
239
378
321
349
340
333
243
352
294
364
277
312
188
249
262
296
349
316
305
319
242
279
309
250
318
320
298
330
308
338
305
313
326
315
268
294
317
208
283
305
338
318
289
348
284
326
323
402
343
307
192
314
260
292
276
304
333
115
320
330
324
309
317
286
297
271
311
305
321
323
261
199
320
278
348
295
365
306
349
316
341
276
263
357
314
242
347
315
269
313
285
342
250
167
272
323
320
184
320
255
318
346
312
337
296
258
326
275
275
249
243
321
300
300
286
201
332
338
176
170
206
325
326
258
330
333
324
345
344
315
311
379
148
313
303
314
316
331
301
369
337
299
281
288
339
320
313
217
357
298
292
284
316
334
255
309
353
332
300
290
383
271
302
310
322
342
311
319
361
305
325
297
368
308
283
268
291
281
328
285
203
373
360
329
334
310
312
294
264
305
351
280
337
267
375
326
272
340
326
358
413
282
232
346
339
325
235
300
356
373
295
298
313
175
325
250
198
384
296
324
310
270
302
324
336
330
251
232
313
309
336
304
321
324
291
347
294
324
328
366
324
259
285
344
292
291
308
313
360
283
337
170
338
277
334
294
300
341
351
217
282
298
309
274
258
337
267
372
245
324
318
307
333
343
306
280
273
234
282
300
273
333
287
325
78
333
308
285
308
352
313
299
265
325
354
180
206
296
318
298
301
294
316
233
229
313
239
282
341
358
211
261
285
225
330
297
223
245
256
264
298
204
302
184
327
211
346
328
306
294
366
391
313
210
329
282
319
316
324
285
301
302
327
325
363
262
331
343
274
239
342
276
308
284
287
232
353
319
245
150
281
318
306
339
315
195
355
323
231
313
200
325
322
374
339
286
390
305
217
323
180
300
329
278
328
294
187
373
292
326
353
188
311
330
337
309
293
377
275
312
313
331
363
339
312
307
324
336
326
246
272
253
283
341
235
357
318
327
337
253
315
333
205
273
293
382
332
316
326
296
290
227
262
384
305
293
263
330
288
302
331
326
271
294
318
310
350
301
313
325
313
322
290
235
292
296
312
306
353
189
331
348
291
280
304
272
334
357
320
310
254
338
308
357
311
349
316
173
206
310
345
278
357
279
337
278
261
237
162
330
294
315
282
175
335
188
298
292
355
331
304
146
280
205
347
339
252
324
190
323
331
334
202
369
331
334
283
289
313
288
295
301
354
183
357
301
269
271
231
295
249
377
330
369
178
275
241
335
355
370
347
306
320
289
281
303
342
205
233
323
261
331
349
322
185
316
272
317
328
356
333
162
287
308
288
309
298
293
310
300
257
309
341
309
321
388
344
331
233
74
292
216
332
321
326
132
315
317
231
363
344
325
337
313
380
353
370
330
319
366
307
340
323
439
340
399
342
347
380
336
371
363
357
377
349
343
371
370
335
337
331
332
357
334
360
359
410
382
330
294
339
341
354
345
331
360
327
363
354
331
334
379
336
294
352
372
374
341
343
351
388
100
361
315
340
352
338
322
275
176
318
326
255
349
331
364
320
138
292
324
337
311
337
343
330
319
339
337
299
291
323
320
126
318
298
179
302
304
373
326
341
365
393
152
280
333
319
395
298
351
316
362
344
328
344
287
332
345
320
277
329
308
316
314
355
290
311
273
273
272
309
355
322
305
326
356
340
300
266
284
346
266
341
130
238
304
336
304
307
302
298
283
380
245
304
278
324
309
342
291
352
246
319
367
337
294
248
261
329
271
248
314
314
258
280
320
312
237
311
353
337
319
279
275
309
266
309
331
269
328
285
298
306
291
205
331
348
384
308
331
369
298
359
290
160
334
274
286
361
302
311
271
374
335
325
313
212
362
322
344
177
303
329
286
323
247
335
288
278
262
341
345
262
311
288
258
351
316
236
267
355
301
287
221
163
261
336
326
243
226
267
313
321
284
289
334
325
367
346
281
297
317
344
318
296
320
166
312
296
261
284
324
122
351
307
291
78
344
320
302
159
355
338
277
311
310
300
312
356
315
342
340
342
366
287
347
288
260
230
303
359
332
286
264
310
367
327
310
300
358
179
292
274
312
189
290
330
323
328
285
322
278
303
301
396
288
314
161
359
260
327
316
300
303
278
190
345
336
321
384
333
358
344
345
365
343
373
371
333
365
371
336
425
370
361
359
346
371
366
345
335
327
351
308
344
381
386
312
345
367
348
343
349
446
336
339
338
361
363
339
325
369
329
331
372
378
351
348
363
347
334
344
357
331
368
382
365
362
368
327
329
357
384
340
334
319
340
