497
614
520
682
500
617
581
640
622
636
650
705
635
661
580
660
543
604
690
674
635
598
640
624
631
643
670
635
631
601
650
610
738
570
652
661
673
641
639
626
652
589
613
607
708
656
647
635
653
647
616
644
625
641
628
673
664
596
593
603
674
636
641
582
636
582
609
634
654
637
636
566
659
550
514
646
642
703
654
543
540
597
622
668
578
604
628
654
596
703
674
642
562
638
661
506
592
622
651
685
658
708
587
542
682
502
501
656
623
639
635
595
599
663
607
575
633
664
611
630
665
601
613
668
755
611
609
595
494
650
643
594
625
536
672
565
614
525
701
596
550
630
604
603
625
583
649
665
670
644
609
643
584
678
688
540
617
623
496
619
618
572
601
577
649
627
647
636
707
628
666
592
647
639
550
658
654
672
641
582
674
606
650
641
635
533
604
669
706
648
647
517
639
588
414
541
597
624
609
668
604
574
591
543
615
618
643
556
588
658
630
628
625
673
717
666
635
644
665
662
659
629
657
669
633
691
528
648
673
526
562
641
553
563
552
593
649
662
689
748
605
692
593
577
604
650
591
629
599
674
625
709
678
445
597
458
694
649
650
610
633
689
680
664
642
638
652
668
626
636
598
632
668
614
679
651
698
680
593
625
646
629
665
736
684
682
634
620
597
650
648
649
676
653
650
623
636
656
683
641
645
609
617
624
683
678
668
627
713
584
596
648
652
656
683
708
690
703
640
596
517
647
567
660
473
592
606
641
463
623
601
560
610
625
630
451
723
654
625
572
581
683
565
659
421
692
582
651
705
649
537
634
589
617
647
624
639
667
608
677
631
608
701
659
579
698
519
662
586
565
504
510
679
662
703
614
629
645
677
671
631
656
679
689
605
670
626
671
709
645
688
664
635
700
645
630
600
682
626
686
732
682
650
628
579
616
664
626
574
621
600
596
661
509
591
682
681
633
722
649
624
624
591
715
575
571
622
518
645
633
658
641
608
636
669
648
660
637
645
639
670
650
587
635
600
606
585
455
638
613
607
617
708
596
617
510
638
638
676
659
580
679
638
662
632
596
645
648
652
694
474
657
670
592
662
632
585
651
618
604
644
664
593
608
688
706
649
644
610
673
592
661
667
694
625
654
577
516
626
616
621
641
685
670
612
472
641
675
643
622
762
625
646
645
497
667
570
631
622
549
548
653
631
679
472
695
661
657
620
626
622
642
667
646
663
609
600
656
635
673
505
633
590
628
649
608
607
512
594
608
698
653
617
628
622
624
620
613
598
703
591
562
674
638
527
655
704
674
694
644
566
698
617
675
597
643
629
668
598
663
551
649
624
632
626
641
520
635
636
615
635
659
632
621
678
687
559
633
624
616
483
600
646
631
537
597
620
642
665
652
667
609
437
661
748
645
610
652
665
586
730
688
526
674
664
600
604
689
691
632
691
598
660
572
580
625
696
645
599
632
647
581
702
669
610
650
686
688
593
529
613
562
700
606
599
619
706
686
590
649
604
648
695
614
654
634
630
680
621
666
652
648
692
701
606
671
621
626
673
689
624
570
620
632
661
601
652
679
624
639
636
559
624
651
620
602
667
628
597
469
659
620
611
583
641
649
635
650
643
674
656
573
618
675
678
664
613
692
596
599
651
634
674
626
583
619
581
519
656
648
632
616
697
585
627
652
632
650
659
652
597
666
623
656
656
627
587
667
635
680
586
627
698
689
625
641
525
677
687
653
476
604
693
643
601
545
588
678
653
683
639
702
687
668
734
663
553
647
662
665
591
642
643
668
665
630
627
638
634
628
668
628
647
623
623
623
502
628
630
620
666
591
628
656
540
617
677
641
590
576
626
642
707
570
521
689
567
660
678
605
661
678
677
622
580
556
740
633
571
583
676
481
631
489
657
696
585
547
644
672
649
514
629
663
673
647
714
706
651
675
658
667
668
696
534
640
705
654
656
506
609
509
643
658
625
496
641
683
664
637
636
650
589
660
627
559
554
653
655
653
654
681
706
654
639
665
699
669
545
659
579
662
613
576
653
563
659
591
660
669
660
631
666
656
641
692
692
507
643
643
627
792
632
616
655
664
597
680
658
668
657
626
644
568
655
559
631
604
696
666
608
590
592
655
657
650
623
617
681
689
629
685
664
631
632
652
698
545
642
597
674
473
685
630
668
694
669
645
619
647
532
677
685
632
645
648
623
620
607
605
655
717
592
642
649
650
642
672
708
662
654
648
668
604
631
689
670
565
578
620
668
439
635
662
642
598
575
620
619
656
