1715755541089
1715755555948
1715755570992
1715755586033
1715755601022
1715755616079
1715755631133
1715755646026
1715755661030
1715755676053
1715755691032
1715755705998
1715755721044
1715755736117
1715755751117
1715755766148
1715755781033
1715755796084
1715755811189
1715755826061
1715755841148
1715755856188
1715755871081
1715755886128
1715755901172
1715755916097
1715755931111
1715755946212
1715755961141
1715755976105
1715755991230
1715756006166
1715756021221
1715756036183
1715756051215
1715756066224
1715756081309
1715756096151
1715756111207
1715756126297
1715756141264
1715756156253
1715756171269
1715756186222
1715756201195
1715756216315
1715756231171
1715756246206
1715756261337
1715756276302
1715756291348
1715756306346
1715756321245
1715756336239
1715756351366
1715756366268
1715756381287
1715756396376
1715756411274
1715756426374
1715756441382
1715756456326
1715756471394
1715756486426
1715756501304
1715756516378
1715756531402
1715756546411
1715756561384
1715756576484
1715756591416
1715756606403
1715756621441
1715756636389
1715756651338
1715756666501
1715756681434
1715756696385
1715756711387
1715756726468
1715756741541
1715756756445
1715756771515
1715756786475
1715756801550
1715756816511
1715756831481
1715756846524
1715756861447
1715756876560
1715756891577
1715756906463
1715756921552
1715756936540
1715756951500
1715756966523
1715756981578
1715756996462
1715757011528
1715757026560
1715757041498
1715757056588
1715757071604
1715757086585
1715757101538
1715757116633
1715757131634
1715757146632
1715757161669
1715757176569
1715757191612
1715757206688
1715757221577
1715757236496
1715757251719
1715757266564
1715757281656
1715757296711
1715757311686
1715757326676
1715757341730
1715757356597
1715757371695
1715757386755
1715757401566
1715757416758
1715757431737
1715757446695
1715757461690
1715757476690
1715757491695
1715757506744
1715757521757
1715757536774
1715757551850
1715757566744
1715757581774
1715757596826
1715757611838
1715757626724
1715757641824
1715757656820
1715757671810
1715757686749
1715757701885
1715757716733
1715757731745
1715757746922
1715757761775
1715757776751
1715757791853
1715757806886
1715757821860
1715757836865
1715757851839
1715757866766
1715757881978
1715757896865
1715757911864
1715757926967
1715757941844
1715757956873
1715757971941
1715757986959
1715758001866
1715758016931
1715758031884
1715758046916
1715758061995
1715758076959
1715758091956
1715758107000
1715758121985
1715758136985
1715758151961
1715758167014
1715758182003
1715758197070
1715758211896
1715758226928
1715758242053
1715758256993
1715758271932
1715758287044
1715758301989
1715758316957
1715758332049
1715758347000
1715758362072
1715758377179
1715758392046
1715758407022
1715758422130
1715758437016
1715758452116
1715758467176
1715758482113
1715758497151
1715758512142
1715758527112
1715758542100
1715758557153
1715758572119
1715758587131
1715758602120
1715758617207
1715758632117
1715758647184
1715758662179
1715758677241
1715758692278
1715758707302
1715758722296
1715758737273
1715758752245
1715758767223
1715758782279
1715758797241
1715758812254
1715758827281
1715758842274
1715758857202
1715758872278
1715758887267
1715758902280
1715758917326
1715758932266
1715758947217
1715758962432
1715758977222
1715758992350
1715759007314
1715759022316
1715759037350
1715759052348
1715759067353
1715759082315
1715759097418
1715759112352
1715759127385
1715759142415
1715759157365
1715759172439
1715759187440
1715759202366
1715759217299
1715759232477
1715759247415
1715759262410
1715759277533
1715759292415
1715759307422
1715759322451
1715759337442
1715759352408
1715759367541
1715759382422
1715759397457
1715759412425
1715759427499
1715759442424
1715759457579
1715759472440
1715759487476
1715759502479
1715759517473
1715759532471
1715759547529
1715759562542
1715759577547
1715759592559
1715759607557
1715759622364
1715759637597
1715759652496
1715759667573
1715759682624
1715759697544
1715759712529
1715759727561
1715759742605
1715759757572
1715759772707
1715759787658
1715759802651
1715759817695
1715759832541
1715759847595
1715759862743
1715759877588
1715759892595
1715759907680
1715759922577
1715759937685
1715759952693
1715759967681
1715759982670
1715759997722
1715760012668
1715760027765
1715760042748
1715760057694
1715760072658
1715760087690
1715760102632
1715760117642
1715760132703
1715760147819
1715760162773
1715760177748
1715760192732
1715760207800
1715760222842
1715760237871
1715760252715
1715760267812
1715760282583
1715760297784
1715760312918
1715760327847
1715760342840
1715760357854
1715760372813
1715760387801
1715760402904
1715760417821
1715760432855
1715760447940
1715760462862
1715760477866
1715760492832
1715760507934
1715760522872
1715760537929
1715760552935
1715760567921
1715760582947
1715760597933
1715760613041
1715760627964
1715760642863
1715760657929
1715760672932
1715760687888
1715760702973
1715760718029
1715760732957
1715760747973
1715760763055
1715760777973
1715760792990
1715760808038
1715760822988
1715760838038
1715760853097
1715760868002
1715760883066
1715760898139
1715760913052
1715760928089
1715760943116
1715760958042
1715760973044
1715760988064
1715761003157
1715761018116
1715761033181
1715761048120
1715761063021
1715761078156
1715761093203
1715761108148
1715761123218
1715761138056
1715761153122
1715761168201
1715761183161
1715761198163
1715761213300
1715761228188
1715761243203
1715761258207
1715761273204
1715761288178
1715761303262
1715761318179
1715761333221
1715761348229
1715761363218
1715761378315
1715761393301
1715761408262
1715761423325
1715761438254
1715761453250
1715761468285
1715761483307
1715761498181
1715761513326
1715761528380
1715761543362
1715761558308
1715761573183
1715761588281
1715761603268
1715761618285
1715761633307
1715761648297
1715761663323
1715761678272
1715761693367
1715761708398
1715761723355
1715761738308
1715761753428
1715761768346
1715761783418
1715761798511
1715761813320
1715761828435
1715761843490
1715761858375
1715761873419
1715761888473
1715761903524
1715761918434
1715761933518
1715761948414
1715761963509
1715761978548
1715761993449
1715762008561
1715762023497
1715762038521
1715762053482
1715762068531
1715762083546
1715762098535
1715762113485
1715762128513
1715762143580
1715762158604
1715762173592
1715762188527
1715762203594
1715762218553
1715762233545
1715762248603
1715762263551
1715762278625
1715762293706
1715762308625
1715762323620
1715762338692
1715762353652
1715762368695
1715762383678
1715762398666
1715762413630
1715762428616
1715762443657
1715762458694
1715762473762
1715762488772
1715762503711
1715762518773
1715762533709
1715762548667
1715762563740
1715762578670
1715762593708
1715762608777
1715762623671
1715762638681
1715762653752
1715762668746
1715762683720
1715762698755
1715762713760
1715762728794
1715762743843
1715762758761
1715762773807
1715762788823
1715762803798
1715762818854
1715762833874
1715762848807
1715762863798
1715762878911
1715762893794
1715762908769
1715762923895
1715762938881
1715762953842
1715762968927
1715762983888
1715762998896
1715763013824
1715763028913
1715763043883
1715763058981
1715763073910
1715763088856
1715763104030
1715763118865
1715763134033
1715763148914
1715763163911
1715763178981
1715763194036
1715763208896
1715763223987
1715763239043
1715763253938
1715763269005
1715763284089
1715763298972
1715763314002
1715763329085
1715763343931
1715763358966
1715763374026
1715763388989
1715763403966
1715763419169
1715763434142
1715763449072
1715763464057
1715763479114
1715763494038
1715763509089
1715763524092
1715763539113
1715763554116
1715763569125
1715763584151
1715763599187
1715763614037
1715763629214
1715763644196
1715763659112
1715763674186
1715763689107
1715763704180
1715763719241
1715763734273
1715763749212
1715763764175
1715763779215
1715763794195
1715763809094
1715763824241
1715763839251
1715763854149
1715763869253
1715763884213
1715763899161
1715763914314
1715763929266
1715763944291
1715763959222
1715763974294
1715763989236
1715764004225
1715764019287
1715764034217
1715764049360
1715764064319
1715764079317
1715764094356
1715764109299
1715764124315
1715764139324
1715764154300
1715764169411
1715764184404
1715764199391
1715764214420
1715764229391
1715764244382
1715764259306
1715764274371
1715764289433
1715764304440
1715764319430
1715764334470
1715764349398
1715764364480
1715764379494
1715764394490
1715764409461
1715764424397
1715764439418
1715764454502
1715764469419
1715764484448
1715764499610
1715764514496
1715764529516
1715764544519
1715764559446
1715764574949
1715764589501
1715764604487
1715764619420
1715764634661
1715764649566
1715764664521
1715764679521
1715764694393
1715764709506
1715764724640
1715764739525
1715764754527
1715764769653
1715764784530
1715764799556
1715764814651
1715764829642
1715764844631
1715764859673
1715764874611
1715764889588
1715764904579
1715764919673
1715764934675
1715764949693
1715764964612
1715764979756
1715764994703
1715765009629
1715765024626
1715765039719
1715765054666
1715765069700
1715765084747
1715765099629
1715765114649
1715765129697
1715765144756
1715765159707
1715765174634
1715765189682
1715765204762
1715765219740
1715765234710
1715765249656
1715765264868
1715765279834
1715765294768
1715765309749
1715765324776
1715765339858
1715765354777
1715765369754
1715765384793
1715765399900
1715765414828
1715765429848
1715765444833
1715765459839
1715765474813
1715765489901
1715765504822
1715765519819
1715765534904
1715765549864
1715765564926
1715765579973
1715765594795
1715765609846
1715765625042
1715765639929
1715765654908
1715765669915
1715765684922
1715765699879
1715765715047
1715765729951
1715765745002
1715765759985
1715765774969
1715765789975
1715765804979
1715765819914
1715765834986
1715765850082
1715765865042
1715765880024
1715765895077
1715765910034
1715765924966
1715765940109
1715765955025
1715765970078
1715765985105
1715765999965
1715766015041
1715766030049
1715766045066
1715766060011
1715766075138
1715766090070
1715766105108
1715766120102
1715766135111
1715766150096
1715766165105
1715766180149
1715766195150
1715766210198
1715766225167
1715766240154
1715766255209
1715766270203
1715766285075
1715766300227
1715766315207
1715766330116
1715766345224
1715766360152
1715766375129
1715766390219
1715766405241
1715766420228
1715766435286
1715766450231
1715766465240
1715766480281
1715766495200
1715766510238
1715766525227
1715766540297
1715766555314
1715766570410
1715766585240
1715766600278
1715766615329
1715766630248
1715766645317
1715766660364
1715766675312
1715766690385
1715766705320
1715766720410
1715766735316
1715766750346
1715766765271
1715766780419
1715766795453
1715766810281
1715766825359
1715766840468
1715766855386
1715766870370
1715766885459
1715766900442
1715766915412
1715766930515
1715766945413
1715766960466
1715766975473
1715766990394
1715767005404
1715767020532
1715767035323
1715767050475
1715767065516
1715767080391
1715767095507
1715767110562
1715767125543
1715767140575
1715767155539
1715767170508
1715767185511
1715767200644
1715767215439
1715767230509
1715767245600
1715767260456
1715767275516
1715767290636
1715767305572
1715767320508
1715767335611
1715767350502
1715767365617
1715767380593
1715767395645
1715767410613
1715767425678
1715767440669
1715767455594
1715767470716
1715767485618
1715767500649
1715767515699
1715767530648
1715767545708
1715767560739
1715767575596
1715767590695
1715767605605
1715767620710
1715767635731
1715767650718
1715767665708
1715767680732
1715767695826
1715767710766
1715767725770
1715767740755
1715767755663
1715767770701
1715767785837
1715767800719
1715767815748
1715767830773
1715767845773
1715767860730
1715767875826
1715767890864
1715767905707
1715767920823
1715767935788
1715767950852
1715767965866
1715767980846
1715767995778
1715768010883
1715768025883
1715768040869
1715768055848
1715768070918
1715768085886
1715768100930
1715768115842
1715768130887
1715768145930
1715768160897
1715768175870
1715768190945
1715768205966
1715768220975
1715768235958
1715768250894
1715768265940
1715768281019
1715768295953
1715768310925
1715768325918
1715768340956
1715768356035
1715768371085
1715768386022
1715768401023
1715768416025
1715768431019
1715768446015
1715768461002
1715768476036
1715768490974
1715768506118
1715768520982
1715768535977
1715768551133
1715768566096
1715768581062
1715768596181
1715768611158
1715768626076
1715768641142
1715768656127
1715768671092
1715768686161
1715768701141
1715768716042
1715768731183
1715768746120
1715768761139
1715768776182
1715768791175
1715768806173
1715768821266
1715768836135
1715768851136
1715768866247
1715768881144
1715768896169
1715768911281
1715768926221
1715768941230
1715768956356
1715768971205
1715768986194
1715769001326
1715769016249
1715769031354
1715769046314
1715769061295
1715769076238
1715769091328
1715769106285
1715769121209
1715769136310
1715769151257
1715769166245
1715769181413
1715769196293
1715769211304
1715769226411
1715769241423
1715769256350
1715769271356
1715769286357
1715769301428
1715769316434
1715769331406
1715769346311
1715769361476
1715769376416
1715769391297
1715769406471
1715769421423
1715769436359
1715769451462
1715769466373
1715769481476
1715769496426
1715769511440
1715769526513
1715769541533
1715769556478
1715769571397
1715769586498
1715769601446
1715769616451
1715769631520
1715769646436
1715769661481
1715769676536
1715769691509
1715769706514
1715769721641
1715769736478
1715769751526
1715769766556
1715769781473
1715769796641
1715769811644
1715769826519
1715769841579
1715769856556
1715769871607
1715769886541
1715769901627
1715769916657
1715769931573
1715769946601
1715769961627
1715769976669
1715769991690
1715770006628
1715770021639
1715770036789
1715770051608
1715770066681
1715770081732
1715770096658
1715770111668
1715770126757
1715770141607
1715770156673
1715770171726
1715770186712
1715770201757
1715770216758
1715770231699
1715770246741
1715770261761
1715770276734
1715770291682
1715770306810
1715770321698
1715770336701
1715770351839
1715770366751
1715770381801
1715770396755
1715770411725
1715770426721
1715770441844
1715770456813
1715770471798
1715770486876
1715770501866
1715770516759
1715770531885