1715755541717
1715755541936
1715755542044
1715755542219
1715755542393
1715755542523
1715755556492
1715755556677
1715755556822
1715755557086
1715755557174
1715755557265
1715755571427
1715755571599
1715755571724
1715755571903
1715755572061
1715755572265
1715755586484
1715755586621
1715755586725
1715755586798
1715755586998
1715755587151
1715755601527
1715755601687
1715755601801
1715755601973
1715755602071
1715755602275
1715755616490
1715755616733
1715755616809
1715755617017
1715755617183
1715755617392
1715755631620
1715755631810
1715755631889
1715755632049
1715755632169
1715755632294
1715755646498
1715755646649
1715755646759
1715755646971
1715755647120
1715755647346
1715755661488
1715755661681
1715755661758
1715755661915
1715755662024
1715755662183
1715755676528
1715755676644
1715755676736
1715755676835
1715755677006
1715755677185
1715755691463
1715755691651
1715755691755
1715755691921
1715755692054
1715755692270
1715755706468
1715755706582
1715755706696
1715755706872
1715755706976
1715755707074
1715755721596
1715755721760
1715755721835
1715755722046
1715755722195
1715755722413
1715755736601
1715755736728
1715755736832
1715755737050
1715755737170
1715755737439
1715755751596
1715755751734
1715755751856
1715755752032
1715755752157
1715755752317
1715755766648
1715755766798
1715755766880
1715755767039
1715755767177
1715755767319
1715755781532
1715755781684
1715755781793
1715755782001
1715755782111
1715755782304
1715755796562
1715755796721
1715755796837
1715755797047
1715755797221
1715755797434
1715755811714
1715755811899
1715755812073
1715755812176
1715755812292
1715755812496
1715755826608
1715755826732
1715755826840
1715755827057
1715755827228
1715755827457
1715755841656
1715755841827
1715755841908
1715755842070
1715755842197
1715755842396
1715755856638
1715755856799
1715755856918
1715755857085
1715755857217
1715755857316
1715755871584
1715755871780
1715755871861
1715755872060
1715755872172
1715755872351
1715755886535
1715755886728
1715755886852
1715755887027
1715755887155
1715755887342
1715755901643
1715755901761
1715755901872
1715755902036
1715755902156
1715755902349
1715755916603
1715755916750
1715755916875
1715755917045
1715755917162
1715755917279
1715755931626
1715755931788
1715755931872
1715755932075
1715755932269
1715755932489
1715755946665
1715755946787
1715755946897
1715755947060
1715755947186
1715755947369
1715755961664
1715755961791
1715755961906
1715755962078
1715755962179
1715755962330
1715755976569
1715755976687
1715755976787
1715755976875
1715755977037
1715755977157
1715755991729
1715755991866
1715755991983
1715755992191
1715755992373
1715755992603
1715756006663
1715756006811
1715756006928
1715756007100
1715756007254
1715756007398
1715756021716
1715756021816
1715756021939
1715756022012
1715756022169
1715756022299
1715756036673
1715756036858
1715756036951
1715756037118
1715756037322
1715756037524
1715756051690
1715756051878
1715756051961
1715756052165
1715756052263
1715756052539
1715756066688
1715756066869
1715756066950
1715756067118
1715756067241
1715756067388
1715756081812
1715756081934
1715756082048
1715756082262
1715756082372
1715756082534
1715756096589
1715756096755
1715756096872
1715756096945
1715756097156
1715756097282
1715756111658
1715756111796
1715756111912
1715756112074
1715756112160
1715756112263
1715756126734
1715756126893
1715756127007
1715756127173
1715756127299
1715756127471
1715756141822
1715756142004
1715756142176
1715756142302
1715756142409
1715756142551
1715756156771
1715756156933
1715756157108
1715756157202
1715756157373
1715756157617
1715756171767
1715756171895
1715756172006
1715756172177
1715756172307
1715756172472
1715756186720
1715756186831
1715756186958
1715756187171
1715756187339
1715756187491
1715756201678
1715756201864
1715756201979
1715756202153
1715756202320
1715756202531
1715756216702
1715756216877
1715756216986
1715756217157
1715756217274
1715756217405
1715756231654
1715756231778
1715756231901
1715756232112
1715756232195
1715756232320
1715756246684
1715756246836
1715756246942
1715756247109
1715756247222
1715756247335
1715756261798
1715756261949
1715756262047
1715756262222
1715756262348
1715756262526
1715756276775
1715756276931
1715756277036
1715756277206
1715756277306
1715756277412
1715756291839
1715756292005
1715756292122
1715756292296
1715756292418
1715756292621
1715756306865
1715756307044
1715756307123
1715756307314
1715756307442
1715756307537
1715756321739
1715756321886
1715756322001
1715756322176
1715756322281
1715756322438
1715756336748
1715756336926
1715756337010
1715756337202
1715756337333
1715756337562
1715756351906
1715756352066
1715756352253
1715756352381
1715756352545
1715756352720
1715756366702
1715756366814
1715756366942
1715756367108
1715756367211
1715756367372
1715756381793
1715756381910
1715756382015
1715756382178
1715756382310
1715756382526
1715756396776
1715756396942
1715756397068
1715756397230
1715756397336
1715756397433
1715756411798
1715756411926
1715756412034
1715756412230
1715756412395
1715756412608
1715756426822
1715756427057
1715756427140
1715756427306
1715756427407
1715756427573
1715756442024
1715756442142
1715756442350
1715756442451
1715756442724
1715756442903
1715756456800
1715756456984
1715756457094
1715756457292
1715756457493
1715756457679
1715756471941
1715756472106
1715756472281
1715756472411
1715756472593
1715756472809
1715756486888
1715756487068
1715756487188
1715756487393
1715756487473
1715756487680
1715756501781
1715756501914
1715756502038
1715756502199
1715756502301
1715756502474
1715756516872
1715756517052
1715756517136
1715756517350
1715756517449
1715756517639
1715756531888
1715756532049
1715756532157
1715756532323
1715756532445
1715756532597
1715756546935
1715756547101
1715756547183
1715756547345
1715756547469
1715756547592
1715756561858
1715756562034
1715756562115
1715756562317
1715756562391
1715756562537
1715756577004
1715756577205
1715756577387
1715756577505
1715756577581
1715756577706
1715756591877
1715756592037
1715756592153
1715756592364
1715756592459
1715756592656
1715756606891
1715756607015
1715756607120
1715756607280
1715756607372
1715756607499
1715756621912
1715756622090
1715756622196
1715756622379
1715756622522
1715756622717
1715756636782
1715756636974
1715756637087
1715756637257
1715756637349
1715756637480
1715756651811
1715756651959
1715756652062
1715756652262
1715756652428
1715756652655
1715756666967
1715756667140
1715756667247
1715756667422
1715756667540
1715756667700
1715756681933
1715756682063
1715756682182
1715756682386
1715756682567
1715756682748
1715756696872
1715756696980
1715756697101
1715756697306
1715756697395
1715756697533
1715756711878
1715756712018
1715756712108
1715756712310
1715756712417
1715756712673
1715756726955
1715756727111
1715756727228
1715756727412
1715756727514
1715756727682
1715756742010
1715756742181
1715756742286
1715756742447
1715756742579
1715756742812
1715756756898
1715756757049
1715756757156
1715756757325
1715756757445
1715756757648
1715756772017
1715756772161
1715756772279
1715756772488
1715756772667
1715756772829
1715756786960
1715756787090
1715756787207
1715756787382
1715756787515
1715756787674
1715756802013
1715756802150
1715756802278
1715756802444
1715756802560
1715756802667
1715756816973
1715756817124
1715756817253
1715756817464
1715756817603
1715756817823
1715756831985
1715756832098
1715756832217
1715756832429
1715756832577
1715756832838
1715756847019
1715756847128
1715756847248
1715756847418
1715756847526
1715756847688
1715756861930
1715756862064
1715756862190
1715756862358
1715756862486
1715756862646
1715756877078
1715756877260
1715756877349
1715756877507
1715756877651
1715756877843
1715756892029
1715756892190
1715756892312
1715756892486
1715756892602
1715756892707
1715756906933
1715756907077
1715756907197
1715756907406
1715756907570
1715756907820
1715756922036
1715756922146
1715756922268
1715756922435
1715756922572
1715756922727
1715756937045
1715756937271
1715756937388
1715756937642
1715756937761
1715756937889
1715756951927
1715756952116
1715756952227
1715756952436
1715756952537
1715756952682
1715756967009
1715756967203
1715756967280
1715756967441
1715756967572
1715756967686
1715756982062
1715756982238
1715756982356
1715756982526
1715756982660
1715756982801
1715756996924
1715756997040
1715756997162
1715756997341
1715756997466
1715756997622
1715757011971
1715757012124
1715757012238
1715757012450
1715757012631
1715757012897
1715757027077
1715757027247
1715757027323
1715757027493
1715757027628
1715757027735
1715757042003
1715757042146
1715757042229
1715757042401
1715757042519
1715757042653
1715757057079
1715757057415
1715757057694
1715757057795
1715757057903
1715757058033
1715757072015
1715757072187
1715757072289
1715757072364
1715757072550
1715757072637
1715757087033
1715757087201
1715757087312
1715757087480
1715757087603
1715757087733
1715757102051
1715757102245
1715757102327
1715757102507
1715757102610
1715757102780
1715757117171
1715757117335
1715757117520
1715757117627
1715757117711
1715757117897
1715757132127
1715757132232
1715757132362
1715757132527
1715757132640
1715757132783
1715757147085
1715757147295
1715757147379
1715757147543
1715757147704
1715757147881
1715757162140
1715757162282
1715757162392
1715757162561
1715757162688
1715757162885
1715757177061
1715757177195
1715757177305
1715757177379
1715757177583
1715757177768
1715757192091
1715757192242
1715757192348
1715757192511
1715757192656
1715757192786
1715757207188
1715757207325
1715757207429
1715757207634
1715757207750
1715757207962
1715757222051
1715757222173
1715757222258
1715757222360
1715757222548
1715757222741
1715757236900
1715757237117
1715757237221
1715757237392
1715757237517
1715757237744
1715757252200
1715757252309
1715757252427
1715757252599
1715757252718
1715757252874
1715757267086
1715757267232
1715757267327
1715757267494
1715757267609
1715757267762
1715757282155
1715757282307
1715757282415
1715757282607
1715757282742
1715757282947
1715757297156
1715757297367
1715757297455
1715757297623
1715757297729
1715757297887
1715757312175
1715757312317
1715757312423
1715757312589
1715757312704
1715757312912
1715757327172
1715757327359
1715757327542
1715757327681
1715757327951
1715757328178
1715757342295
1715757342444
1715757342613
1715757342734
1715757342834
1715757343021
1715757357010
1715757357213
1715757357331
1715757357532
1715757357672
1715757357901
1715757372178
1715757372324
1715757372441
1715757372607
1715757372715
1715757372863
1715757387231
1715757387384
1715757387503
1715757387675
1715757387776
1715757387909
1715757402095
1715757402198
1715757402320
1715757402493
1715757402638
1715757402718
1715757417223
1715757417451
1715757417530
1715757417729
1715757417867
1715757418102
1715757432242
1715757432365
1715757432456
1715757432629
1715757432722
1715757432912
1715757447219
1715757447330
1715757447454
1715757447658
1715757447774
1715757447884
1715757462199
1715757462310
1715757462444
1715757462629
1715757462766
1715757462883
1715757477205
1715757477326
1715757477449
1715757477661
1715757477805
1715757478067
1715757492166
1715757492313
1715757492417
1715757492626
1715757492720
1715757492934
1715757507250
1715757507404
1715757507493
1715757507695
1715757507812
1715757507952
1715757522257
1715757522403
1715757522529
1715757522733
1715757522841
1715757522981
1715757537259
1715757537433
1715757537543
1715757537714
1715757537840
1715757538005
1715757552323
1715757552481
1715757552594
1715757552807
1715757552980
1715757553131
1715757567235
1715757567390
1715757567502
1715757567671
1715757567797
1715757567982
1715757582289
1715757582425
1715757582546
1715757582723
1715757582871
1715757583044
1715757597317
1715757597516
1715757597592
1715757597777
1715757597908
1715757598114
1715757612314
1715757612459
1715757612571
1715757612740
1715757612859
1715757612986
1715757627204
1715757627363
1715757627476
1715757627689
1715757627867
1715757628067
1715757642323
1715757642482
1715757642589
1715757642796
1715757642893
1715757642995
1715757657299
1715757657457
1715757657565
1715757657772
1715757657870
1715757658015
1715757672268
1715757672440
1715757672553
1715757672625
1715757672825
1715757672953
1715757687223
1715757687380
1715757687489
1715757687685
1715757687891
1715757688079
1715757702357
1715757702500
1715757702616
1715757702783
1715757702918
1715757703083
1715757717194
1715757717342
1715757717459
1715757717622
1715757717710
1715757717826
1715757732244
1715757732375
1715757732489
1715757732687
1715757732791
1715757732990
1715757747405
1715757747512
1715757747637
1715757747830
1715757748015
1715757748165
1715757762261
1715757762420
1715757762531
1715757762750
1715757762929
1715757763138
1715757777233
1715757777367
1715757777482
1715757777657
1715757777757
1715757777852
1715757792371
1715757792477
1715757792623
1715757792817
1715757792985
1715757793214
1715757807382
1715757807531
1715757807649
1715757807860
1715757807969
1715757808190
1715757822327
1715757822515
1715757822596
1715757822755
1715757822883
1715757823048
1715757837341
1715757837480
1715757837601
1715757837809
1715757837927
1715757838175
1715757852319
1715757852464
1715757852580
1715757852738
1715757852848
1715757852983
1715757867302
1715757867488
1715757867662
1715757867777
1715757867858
1715757867989
1715757882457
1715757882614
1715757882726
1715757882896
1715757883026
1715757883142
1715757897337
1715757897531
1715757897643
1715757897844
1715757897916
1715757898075
1715757912342
1715757912478
1715757912600
1715757912769
1715757912882
1715757913042
1715757927470
1715757927654
1715757927736
1715757927890
1715757927976
1715757928079
1715757942426
1715757942552
1715757942715
1715757942814
1715757942968
1715757943099
1715757957362
1715757957474
1715757957596
1715757957813
1715757957941
1715757958180
1715757972447
1715757972609
1715757972784
1715757972886
1715757973075
1715757973227
1715757987477
1715757987636
1715757987813
1715757987917
1715757988002
1715757988115
1715758002409
1715758002572
1715758002667
1715758002868
1715758002973
1715758003178
1715758017391
1715758017537
1715758017647
1715758017820
1715758017952
1715758018218
1715758032367
1715758032519
1715758032630
1715758032802
1715758032941
1715758033130
1715758047394
1715758047493
1715758047622
1715758047794
1715758047920
1715758048136
1715758062450
1715758062623
1715758062735
1715758062902
1715758063036
1715758063259
1715758077467
1715758077575
1715758077691
1715758077860
1715758077982
1715758078083
1715758092425
1715758092555
1715758092679
1715758092849
1715758092970
1715758093086
1715758107498
1715758107626
1715758107745
1715758107922
1715758108034
1715758108161
1715758122403
1715758122623
1715758122720
1715758122894
1715758123033
1715758123280
1715758137419
1715758137602
1715758137718
1715758137908
1715758138109
1715758138340
1715758152441
1715758152578
1715758152685
1715758152851
1715758152937
1715758153154
1715758167467
1715758167649
1715758167759
1715758167935
1715758168064
1715758168254
1715758182473
1715758182627
1715758182737
1715758182903
1715758183028
1715758183192
1715758197564
1715758197693
1715758197808
1715758198001
1715758198168
1715758198385
1715758212446
1715758212569
1715758212683
1715758212860
1715758212996
1715758213237
1715758227452
1715758227614
1715758227805
1715758227901
1715758228034
1715758228184
1715758242571
1715758242726
1715758242913
1715758243025
1715758243123
1715758243333
1715758257477
1715758257635
1715758257744
1715758257942
1715758258068
1715758258306
1715758272335
1715758272529
1715758272648
1715758272819
1715758272963
1715758273069
1715758287584
1715758287783
1715758287855
1715758288060
1715758288181
1715758288375
1715758302464
1715758302626
1715758302757
1715758302969
1715758303051
1715758303209
1715758317464
1715758317636
1715758317712
1715758317872
1715758317998
1715758318135
1715758332620
1715758332781
1715758332966
1715758333078
1715758333274
1715758333440
1715758347501
1715758347640
1715758347763
1715758347938
1715758348069
1715758348377
1715758362572
1715758362696
1715758362811
1715758363004
1715758363139
1715758363426
1715758377610
1715758377728
1715758377856
1715758377931
1715758378128
1715758378290
1715758392539
1715758392651
1715758392773
1715758392987
1715758393088
1715758393348
1715758407479
1715758407637
1715758407748
1715758407966
1715758408064
1715758408319
1715758422585
1715758422769
1715758422881
1715758423101
1715758423253
1715758423417
1715758437460
1715758437653
1715758437774
1715758437981
1715758438160
1715758438393
1715758452632
1715758452763
1715758452882
1715758453112
1715758453291
1715758453473
1715758467661
1715758467797
1715758467916
1715758468076
1715758468180
1715758468319
1715758482537
1715758482717
1715758482852
1715758483020
1715758483120
1715758483311
1715758497578
1715758497758
1715758497886
1715758497958
1715758498151
1715758498334
1715758512654
1715758512798
1715758512915
1715758512994
1715758513182
1715758513326
1715758527562
1715758527783
1715758527866
1715758528037
1715758528134
1715758528331
1715758542614
1715758542759
1715758542841
1715758543045
1715758543168
1715758543428
1715758557587
1715758557748
1715758557890
1715758558084
1715758558216
1715758558469
1715758572611
1715758572766
1715758572875
1715758573094
1715758573233
1715758573531
1715758587616
1715758587746
1715758587865
1715758587937
1715758588165
1715758588285
1715758602579
1715758602752
1715758602863
1715758603035
1715758603154
1715758603396
1715758617708
1715758617870
1715758617958
1715758618172
1715758618297
1715758618458
1715758632627
1715758632780
1715758632879
1715758633041
1715758633159
1715758633369
1715758647667
1715758647769
1715758647900
1715758648113
1715758648280
1715758648500
1715758662676
1715758662870
1715758662952
1715758663135
1715758663238
1715758663372
1715758677745
1715758677936
1715758678013
1715758678173
1715758678279
1715758678480
1715758692729
1715758692906
1715758692978
1715758693167
1715758693358
1715758693534
1715758707810
1715758707958
1715758708071
1715758708286
1715758708420
1715758708684
1715758722782
1715758722925
1715758723039
1715758723212
1715758723317
1715758723469
1715758737716
1715758737949
1715758738035
1715758738210
1715758738341
1715758738513
1715758752717
1715758752917
1715758752991
1715758753201
1715758753429
1715758753637
1715758767652
1715758767868
1715758767979
1715758768145
1715758768265
1715758768358
1715758782730
1715758782861
1715758782974
1715758783142
1715758783243
1715758783361
1715758797736
1715758797822
1715758797952
1715758798206
1715758798311
1715758798447
1715758812725
1715758812831
1715758812951
1715758813123
1715758813221
1715758813331
1715758827748
1715758827899
1715758828001
1715758828177
1715758828308
1715758828424
1715758842845
1715758842988
1715758843190
1715758843357
1715758843557
1715758843755
1715758857680
1715758857810
1715758857925
1715758858090
1715758858187
1715758858307
1715758872712
1715758872918
1715758873018
1715758873182
1715758873288
1715758873397
1715758887765
1715758887972
1715758888148
1715758888261
1715758888450
1715758888644
1715758902745
1715758902897
1715758903004
1715758903171
1715758903328
1715758903501
1715758917811
1715758918004
1715758918083
1715758918283
1715758918404
1715758918657
1715758932702
1715758932885
1715758932991
1715758933158
1715758933283
1715758933400
1715758947773
1715758947880
1715758948002
1715758948170
1715758948295
1715758948418
1715758962910
1715758963033
1715758963154
1715758963227
1715758963436
1715758963608
1715758977696
1715758977883
1715758977969
1715758978126
1715758978271
1715758978471
1715758992795
1715758992974
1715758993076
1715758993282
1715758993382
1715758993583
1715759007766
1715759007909
1715759008027
1715759008194
1715759008311
1715759008494
1715759022806
1715759022958
1715759023061
1715759023238
1715759023360
1715759023551
1715759037834
1715759037947
1715759038064
1715759038230
1715759038351
1715759038517
1715759052900
1715759053016
1715759053136
1715759053356
1715759053494
1715759053678
1715759067801
1715759067971
1715759068080
1715759068263
1715759068368
1715759068494
1715759082797
1715759082980
1715759083063
1715759083248
1715759083370
1715759083564
1715759097831
1715759098067
1715759098148
1715759098340
1715759098519
1715759098748
1715759112822
1715759113032
1715759113217
1715759113323
1715759113498
1715759113684
1715759127865
1715759128007
1715759128126
1715759128200
1715759128453
1715759128614
1715759142948
1715759143126
1715759143297
1715759143445
1715759143651
1715759143850
1715759157879
1715759158017
1715759158135
1715759158342
1715759158456
1715759158768
1715759172886
1715759173089
1715759173203
1715759173416
1715759173574
1715759173774
1715759187904
1715759188084
1715759188188
1715759188364
1715759188491
1715759188682
1715759202823
1715759202993
1715759203096
1715759203274
1715759203402
1715759203542
1715759217795
1715759217929
1715759218015
1715759218105
1715759218297
1715759218426
1715759232971
1715759233131
1715759233236
1715759233410
1715759233554
1715759233707
1715759247906
1715759248084
1715759248158
1715759248322
1715759248436
1715759248582
1715759262863
1715759263030
1715759263146
1715759263346
1715759263483
1715759263690
1715759277991
1715759278136
1715759278247
1715759278454
1715759278596
1715759278802
1715759292914
1715759293045
1715759293157
1715759293324
1715759293437
1715759293595
1715759307936
1715759308081
1715759308197
1715759308364
1715759308499
1715759308693
1715759322926
1715759323094
1715759323203
1715759323364
1715759323526
1715759323662
1715759337899
1715759338095
1715759338203
1715759338365
1715759338500
1715759338664
1715759352902
1715759353011
1715759353130
1715759353309
1715759353438
1715759353645
1715759367981
1715759368213
1715759368310
1715759368470
1715759368601
1715759368787
1715759382915
1715759383034
1715759383144
1715759383222
1715759383383
1715759383537
1715759397944
1715759398076
1715759398190
1715759398353
1715759398464
1715759398585
1715759412935
1715759413050
1715759413178
1715759413350
1715759413458
1715759413597
1715759427955
1715759428100
1715759428214
1715759428424
1715759428516
1715759428748
1715759443016
1715759443159
1715759443360
1715759443464
1715759443653
1715759443836
1715759458033
1715759458182
1715759458298
1715759458463
1715759458549
1715759458698
1715759472929
1715759473049
1715759473163
1715759473376
1715759473546
1715759473771
1715759487946
1715759488081
1715759488207
1715759488382
1715759488514
1715759488723
1715759502902
1715759503131
1715759503208
1715759503378
1715759503493
1715759503662
1715759517953
1715759518158
1715759518233
1715759518426
1715759518546
1715759518764
1715759532962
1715759533145
1715759533228
1715759533412
1715759533618
1715759533795
1715759548035
1715759548209
1715759548297
1715759548524
1715759548664
1715759548891
1715759563064
1715759563174
1715759563301
1715759563460
1715759563610
1715759563766
1715759577959
1715759578191
1715759578279
1715759578447
1715759578575
1715759578756
1715759593028
1715759593178
1715759593285
1715759593494
1715759593703
1715759593866
1715759608052
1715759608156
1715759608267
1715759608434
1715759608584
1715759608776
1715759622817
1715759623056
1715759623141
1715759623352
1715759623467
1715759623720
1715759638090
1715759638246
1715759638359
1715759638517
1715759638662
1715759638853
1715759653000
1715759653138
1715759653249
1715759653422
1715759653526
1715759653762
1715759668068
1715759668219
1715759668330
1715759668491
1715759668646
1715759668811
1715759683081
1715759683295
1715759683391
1715759683550
1715759683663
1715759683827
1715759698052
1715759698206
1715759698298
1715759698460
1715759698589
1715759698719
1715759713027
1715759713180
1715759713287
1715759713452
1715759713572
1715759713769
1715759728030
1715759728159
1715759728276
1715759728436
1715759728538
1715759728672
1715759743150
1715759743295
1715759743369
1715759743563
1715759743661
1715759743816
1715759758053
1715759758184
1715759758297
1715759758467
1715759758564
1715759758696
1715759773208
1715759773321
1715759773437
1715759773601
1715759773723
1715759773895
1715759788117
1715759788252
1715759788373
1715759788585
1715759788666
1715759788792
1715759803139
1715759803286
1715759803386
1715759803551
1715759803702
1715759803948
1715759818198
1715759818327
1715759818445
1715759818652
1715759818747
1715759818891
1715759833025
1715759833148
1715759833263
1715759833439
1715759833574
1715759833727
1715759848168
1715759848306
1715759848408
1715759848566
1715759848716
1715759848924
1715759863267
1715759863405
1715759863516
1715759863692
1715759863809
1715759863929
1715759878132
1715759878257
1715759878372
1715759878535
1715759878622
1715759878737
1715759893071
1715759893181
1715759893289
1715759893456
1715759893587
1715759893727
1715759908138
1715759908290
1715759908389
1715759908464
1715759908651
1715759908846
1715759923031
1715759923216
1715759923332
1715759923502
1715759923647
1715759923761
1715759938143
1715759938348
1715759938465
1715759938625
1715759938760
1715759938939
1715759953188
1715759953333
1715759953441
1715759953649
1715759953782
1715759954045
1715759968212
1715759968374
1715759968552
1715759968650
1715759968744
1715759968904
1715759983169
1715759983336
1715759983510
1715759983609
1715759983723
1715759983939
1715759998213
1715759998377
1715759998482
1715759998645
1715759998746
1715759998945
1715760013147
1715760013286
1715760013400
1715760013574
1715760013701
1715760013815
1715760028257
1715760028421
1715760028570
1715760028847
1715760028920
1715760029070
1715760043273
1715760043432
1715760043507
1715760043700
1715760043891
1715760044070
1715760058207
1715760058329
1715760058447
1715760058654
1715760058812
1715760059058
1715760073138
1715760073283
1715760073384
1715760073587
1715760073702
1715760073993
1715760088200
1715760088314
1715760088437
1715760088603
1715760088703
1715760088797
1715760103137
1715760103272
1715760103381
1715760103549
1715760103657
1715760103842
1715760118080
1715760118270
1715760118396
1715760118611
1715760118745
1715760118946
1715760133228
1715760133354
1715760133483
1715760133661
1715760133807
1715760133930
1715760148307
1715760148508
1715760148591
1715760148797
1715760148959
1715760149163
1715760163189
1715760163417
1715760163504
1715760163670
1715760163818
1715760164015
1715760178266
1715760178441
1715760178616
1715760178711
1715760178844
1715760179018
1715760193274
1715760193434
1715760193607
1715760193700
1715760193872
1715760194084
1715760208320
1715760208476
1715760208584
1715760208753
1715760208885
1715760209099
1715760223329
1715760223521
1715760223606
1715760223812
1715760224002
1715760224197
1715760238336
1715760238640
1715760238780
1715760239051
1715760239159
1715760239269
1715760253186
1715760253315
1715760253398
1715760253490
1715760253653
1715760253797
1715760268225
1715760268466
1715760268548
1715760268782
1715760268893
1715760269124
1715760283022
1715760283154
1715760283287
1715760283455
1715760283555
1715760283736
1715760298316
1715760298446
1715760298553
1715760298757
1715760298929
1715760299167
1715760313449
1715760313624
1715760313705
1715760313929
1715760314098
1715760314248
1715760328329
1715760328492
1715760328619
1715760328831
1715760328983
1715760329211
1715760343319
1715760343458
1715760343567
1715760343778
1715760343865
1715760344092
1715760358267
1715760358376
1715760358475
1715760358542
1715760358741
1715760358869
1715760373269
1715760373416
1715760373531
1715760373604
1715760373763
1715760373936
1715760388346
1715760388517
1715760388693
1715760388795
1715760388936
1715760389031
1715760403414
1715760403539
1715760403659
1715760403733
1715760403929
1715760404148
1715760418381
1715760418558
1715760418773
1715760418934
1715760419156
1715760419295
1715760433270
1715760433470
1715760433576
1715760433789
1715760433893
1715760434069
1715760448445
1715760448575
1715760448687
1715760448858
1715760448958
1715760449075
1715760463381
1715760463558
1715760463636
1715760463826
1715760464008
1715760464227
1715760478333
1715760478500
1715760478619
1715760478790
1715760478914
1715760479072
1715760493346
1715760493486
1715760493602
1715760493790
1715760493911
1715760494095
1715760508393
1715760508547
1715760508659
1715760508827
1715760508955
1715760509166
1715760523302
1715760523499
1715760523614
1715760523787
1715760523916
1715760524031
1715760538429
1715760538576
1715760538683
1715760538896
1715760539012
1715760539166
1715760553350
1715760553558
1715760553644
1715760553826
1715760553984
1715760554213
1715760568439
1715760568575
1715760568683
1715760568858
1715760569008
1715760569168
1715760583431
1715760583614
1715760583697
1715760583864
1715760583987
1715760584175
1715760598443
1715760598600
1715760598771
1715760598882
1715760598998
1715760599103
1715760613557
1715760613696
1715760613793
1715760613957
1715760614152
1715760614353
1715760628420
1715760628593
1715760628703
1715760628920
1715760629041
1715760629204
1715760643365
1715760643795
1715760643970
1715760644174
1715760644362
1715760644579
1715760658427
1715760658603
1715760658782
1715760658885
1715760659005
1715760659121
1715760673431
1715760673560
1715760673672
1715760673891
1715760674062
1715760674283
1715760688358
1715760688499
1715760688612
1715760688782
1715760688908
1715760689050
1715760703435
1715760703628
1715760703743
1715760703912
1715760704036
1715760704171
1715760718551
1715760718672
1715760718786
1715760718964
1715760719103
1715760719310
1715760733407
1715760733554
1715760733666
1715760733845
1715760733972
1715760734154
1715760748457
1715760748617
1715760748725
1715760748901
1715760749001
1715760749094
1715760763553
1715760763716
1715760763802
1715760764001
1715760764090
1715760764250
1715760778453
1715760778573
1715760778672
1715760778842
1715760778942
1715760779098
1715760793394
1715760793571
1715760793685
1715760793895
1715760794013
1715760794319
1715760808514
1715760808658
1715760808762
1715760808930
1715760809050
1715760809160
1715760823474
1715760823652
1715760823736
1715760823935
1715760824126
1715760824290
1715760838511
1715760838661
1715760838787
1715760838964
1715760839092
1715760839251
1715760853613
1715760853735
1715760853833
1715760854002
1715760854117
1715760854243
1715760868467
1715760868655
1715760868766
1715760868949
1715760869067
1715760869257
1715760883561
1715760883730
1715760883825
1715760884028
1715760884204
1715760884333
1715760898618
1715760898819
1715760899001
1715760899098
1715760899191
1715760899322
1715760913536
1715760913727
1715760913803
1715760914004
1715760914143
1715760914418
1715760928489
1715760928670
1715760928788
1715760928970
1715760929099
1715760929299
1715760943639
1715760943757
1715760943862
1715760944027
1715760944157
1715760944346
1715760958503
1715760958660
1715760958779
1715760958983
1715760959155
1715760959397
1715760973535
1715760973727
1715760973810
1715760974012
1715760974139
1715760974340
1715760988565
1715760988753
1715760988909
1715760989167
1715760989294
1715760989424
1715761003626
1715761003804
1715761003894
1715761004051
1715761004226
1715761004334
1715761018634
1715761018740
1715761018855
1715761019018
1715761019136
1715761019342
1715761033639
1715761033805
1715761033919
1715761034135
1715761034247
1715761034476
1715761048594
1715761048750
1715761048866
1715761049068
1715761049233
1715761049459
1715761063396
1715761063567
1715761063682
1715761063756
1715761063962
1715761064149
1715761078626
1715761078776
1715761078886
1715761079061
1715761079176
1715761079369
1715761093733
1715761093893
1715761094081
1715761094187
1715761094351
1715761094563
1715761108571
1715761108751
1715761108873
1715761109050
1715761109141
1715761109226
1715761123698
1715761123819
1715761123938
1715761124109
1715761124218
1715761124361
1715761138498
1715761138704
1715761138822
1715761139034
1715761139170
1715761139318
1715761153586
1715761153730
1715761153839
1715761154005
1715761154121
1715761154310
1715761168679
1715761168789
1715761168916
1715761169078
1715761169163
1715761169262
1715761183676
1715761183789
1715761183904
1715761184077
1715761184198
1715761184308
1715761198660
1715761198800
1715761198910
1715761199123
1715761199233
1715761199539
1715761213740
1715761213944
1715761214047
1715761214251
1715761214430
1715761214609
1715761228708
1715761228803
1715761228929
1715761229105
1715761229214
1715761229332
1715761243764
1715761243917
1715761244101
1715761244212
1715761244325
1715761244620
1715761258728
1715761258850
1715761258965
1715761259175
1715761259269
1715761259377
1715761273716
1715761273922
1715761274105
1715761274208
1715761274328
1715761274537
1715761288635
1715761288811
1715761288928
1715761289093
1715761289204
1715761289416
1715761303738
1715761304060
1715761304161
1715761304418
1715761304534
1715761304643
1715761318696
1715761318803
1715761318913
1715761319007
1715761319171
1715761319298
1715761333652
1715761333858
1715761333957
1715761334126
1715761334267
1715761334511
1715761348626
1715761348815
1715761348921
1715761349000
1715761349194
1715761349336
1715761363708
1715761363842
1715761363965
1715761364145
1715761364261
1715761364402
1715761378784
1715761378902
1715761379016
1715761379181
1715761379273
1715761379441
1715761393786
1715761393955
1715761394033
1715761394251
1715761394362
1715761394635
1715761408665
1715761408856
1715761408969
1715761409141
1715761409238
1715761409374
1715761423795
1715761423934
1715761424050
1715761424264
1715761424414
1715761424659
1715761438783
1715761438879
1715761439022
1715761439188
1715761439308
1715761439401
1715761453709
1715761453907
1715761454022
1715761454191
1715761454338
1715761454417
1715761468742
1715761468918
1715761469019
1715761469184
1715761469302
1715761469457
1715761483789
1715761483906
1715761484027
1715761484211
1715761484328
1715761484500
1715761498698
1715761498853
1715761498962
1715761499152
1715761499279
1715761499516
1715761513736
1715761513949
1715761514046
1715761514216
1715761514349
1715761514507
1715761528880
1715761529036
1715761529143
1715761529351
1715761529480
1715761529665
1715761543870
1715761543999
1715761544117
1715761544295
1715761544435
1715761544670
1715761558755
1715761558918
1715761559027
1715761559199
1715761559301
1715761559375
1715761573710
1715761573844
1715761573954
1715761574121
1715761574236
1715761574383
1715761588824
1715761589002
1715761589083
1715761589264
1715761589369
1715761589667
1715761603692
1715761603881
1715761603987
1715761604153
1715761604251
1715761604379
1715761618808
1715761618984
1715761619075
1715761619289
1715761619384
1715761619555
1715761633774
1715761633936
1715761634049
1715761634262
1715761634383
1715761634609
1715761648694
1715761648870
1715761648989
1715761649062
1715761649254
1715761649370
1715761663808
1715761663917
1715761664044
1715761664210
1715761664315
1715761664500
1715761678713
1715761678884
1715761679000
1715761679175
1715761679308
1715761679474
1715761693878
1715761694066
1715761694244
1715761694341
1715761694550
1715761694731
1715761708842
1715761709006
1715761709119
1715761709294
1715761709430
1715761709711
1715761723861
1715761724019
1715761724108
1715761724292
1715761724420
1715761724695
1715761738805
1715761738926
1715761739042
1715761739256
1715761739375
1715761739590
1715761753833
1715761754005
1715761754109
1715761754278
1715761754392
1715761754603
1715761768831
1715761768934
1715761769057
1715761769225
1715761769324
1715761769421
1715761783927
1715761784043
1715761784156
1715761784323
1715761784427
1715761784577
1715761798943
1715761799161
1715761799253
1715761799452
1715761799655
1715761799780
1715761813745
1715761813910
1715761814035
1715761814203
1715761814340
1715761814529
1715761828951
1715761829118
1715761829205
1715761829369
1715761829493
1715761829628
1715761844011
1715761844139
1715761844229
1715761844412
1715761844511
1715761844664
1715761858857
1715761859008
1715761859121
1715761859330
1715761859475
1715761859692
1715761873983
1715761874160
1715761874244
1715761874469
1715761874697
1715761874877
1715761889020
1715761889130
1715761889253
1715761889412
1715761889519
1715761889670
1715761904040
1715761904184
1715761904300
1715761904465
1715761904559
1715761904678
1715761918892
1715761919033
1715761919158
1715761919233
1715761919446
1715761919584
1715761934017
1715761934191
1715761934273
1715761934488
1715761934591
1715761934756
1715761948839
1715761949043
1715761949148
1715761949341
1715761949450
1715761949566
1715761964030
1715761964171
1715761964276
1715761964487
1715761964592
1715761964775
1715761979016
1715761979148
1715761979260
1715761979425
1715761979544
1715761979687
1715761993949
1715761994121
1715761994224
1715761994380
1715761994549
1715761994789
1715762009062
1715762009196
1715762009309
1715762009470
1715762009575
1715762009755
1715762024040
1715762024203
1715762024397
1715762024491
1715762024692
1715762024876
1715762038971
1715762039129
1715762039246
1715762039417
1715762039511
1715762039674
1715762053992
1715762054111
1715762054221
1715762054294
1715762054511
1715762054693
1715762069014
1715762069149
1715762069262
1715762069465
1715762069605
1715762069820
1715762084098
1715762084254
1715762084345
1715762084555
1715762084776
1715762084949
1715762098997
1715762099144
1715762099270
1715762099444
1715762099548
1715762099702
1715762113979
1715762114151
1715762114239
1715762114411
1715762114553
1715762114673
1715762129012
1715762129149
1715762129247
1715762129410
1715762129575
1715762129787
1715762144042
1715762144189
1715762144318
1715762144487
1715762144638
1715762144810
1715762159088
1715762159271
1715762159355
1715762159518
1715762159633
1715762159802
1715762174062
1715762174210
1715762174320
1715762174496
1715762174620
1715762174805
1715762189035
1715762189190
1715762189295
1715762189493
1715762189645
1715762189875
1715762204102
1715762204218
1715762204338
1715762204519
1715762204645
1715762204813
1715762219057
1715762219181
1715762219294
1715762219469
1715762219606
1715762219861
1715762234066
1715762234191
1715762234291
1715762234453
1715762234569
1715762234721
1715762249073
1715762249203
1715762249304
1715762249497
1715762249588
1715762249752
1715762263998
1715762264160
1715762264272
1715762264446
1715762264589
1715762264751
1715762279110
1715762279304
1715762279385
1715762279569
1715762279671
1715762279890
1715762294197
1715762294321
1715762294431
1715762294645
1715762294771
1715762294949
1715762309092
1715762309243
1715762309364
1715762309535
1715762309676
1715762309947
1715762324088
1715762324246
1715762324352
1715762324517
1715762324646
1715762324808
1715762339185
1715762339343
1715762339462
1715762339663
1715762339788
1715762340079
1715762354137
1715762354281
1715762354388
1715762354558
1715762354688
1715762354851
1715762369193
1715762369359
1715762369441
1715762369601
1715762369740
1715762369909
1715762384184
1715762384309
1715762384423
1715762384635
1715762384760
1715762384978
1715762399152
1715762399288
1715762399404
1715762399609
1715762399788
1715762400047
1715762414156
1715762414334
1715762414408
1715762414589
1715762414710
1715762414884
1715762429091
1715762429234
1715762429346
1715762429556
1715762429670
1715762429822
1715762444125
1715762444293
1715762444395
1715762444564
1715762444707
1715762444928
1715762459176
1715762459342
1715762459448
1715762459610
1715762459715
1715762459885
1715762474268
1715762474446
1715762474630
1715762474719
1715762474830
1715762474925
1715762489253
1715762489395
1715762489504
1715762489671
1715762489897
1715762490118
1715762504168
1715762504270
1715762504380
1715762504570
1715762504689
1715762504829
1715762519254
1715762519418
1715762519527
1715762519697
1715762519824
1715762520029
1715762534148
1715762534338
1715762534444
1715762534639
1715762534790
1715762534983
1715762549084
1715762549256
1715762549376
1715762549546
1715762549663
1715762549832
1715762564246
1715762564413
1715762564496
1715762564709
1715762564915
1715762565125
1715762579101
1715762579239
1715762579341
1715762579532
1715762579626
1715762579746
1715762594178
1715762594316
1715762594429
1715762594498
1715762594660
1715762594790
1715762609292
1715762609449
1715762609626
1715762609762
1715762609883
1715762610075
1715762624160
1715762624291
1715762624407
1715762624574
1715762624693
1715762624823
1715762639204
1715762639341
1715762639456
1715762639610
1715762639753
1715762639946
1715762654183
1715762654334
1715762654434
1715762654514
1715762654685
1715762654781
1715762669163
1715762669352
1715762669482
1715762669690
1715762669815
1715762670065
1715762684240
1715762684403
1715762684583
1715762684680
1715762684847
1715762685067
1715762699236
1715762699399
1715762699509
1715762699711
1715762699816
1715762699991
1715762714242
1715762714389
1715762714506
1715762714705
1715762714846
1715762714969
1715762729317
1715762729422
1715762729547
1715762729713
1715762729848
1715762729971
1715762744481
1715762744590
1715762744775
1715762744954
1715762745111
1715762745267
1715762759160
1715762759369
1715762759480
1715762759656
1715762759778
1715762759976
1715762774260
1715762774406
1715762774518
1715762774681
1715762774796
1715762774919
1715762789299
1715762789489
1715762789600
1715762789778
1715762789889
1715762790000
1715762804220
1715762804396
1715762804517
1715762804733
1715762804911
1715762805124
1715762819334
1715762819477
1715762819590
1715762819788
1715762819948
1715762820115
1715762834367
1715762834561
1715762834642
1715762834808
1715762834973
1715762835162
1715762849326
1715762849446
1715762849566
1715762849742
1715762849862
1715762850044
1715762864280
1715762864453
1715762864548
1715762864709
1715762864851
1715762865105
1715762879367
1715762879495
1715762879617
1715762879784
1715762879913
1715762880124
1715762894311
1715762894474
1715762894657
1715762894770
1715762894913
1715762895095
1715762909322
1715762909504
1715762909683
1715762909778
1715762909936
1715762910042
1715762924308
1715762924517
1715762924640
1715762924806
1715762924953
1715762925169
1715762939381
1715762939537
1715762939643
1715762939814
1715762939945
1715762940236
1715762954345
1715762954456
1715762954573
1715762954742
1715762954874
1715762955020
1715762969440
1715762969615
1715762969795
1715762969890
1715762970057
1715762970201
1715762984354
1715762984517
1715762984638
1715762984814
1715762984951
1715762985103
1715762999372
1715762999498
1715762999613
1715762999781
1715762999920
1715763000072
1715763014300
1715763014448
1715763014544
1715763014716
1715763014830
1715763014947
1715763029419
1715763029551
1715763029676
1715763029889
1715763030018
1715763030217
1715763044428
1715763044530
1715763044623
1715763044806
1715763044945
1715763045080
1715763059450
1715763059649
1715763059829
1715763059950
1715763060180
1715763060340
1715763074335
1715763074508
1715763074621
1715763074696
1715763074850
1715763075024
1715763089409
1715763089522
1715763089636
1715763089801
1715763089925
1715763090114
1715763104514
1715763104718
1715763104794
1715763104956
1715763105109
1715763105288
1715763119337
1715763119489
1715763119599
1715763119768
1715763119871
1715763120061
1715763134545
1715763134673
1715763134789
1715763134996
1715763135174
1715763135325
1715763149401
1715763149567
1715763149652
1715763149816
1715763149956
1715763150217
1715763164308
1715763164516
1715763164613
1715763164780
1715763164912
1715763165168
1715763179506
1715763179680
1715763179853
1715763179959
1715763180159
1715763180315
1715763194452
1715763194659
1715763194765
1715763194839
1715763195032
1715763195188
1715763209394
1715763209581
1715763209661
1715763209825
1715763209957
1715763210139
1715763224479
1715763224637
1715763224744
1715763224912
1715763225052
1715763225157
1715763239482
1715763239686
1715763239800
1715763239973
1715763240124
1715763240364
1715763254445
1715763254605
1715763254689
1715763254887
1715763255106
1715763255302
1715763269410
1715763269618
1715763269734
1715763269936
1715763270058
1715763270329
1715763284558
1715763284689
1715763284817
1715763284981
1715763285084
1715763285257
1715763299458
1715763299622
1715763299739
1715763299948
1715763300111
1715763300196
1715763314456
1715763314708
1715763314792
1715763314956
1715763315114
1715763315339
1715763329509
1715763329696
1715763329807
1715763330017
1715763330143
1715763330354
1715763344528
1715763344641
1715763344832
1715763345033
1715763345213
1715763345356
1715763359427
1715763359616
1715763359694
1715763359898
1715763360061
1715763360283
1715763374540
1715763374655
1715763374774
1715763374984
1715763375173
1715763375369
1715763389470
1715763389611
1715763389712
1715763389786
1715763390001
1715763390118
1715763404396
1715763404584
1715763404698
1715763404873
1715763405012
1715763405264
1715763419609
1715763419784
1715763419910
1715763420107
1715763420236
1715763420445
1715763434644
1715763434752
1715763434876
1715763435043
1715763435176
1715763435353
1715763449472
1715763449646
1715763449765
1715763449932
1715763450058
1715763450182
1715763464571
1715763464700
1715763464815
1715763465016
1715763465126
1715763465304
1715763479621
1715763479731
1715763479849
1715763480040
1715763480164
1715763480308
1715763494537
1715763494700
1715763494881
1715763495028
1715763495207
1715763495390
1715763509600
1715763509721
1715763509839
1715763510050
1715763510171
1715763510381
1715763524565
1715763524700
1715763524803
1715763524877
1715763525091
1715763525214
1715763539643
1715763539803
1715763539970
1715763540108
1715763540226
1715763540466
1715763554638
1715763554793
1715763554902
1715763555070
1715763555173
1715763555332
1715763569567
1715763569740
1715763569861
1715763570071
1715763570156
1715763570342
1715763584605
1715763584754
1715763584871
1715763585043
1715763585162
1715763585296
1715763599666
1715763599813
1715763599917
1715763600094
1715763600241
1715763600411
1715763614549
1715763614700
1715763614880
1715763614995
1715763615164
1715763615365
1715763629651
1715763629815
1715763629926
1715763630101
1715763630206
1715763630338
1715763644791
1715763644919
1715763645126
1715763645271
1715763645461
1715763645646
1715763659566
1715763659703
1715763659822
1715763660060
1715763660179
1715763660337
1715763674707
1715763674851
1715763674978
1715763675159
1715763675285
1715763675438
1715763689563
1715763689754
1715763689874
1715763690034
1715763690130
1715763690297
1715763704675
1715763704803
1715763704912
1715763705085
1715763705210
1715763705345
1715763719722
1715763719878
1715763719993
1715763720186
1715763720318
1715763720514
1715763734760
1715763734900
1715763735018
1715763735187
1715763735284
1715763735384
1715763749743
1715763749866
1715763749989
1715763750208
1715763750307
1715763750495
1715763764694
1715763764862
1715763765044
1715763765145
1715763765272
1715763765533
1715763779701
1715763779895
1715763779979
1715763780180
1715763780335
1715763780537
1715763794683
1715763794880
1715763794963
1715763795144
1715763795277
1715763795460
1715763809577
1715763809764
1715763809867
1715763810032
1715763810155
1715763810385
1715763824720
1715763824852
1715763824978
1715763825146
1715763825278
1715763825509
1715763839681
1715763839878
1715763840077
1715763840198
1715763840402
1715763840632
1715763854625
1715763854818
1715763854894
1715763855109
1715763855340
1715763855473
1715763869689
1715763869878
1715763870007
1715763870177
1715763870331
1715763870516
1715763884750
1715763884911
1715763885083
1715763885188
1715763885414
1715763885592
1715763899678
1715763899834
1715763899948
1715763900131
1715763900234
1715763900388
1715763914791
1715763914936
1715763915049
1715763915209
1715763915310
1715763915478
1715763929737
1715763929845
1715763929965
1715763930127
1715763930215
1715763930359
1715763944830
1715763944958
1715763945030
1715763945206
1715763945295
1715763945429
1715763959753
1715763959910
1715763960034
1715763960251
1715763960374
1715763960637
1715763974832
1715763974995
1715763975079
1715763975254
1715763975385
1715763975696
1715763989719
1715763989845
1715763989958
1715763990173
1715763990312
1715763990480
1715764004685
1715764004829
1715764004943
1715764005108
1715764005245
1715764005375
1715764019792
1715764019988
1715764020083
1715764020274
1715764020412
1715764020525
1715764034708
1715764034855
1715764034972
1715764035132
1715764035221
1715764035321
1715764049848
1715764050010
1715764050107
1715764050275
1715764050416
1715764050529
1715764064730
1715764064959
1715764065041
1715764065245
1715764065369
1715764065527
1715764079782
1715764079909
1715764080050
1715764080259
1715764080367
1715764080524
1715764094782
1715764095005
1715764095160
1715764095237
1715764095561
1715764095686
1715764109796
1715764109912
1715764110020
1715764110192
1715764110294
1715764110402
1715764124785
1715764124937
1715764125052
1715764125228
1715764125349
1715764125490
1715764139843
1715764140033
1715764140216
1715764140332
1715764140486
1715764140695
1715764154802
1715764154968
1715764155084
1715764155253
1715764155371
1715764155468
1715764169861
1715764170031
1715764170144
1715764170310
1715764170448
1715764170566
1715764184912
1715764185013
1715764185157
1715764185323
1715764185445
1715764185647
1715764199876
1715764200049
1715764200173
1715764200387
1715764200477
1715764200728
1715764214908
1715764215080
1715764215196
1715764215369
1715764215495
1715764215615
1715764229918
1715764230022
1715764230137
1715764230296
1715764230391
1715764230531
1715764244987
1715764245131
1715764245300
1715764245423
1715764245626
1715764245821
1715764259775
1715764259909
1715764260034
1715764260202
1715764260320
1715764260446
1715764274877
1715764275020
1715764275137
1715764275348
1715764275515
1715764275764
1715764289944
1715764290057
1715764290175
1715764290339
1715764290445
1715764290554
1715764304875
1715764305103
1715764305204
1715764305371
1715764305490
1715764305663
1715764319956
1715764320153
1715764320339
1715764320466
1715764320570
1715764320729
1715764334951
1715764335134
1715764335308
1715764335413
1715764335543
1715764335678
1715764349867
1715764350025
1715764350138
1715764350349
1715764350452
1715764350589
1715764364914
1715764365068
1715764365176
1715764365383
1715764365576
1715764365765
1715764379952
1715764380107
1715764380226
1715764380393
1715764380498
1715764380670
1715764394999
1715764395181
1715764395255
1715764395462
1715764395610
1715764395813
1715764409897
1715764410051
1715764410155
1715764410320
1715764410423
1715764410615
1715764424892
1715764425029
1715764425143
1715764425311
1715764425425
1715764425574
1715764439884
1715764440035
1715764440153
1715764440326
1715764440426
1715764440614
1715764454957
1715764455090
1715764455197
1715764455357
1715764455475
1715764455602
1715764469923
1715764470031
1715764470148
1715764470318
1715764470443
1715764470628
1715764484947
1715764485080
1715764485188
1715764485354
1715764485492
1715764485646
1715764500161
1715764500283
1715764500402
1715764500573
1715764500724
1715764500874
1715764514930
1715764515126
1715764515240
1715764515416
1715764515542
1715764515686
1715764530025
1715764530182
1715764530287
1715764530452
1715764530558
1715764530734
1715764545037
1715764545187
1715764545295
1715764545492
1715764545596
1715764545728
1715764559902
1715764560097
1715764560209
1715764560380
1715764560501
1715764560637
1715764575471
1715764575652
1715764575726
1715764575912
1715764576048
1715764576262
1715764589958
1715764590098
1715764590231
1715764590439
1715764590591
1715764590824
1715764605008
1715764605192
1715764605277
1715764605480
1715764605647
1715764605896
1715764619930
1715764620118
1715764620302
1715764620410
1715764620561
1715764620768
1715764635160
1715764635323
1715764635430
1715764635613
1715764635724
1715764635890
1715764650045
1715764650189
1715764650300
1715764650516
1715764650656
1715764650805
1715764665007
1715764665155
1715764665259
1715764665422
1715764665548
1715764665717
1715764680025
1715764680165
1715764680290
1715764680477
1715764680677
1715764680836
1715764694886
1715764695054
1715764695166
1715764695380
1715764695513
1715764695766
1715764710046
1715764710210
1715764710388
1715764710507
1715764710737
1715764710914
1715764725132
1715764725260
1715764725378
1715764725548
1715764725626
1715764725761
1715764740061
1715764740223
1715764740310
1715764740528
1715764740686
1715764740900
1715764754987
1715764755151
1715764755262
1715764755428
1715764755566
1715764755755
1715764770141
1715764770284
1715764770401
1715764770586
1715764770736
1715764770871
1715764785011
1715764785168
1715764785276
1715764785438
1715764785577
1715764785759
1715764800112
1715764800260
1715764800447
1715764800561
1715764800731
1715764800912
1715764815140
1715764815273
1715764815394
1715764815571
1715764815664
1715764815873
1715764830129
1715764830325
1715764830402
1715764830586
1715764830743
1715764830999
1715764845142
1715764845324
1715764845505
1715764845621
1715764845731
1715764845924
1715764860211
1715764860325
1715764860440
1715764860651
1715764860741
1715764860911
1715764875108
1715764875227
1715764875351
1715764875423
1715764875626
1715764875856
1715764890087
1715764890204
1715764890316
1715764890488
1715764890609
1715764890774
1715764905093
1715764905263
1715764905337
1715764905502
1715764905633
1715764905804
1715764920176
1715764920357
1715764920445
1715764920634
1715764920801
1715764920994
1715764935126
1715764935289
1715764935391
1715764935466
1715764935615
1715764935846
1715764950216
1715764950419
1715764950605
1715764950697
1715764950835
1715764951022
1715764965066
1715764965262
1715764965386
1715764965601
1715764965699
1715764965985
1715764980237
1715764980394
1715764980508
1715764980679
1715764980798
1715764980923
1715764995168
1715764995356
1715764995462
1715764995679
1715764995799
1715764996001
1715765010112
1715765010272
1715765010390
1715765010556
1715765010716
1715765010903
1715765025112
1715765025261
1715765025375
1715765025542
1715765025670
1715765025904
1715765040264
1715765040381
1715765040495
1715765040671
1715765040796
1715765041010
1715765055166
1715765055274
1715765055379
1715765055453
1715765055672
1715765055767
1715765070154
1715765070453
1715765070585
1715765070854
1715765071011
1715765071177
1715765085202
1715765085373
1715765085497
1715765085669
1715765085800
1715765085930
1715765100173
1715765100292
1715765100405
1715765100582
1715765100709
1715765100859
1715765115159
1715765115280
1715765115388
1715765115566
1715765115697
1715765115803
1715765130158
1715765130341
1715765130415
1715765130572
1715765130687
1715765130916
1715765145250
1715765145414
1715765145517
1715765145708
1715765145880
1715765145988
1715765160290
1715765160453
1715765160621
1715765160720
1715765160845
1715765161066
1715765175072
1715765175265
1715765175381
1715765175550
1715765175695
1715765175902
1715765190166
1715765190308
1715765190413
1715765190579
1715765190710
1715765190831
1715765205235
1715765205405
1715765205536
1715765205704
1715765205828
1715765205986
1715765220269
1715765220395
1715765220533
1715765220700
1715765220809
1715765220931
1715765235169
1715765235306
1715765235382
1715765235445
1715765235698
1715765235842
1715765250171
1715765250282
1715765250408
1715765250582
1715765250718
1715765250853
1715765265339
1715765265542
1715765265641
1715765265815
1715765265951
1715765266111
1715765280378
1715765280508
1715765280617
1715765280785
1715765280938
1715765281119
1715765295286
1715765295465
1715765295546
1715765295762
1715765295962
1715765296167
1715765310210
1715765310316
1715765310434
1715765310597
1715765310694
1715765310814
1715765325256
1715765325405
1715765325514
1715765325595
1715765325888
1715765326077
1715765340406
1715765340580
1715765340751
1715765340872
1715765341010
1715765341170
1715765355287
1715765355413
1715765355529
1715765355740
1715765355854
1715765356148
1715765370279
1715765370445
1715765370627
1715765370739
1715765370891
1715765371084
1715765385279
1715765385414
1715765385541
1715765385719
1715765385862
1715765385989
1715765400435
1715765400544
1715765400661
1715765400832
1715765400938
1715765401093
1715765415251
1715765415425
1715765415566
1715765415732
1715765415835
1715765415945
1715765430364
1715765430525
1715765430611
1715765430809
1715765431006
1715765431233
1715765445359
1715765445485
1715765445605
1715765445775
1715765445919
1715765446108
1715765460334
1715765460563
1715765460732
1715765460829
1715765460973
1715765461188
1715765475283
1715765475425
1715765475551
1715765475757
1715765475881
1715765476009
1715765490402
1715765490554
1715765490658
1715765490867
1715765491061
1715765491190
1715765505297
1715765505409
1715765505528
1715765505692
1715765505785
1715765505948
1715765520337
1715765520447
1715765520564
1715765520721
1715765520855
1715765521011
1715765535369
1715765535524
1715765535632
1715765535812
1715765535948
1715765536164
1715765550318
1715765550465
1715765550592
1715765550801
1715765550935
1715765551184
1715765565379
1715765565563
1715765565678
1715765565891
1715765566074
1715765566222
1715765580450
1715765580601
1715765580707
1715765580901
1715765581106
1715765581277
1715765595233
1715765595414
1715765595530
1715765595743
1715765595862
1715765596030
1715765610334
1715765610487
1715765610603
1715765610770
1715765610907
1715765611088
1715765625546
1715765625717
1715765625798
1715765625961
1715765626085
1715765626255
1715765640385
1715765640573
1715765640689
1715765640901
1715765641094
1715765641286
1715765655393
1715765655546
1715765655664
1715765655838
1715765655966
1715765656107
1715765670382
1715765670589
1715765670701
1715765670893
1715765671067
1715765671297
1715765685441
1715765685585
1715765685712
1715765685917
1715765686072
1715765686263
1715765700399
1715765700586
1715765700771
1715765700877
1715765701054
1715765701235
1715765715552
1715765715749
1715765715830
1715765715994
1715765716113
1715765716314
1715765730444
1715765730637
1715765730714
1715765730876
1715765731024
1715765731275
1715765745526
1715765745699
1715765745879
1715765745998
1715765746126
1715765746423
1715765760502
1715765760652
1715765760770
1715765760936
1715765761070
1715765761205
1715765775521
1715765775679
1715765775862
1715765775983
1715765776109
1715765776296
1715765790490
1715765790619
1715765790737
1715765790950
1715765791098
1715765791278
1715765805460
1715765805613
1715765805726
1715765805896
1715765806011
1715765806200
1715765820374
1715765820569
1715765820675
1715765820851
1715765820968
1715765821124
1715765835506
1715765835650
1715765835757
1715765835963
1715765836145
1715765836357
1715765850526
1715765850720
1715765850834
1715765851003
1715765851222
1715765851428
1715765865512
1715765865625
1715765865777
1715765865986
1715765866174
1715765866359
1715765880495
1715765880623
1715765880731
1715765880908
1715765881064
1715765881269
1715765895587
1715765895780
1715765895858
1715765896072
1715765896215
1715765896434
1715765910484
1715765910671
1715765910786
1715765910994
1715765911196
1715765911361
1715765925445
1715765925585
1715765925674
1715765925881
1715765925999
1715765926203
1715765940599
1715765940748
1715765940859
1715765941076
1715765941244
1715765941425
1715765955497
1715765955662
1715765955744
1715765955820
1715765955991
1715765956104
1715765970568
1715765970728
1715765970845
1715765971051
1715765971228
1715765971390
1715765985521
1715765985717
1715765985842
1715765986049
1715765986235
1715765986435
1715766000517
1715766000681
1715766000764
1715766000965
1715766001128
1715766001335
1715766015555
1715766015730
1715766015810
1715766015974
1715766016105
1715766016245
1715766030509
1715766030670
1715766030783
1715766030995
1715766031088
1715766031246
1715766045555
1715766045686
1715766045784
1715766045960
1715766046053
1715766046198
1715766060555
1715766060673
1715766060789
1715766060954
1715766061101
1715766061209
1715766075635
1715766075749
1715766075872
1715766076080
1715766076213
1715766076482
1715766090541
1715766090684
1715766090801
1715766090967
1715766091067
1715766091314
1715766105587
1715766105734
1715766105859
1715766106036
1715766106157
1715766106294
1715766120595
1715766120765
1715766120854
1715766121050
1715766121154
1715766121290
1715766135613
1715766135732
1715766135866
1715766136041
1715766136179
1715766136328
1715766150581
1715766150695
1715766150826
1715766150992
1715766151112
1715766151253
1715766165576
1715766165771
1715766165847
1715766166031
1715766166152
1715766166362
1715766180618
1715766180811
1715766180890
1715766181058
1715766181198
1715766181438
1715766195613
1715766195737
1715766195853
1715766196021
1715766196121
1715766196247
1715766210737
1715766210898
1715766211074
1715766211200
1715766211377
1715766211544
1715766225626
1715766225774
1715766225886
1715766226060
1715766226149
1715766226305
1715766240655
1715766240800
1715766240915
1715766241089
1715766241230
1715766241420
1715766255630
1715766255841
1715766255931
1715766256102
1715766256231
1715766256458
1715766270717
1715766270834
1715766270940
1715766271114
1715766271301
1715766271545
1715766285552
1715766285677
1715766285791
1715766285992
1715766286160
1715766286351
1715766300729
1715766300905
1715766300990
1715766301161
1715766301306
1715766301508
1715766315681
1715766315810
1715766315925
1715766316092
1715766316241
1715766316415
1715766330596
1715766330756
1715766330859
1715766331073
1715766331204
1715766331499
1715766345812
1715766345950
1715766346115
1715766346217
1715766346402
1715766346549
1715766360657
1715766360844
1715766361015
1715766361111
1715766361309
1715766361514
1715766375546
1715766375788
1715766375871
1715766376032
1715766376166
1715766376398
1715766390705
1715766390838
1715766390946
1715766391122
1715766391265
1715766391431
1715766405707
1715766405850
1715766405969
1715766406145
1715766406270
1715766406368
1715766420702
1715766420856
1715766420969
1715766421166
1715766421266
1715766421461
1715766435708
1715766435892
1715766435992
1715766436068
1715766436269
1715766436380
1715766450684
1715766450825
1715766450947
1715766451121
1715766451217
1715766451344
1715766465699
1715766465846
1715766465973
1715766466148
1715766466261
1715766466383
1715766480761
1715766480887
1715766481018
1715766481184
1715766481313
1715766481469
1715766495671
1715766495820
1715766495940
1715766496140
1715766496243
1715766496376
1715766510726
1715766510931
1715766511102
1715766511214
1715766511419
1715766511602
1715766525666
1715766525811
1715766525946
1715766526112
1715766526234
1715766526429
1715766540774
1715766540931
1715766541033
1715766541244
1715766541408
1715766541640
1715766555772
1715766555959
1715766556076
1715766556248
1715766556371
1715766556556
1715766570877
1715766571030
1715766571149
1715766571327
1715766571428
1715766571587
1715766585731
1715766585895
1715766586006
1715766586185
1715766586312
1715766586436
1715766600844
1715766600968
1715766601085
1715766601260
1715766601403
1715766601644
1715766615780
1715766615965
1715766616070
1715766616236
1715766616354
1715766616555
1715766630665
1715766630846
1715766630963
1715766631131
1715766631263
1715766631431
1715766645824
1715766645961
1715766646079
1715766646254
1715766646361
1715766646457
1715766660871
1715766661066
1715766661144
1715766661352
1715766661491
1715766661708
1715766675826
1715766675952
1715766676061
1715766676231
1715766676351
1715766676510
1715766690863
1715766691066
1715766691139
1715766691336
1715766691436
1715766691584
1715766705845
1715766705956
1715766706073
1715766706240
1715766706371
1715766706502
1715766720935
1715766721101
1715766721274
1715766721405
1715766721534
1715766721748
1715766735781
1715766735943
1715766736054
1715766736230
1715766736356
1715766736601
1715766750813
1715766750935
1715766751054
1715766751236
1715766751345
1715766751525
1715766765788
1715766765911
1715766766035
1715766766241
1715766766370
1715766766531
1715766780932
1715766781097
1715766781270
1715766781391
1715766781516
1715766781729
1715766795873
1715766796072
1715766796207
1715766796372
1715766796500
1715766796658
1715766810730
1715766810939
1715766811056
1715766811266
1715766811438
1715766811646
1715766825843
1715766825957
1715766826075
1715766826249
1715766826356
1715766826562
1715766840958
1715766841079
1715766841195
1715766841409
1715766841546
1715766841783
1715766855885
1715766856054
1715766856128
1715766856289
1715766856401
1715766856590
1715766870853
1715766870965
1715766871077
1715766871266
1715766871391
1715766871501
1715766885984
1715766886113
1715766886224
1715766886437
1715766886559
1715766886760
1715766900990
1715766901174
1715766901389
1715766901547
1715766901689
1715766901847
1715766915873
1715766916029
1715766916131
1715766916309
1715766916436
1715766916531
1715766931058
1715766931214
1715766931385
1715766931492
1715766931605
1715766931773
1715766945968
1715766946109
1715766946279
1715766946404
1715766946585
1715766946749
1715766960912
1715766961087
1715766961202
1715766961410
1715766961522
1715766961773
1715766976010
1715766976110
1715766976246
1715766976457
1715766976582
1715766976777
1715766990909
1715766991048
1715766991162
1715766991380
1715766991526
1715766991789
1715767005853
1715767006032
1715767006121
1715767006320
1715767006405
1715767006622
1715767021026
1715767021152
1715767021269
1715767021483
1715767021615
1715767021776
1715767035877
1715767036036
1715767036206
1715767036334
1715767036536
1715767036633
1715767050958
1715767051085
1715767051200
1715767051364
1715767051485
1715767051588
1715767066004
1715767066112
1715767066235
1715767066402
1715767066512
1715767066751
1715767080888
1715767081013
1715767081124
1715767081306
1715767081395
1715767081505
1715767095946
1715767096085
1715767096211
1715767096384
1715767096522
1715767096634
1715767111019
1715767111161
1715767111279
1715767111356
1715767111571
1715767111696
1715767126053
1715767126205
1715767126405
1715767126525
1715767126665
1715767126874
1715767141089
1715767141272
1715767141355
1715767141542
1715767141693
1715767141882
1715767155998
1715767156111
1715767156246
1715767156432
1715767156600
1715767156779
1715767171019
1715767171149
1715767171263
1715767171424
1715767171551
1715767171782
1715767186000
1715767186128
1715767186244
1715767186320
1715767186529
1715767186746
1715767201109
1715767201230
1715767201313
1715767201405
1715767201569
1715767201702
1715767215936
1715767216064
1715767216184
1715767216354
1715767216460
1715767216640
1715767230988
1715767231098
1715767231211
1715767231377
1715767231470
1715767231606
1715767246104
1715767246225
1715767246344
1715767246540
1715767246672
1715767246866
1715767260978
1715767261152
1715767261237
1715767261431
1715767261617
1715767261769
1715767276000
1715767276114
1715767276223
1715767276298
1715767276456
1715767276597
1715767291167
1715767291301
1715767291420
1715767291634
1715767291800
1715767291959
1715767306118
1715767306252
1715767306367
1715767306568
1715767306724
1715767306908
1715767320977
1715767321124
1715767321227
1715767321431
1715767321560
1715767321825
1715767336096
1715767336206
1715767336325
1715767336504
1715767336606
1715767336716
1715767350932
1715767351064
1715767351180
1715767351373
1715767351508
1715767351793
1715767366147
1715767366355
1715767366538
1715767366648
1715767366786
1715767366991
1715767381019
1715767381213
1715767381327
1715767381544
1715767381648
1715767381961
1715767396162
1715767396291
1715767396400
1715767396572
1715767396681
1715767396814
1715767411050
1715767411254
1715767411355
1715767411445
1715767411683
1715767411845
1715767426156
1715767426256
1715767426378
1715767426560
1715767426647
1715767426773
1715767441191
1715767441373
1715767441557
1715767441666
1715767441855
1715767442055
1715767456125
1715767456237
1715767456363
1715767456558
1715767456725
1715767456963
1715767471140
1715767471332
1715767471458
1715767471664
1715767471863
1715767472052
1715767486097
1715767486301
1715767486489
1715767486598
1715767486798
1715767486997
1715767501182
1715767501362
1715767501449
1715767501605
1715767501736
1715767501981
1715767516157
1715767516313
1715767516426
1715767516601
1715767516733
1715767516917
1715767531052
1715767531234
1715767531364
1715767531534
1715767531671
1715767531840
1715767546155
1715767546286
1715767546407
1715767546586
1715767546715
1715767546848
1715767561273
1715767561422
1715767561504
1715767561703
1715767561839
1715767562043
1715767576066
1715767576188
1715767576302
1715767576476
1715767576572
1715767576691
1715767591158
1715767591306
1715767591434
1715767591638
1715767591817
1715767592029
1715767606115
1715767606258
1715767606378
1715767606548
1715767606691
1715767606872
1715767621206
1715767621332
1715767621453
1715767621668
1715767621782
1715767622038
1715767636165
1715767636371
1715767636470
1715767636655
1715767636797
1715767636953
1715767651188
1715767651343
1715767651451
1715767651627
1715767651753
1715767651978
1715767666179
1715767666321
1715767666440
1715767666606
1715767666730
1715767666877
1715767681191
1715767681347
1715767681463
1715767681638
1715767681763
1715767681877
1715767696333
1715767696460
1715767696579
1715767696656
1715767696847
1715767697003
1715767711259
1715767711390
1715767711513
1715767711683
1715767711823
1715767711953
1715767726211
1715767726407
1715767726522
1715767726690
1715767726823
1715767727033
1715767741259
1715767741441
1715767741618
1715767741737
1715767741869
1715767742012
1715767756157
1715767756349
1715767756431
1715767756591
1715767756723
1715767756967
1715767771204
1715767771364
1715767771465
1715767771665
1715767771844
1715767772063
1715767786405
1715767786568
1715767786750
1715767786844
1715767786992
1715767787162
1715767801221
1715767801412
1715767801594
1715767801687
1715767801806
1715767802015
1715767816260
1715767816457
1715767816630
1715767816784
1715767816952
1715767817180
1715767831292
1715767831450
1715767831630
1715767831745
1715767831913
1715767832073
1715767846302
1715767846433
1715767846532
1715767846690
1715767846826
1715767846931
1715767861179
1715767861310
1715767861423
1715767861592
1715767861722
1715767861878
1715767876343
1715767876507
1715767876591
1715767876788
1715767876929
1715767877022
1715767891320
1715767891511
1715767891623
1715767891798
1715767891899
1715767892065
1715767906208
1715767906337
1715767906453
1715767906664
1715767906818
1715767907073
1715767921235
1715767921479
1715767921561
1715767921740
1715767921862
1715767922060
1715767936253
1715767936399
1715767936511
1715767936688
1715767936809
1715767937053
1715767951344
1715767951494
1715767951618
1715767951833
1715767952024
1715767952230
1715767966398
1715767966564
1715767966734
1715767966857
1715767967079
1715767967278
1715767981298
1715767981484
1715767981601
1715767981816
1715767981960
1715767982187
1715767996262
1715767996366
1715767996485
1715767996652
1715767996759
1715767996882
1715768011348
1715768011497
1715768011606
1715768011778
1715768011888
1715768012029
1715768026393
1715768026571
1715768026654
1715768026850
1715768026969
1715768027265
1715768041360
1715768041509
1715768041631
1715768041817
1715768041976
1715768042228
1715768056333
1715768056472
1715768056573
1715768056649
1715768056810
1715768056940
1715768071349
1715768071574
1715768071657
1715768071825
1715768071948
1715768072110
1715768086412
1715768086538
1715768086631
1715768086794
1715768086965
1715768087176
1715768101430
1715768101592
1715768101692
1715768101856
1715768101978
1715768102126
1715768116389
1715768116563
1715768116645
1715768116826
1715768116991
1715768117208
1715768131361
1715768131532
1715768131641
1715768131811
1715768131947
1715768132058
1715768146421
1715768146582
1715768146783
1715768146903
1715768147110
1715768147281
1715768161414
1715768161599
1715768161673
1715768161883
1715768161994
1715768162123
1715768176367
1715768176499
1715768176617
1715768176820
1715768176933
1715768177194
1715768191432
1715768191598
1715768191712
1715768191911
1715768192102
1715768192360
1715768206469
1715768206645
1715768206721
1715768206929
1715768207120
1715768207320
1715768221474
1715768221613
1715768221741
1715768221929
1715768222059
1715768222270
1715768236490
1715768236677
1715768236756
1715768236961
1715768237132
1715768237361
1715768251373
1715768251520
1715768251647
1715768251852
1715768252008
1715768252220
1715768266444
1715768266601
1715768266693
1715768266895
1715768267043
1715768267271
1715768281500
1715768281646
1715768281764
1715768281838
1715768282083
1715768282231
1715768296425
1715768296565
1715768296682
1715768296902
1715768297039
1715768297196
1715768311420
1715768311566
1715768311680
1715768311893
1715768312079
1715768312261
1715768326385
1715768326563
1715768326691
1715768326862
1715768326971
1715768327128
1715768341471
1715768341635
1715768341728
1715768341933
1715768342053
1715768342331
1715768356533
1715768356640
1715768356747
1715768356821
1715768357010
1715768357214
1715768371567
1715768371685
1715768371779
1715768371870
1715768372069
1715768372172
1715768386513
1715768386625
1715768386751
1715768386918
1715768387041
1715768387183
1715768401488
1715768401673
1715768401759
1715768401927
1715768402055
1715768402213
1715768416459
1715768416621
1715768416732
1715768416907
1715768417013
1715768417132
1715768431469
1715768431630
1715768431747
1715768431962
1715768432131
1715768432367
1715768446464
1715768446632
1715768446766
1715768446948
1715768447089
1715768447321
1715768461500
1715768461646
1715768461765
1715768461937
1715768462050
1715768462181
1715768476523
1715768476660
1715768476770
1715768476973
1715768477134
1715768477388
1715768491438
1715768491582
1715768491699
1715768491865
1715768492003
1715768492224
1715768506625
1715768506788
1715768506969
1715768507094
1715768507200
1715768507464
1715768521513
1715768521653
1715768521778
1715768521862
1715768522020
1715768522127
1715768536452
1715768536576
1715768536693
1715768536862
1715768536966
1715768537059
1715768551610
1715768551744
1715768551868
1715768552040
1715768552189
1715768552377
1715768566657
1715768566817
1715768567001
1715768567146
1715768567325
1715768567501
1715768581580
1715768581689
1715768581816
1715768581890
1715768581955
1715768582171
1715768596675
1715768596801
1715768596913
1715768596992
1715768597206
1715768597303
1715768611646
1715768611775
1715768611895
1715768612069
1715768612191
1715768612362
1715768626500
1715768626693
1715768626797
1715768626960
1715768627034
1715768627155
1715768641585
1715768641803
1715768641903
1715768642066
1715768642272
1715768642493
1715768656657
1715768656814
1715768656929
1715768657132
1715768657225
1715768657378
1715768671613
1715768671762
1715768671862
1715768672061
1715768672207
1715768672357
1715768686709
1715768686833
1715768686949
1715768687161
1715768687351
1715768687524
1715768701626
1715768701755
1715768701874
1715768702075
1715768702193
1715768702449
1715768716514
1715768716660
1715768716770
1715768716982
1715768717113
1715768717285
1715768731633
1715768731776
1715768731894
1715768732063
1715768732169
1715768732346
1715768746617
1715768746853
1715768746938
1715768747166
1715768747337
1715768747531
1715768761597
1715768761775
1715768761894
1715768762060
1715768762162
1715768762279
1715768776651
1715768776811
1715768776925
1715768777124
1715768777273
1715768777435
1715768791678
1715768791788
1715768791917
1715768792096
1715768792217
1715768792385
1715768806665
1715768806796
1715768806910
1715768807083
1715768807213
1715768807376
1715768821722
1715768821835
1715768821961
1715768822137
1715768822240
1715768822383
1715768836644
1715768836795
1715768836905
1715768837074
1715768837184
1715768837361
1715768851617
1715768851756
1715768851872
1715768852042
1715768852157
1715768852409
1715768866702
1715768866925
1715768867023
1715768867186
1715768867324
1715768867556
1715768881653
1715768881799
1715768881913
1715768882127
1715768882237
1715768882511
1715768896711
1715768896850
1715768896969
1715768897135
1715768897229
1715768897399
1715768911807
1715768911977
1715768912064
1715768912226
1715768912369
1715768912600
1715768926713
1715768926829
1715768926955
1715768927127
1715768927247
1715768927397
1715768941689
1715768941881
1715768941960
1715768942037
1715768942252
1715768942451
1715768956843
1715768956966
1715768957087
1715768957262
1715768957364
1715768957539
1715768971689
1715768971822
1715768971936
1715768972132
1715768972263
1715768972509
1715768986665
1715768986795
1715768986913
1715768987076
1715768987179
1715768987328
1715769001743
1715769001982
1715769002066
1715769002272
1715769002398
1715769002608
1715769016734
1715769016866
1715769016983
1715769017150
1715769017252
1715769017403
1715769031825
1715769032013
1715769032102
1715769032308
1715769032490
1715769032659
1715769046878
1715769047051
1715769047223
1715769047362
1715769047522
1715769047722
1715769061821
1715769062022
1715769062106
1715769062301
1715769062450
1715769062673
1715769076718
1715769076894
1715769077074
1715769077208
1715769077375
1715769077579
1715769091786
1715769091953
1715769092077
1715769092291
1715769092447
1715769092690
1715769106784
1715769106934
1715769107034
1715769107227
1715769107353
1715769107502
1715769121697
1715769121829
1715769121945
1715769122129
1715769122283
1715769122470
1715769136804
1715769136977
1715769137178
1715769137271
1715769137395
1715769137522
1715769151742
1715769151890
1715769152007
1715769152220
1715769152418
1715769152604
1715769166743
1715769166931
1715769167016
1715769167216
1715769167384
1715769167596
1715769181926
1715769182033
1715769182169
1715769182335
1715769182437
1715769182566
1715769196785
1715769196930
1715769197044
1715769197251
1715769197415
1715769197661
1715769211839
1715769211981
1715769212091
1715769212257
1715769212361
1715769212588
1715769226879
1715769226997
1715769227115
1715769227291
1715769227419
1715769227577
1715769241872
1715769241998
1715769242118
1715769242330
1715769242433
1715769242753
1715769256812
1715769257008
1715769257115
1715769257285
1715769257409
1715769257583
1715769271820
1715769271957
1715769272066
1715769272248
1715769272351
1715769272448
1715769286778
1715769286980
1715769287091
1715769287259
1715769287394
1715769287610
1715769301853
1715769302026
1715769302129
1715769302306
1715769302402
1715769302578
1715769316920
1715769317048
1715769317171
1715769317245
1715769317473
1715769317623
1715769331880
1715769332082
1715769332159
1715769332358
1715769332507
1715769332756
1715769346832
1715769346950
1715769347058
1715769347265
1715769347444
1715769347644
1715769361945
1715769362100
1715769362220
1715769362388
1715769362512
1715769362675
1715769376886
1715769377014
1715769377129
1715769377308
1715769377428
1715769377635
1715769391799
1715769391944
1715769392062
1715769392228
1715769392323
1715769392511
1715769406981
1715769407165
1715769407341
1715769407488
1715769407674
1715769407826
1715769421875
1715769422019
1715769422135
1715769422327
1715769422431
1715769422607
1715769436883
1715769437058
1715769437140
1715769437324
1715769437456
1715769437618
1715769451951
1715769452145
1715769452230
1715769452418
1715769452588
1715769452789
1715769466880
1715769467050
1715769467143
1715769467341
1715769467478
1715769467740
1715769481928
1715769482130
1715769482201
1715769482415
1715769482592
1715769482793
1715769496887
1715769497073
1715769497181
1715769497400
1715769497559
1715769497764
1715769511886
1715769512055
1715769512172
1715769512386
1715769512553
1715769512791
1715769527016
1715769527213
1715769527288
1715769527469
1715769527557
1715769527747
1715769542064
1715769542256
1715769542336
1715769542536
1715769542719
1715769542890
1715769556973
1715769557169
1715769557245
1715769557407
1715769557532
1715769557680
1715769571878
1715769572061
1715769572153
1715769572317
1715769572434
1715769572567
1715769586939
1715769587095
1715769587218
1715769587421
1715769587576
1715769587813
1715769601929
1715769602122
1715769602201
1715769602401
1715769602570
1715769602793
1715769616891
1715769617055
1715769617173
1715769617244
1715769617509
1715769617688
1715769631985
1715769632119
1715769632238
1715769632406
1715769632533
1715769632682
1715769646950
1715769647134
1715769647217
1715769647412
1715769647587
1715769647812
1715769661952
1715769662134
1715769662249
1715769662445
1715769662569
1715769662842
1715769677074
1715769677222
1715769677322
1715769677531
1715769677660
1715769677880
1715769692000
1715769692135
1715769692244
1715769692423
1715769692544
1715769692653
1715769707041
1715769707168
1715769707286
1715769707497
1715769707591
1715769707857
1715769722191
1715769722359
1715769722676
1715769722789
1715769722898
1715769723024
1715769736964
1715769737103
1715769737218
1715769737418
1715769737553
1715769737811
1715769752032
1715769752145
1715769752257
1715769752431
1715769752559
1715769752687
1715769767050
1715769767237
1715769767420
1715769767552
1715769767737
1715769767932
1715769781994
1715769782113
1715769782221
1715769782395
1715769782502
1715769782676
1715769797111
1715769797242
1715769797351
1715769797527
1715769797657
1715769797868
1715769812040
1715769812227
1715769812341
1715769812558
1715769812699
1715769812832
1715769827007
1715769827192
1715769827276
1715769827436
1715769827556
1715769827701
1715769842097
1715769842291
1715769842364
1715769842571
1715769842707
1715769842835
1715769857068
1715769857244
1715769857324
1715769857546
1715769857745
1715769857935
1715769872066
1715769872189
1715769872304
1715769872505
1715769872624
1715769872773
1715769887082
1715769887192
1715769887321
1715769887487
1715769887602
1715769887712
1715769902088
1715769902218
1715769902331
1715769902504
1715769902616
1715769902755
1715769917139
1715769917271
1715769917385
1715769917550
1715769917703
1715769917835
1715769932063
1715769932199
1715769932297
1715769932461
1715769932600
1715769932750
1715769947113
1715769947246
1715769947365
1715769947537
1715769947639
1715769947781
1715769962090
1715769962232
1715769962349
1715769962528
1715769962664
1715769962790
1715769977159
1715769977291
1715769977412
1715769977610
1715769977717
1715769977990
1715769992153
1715769992286
1715769992413
1715769992583
1715769992700
1715769992840
1715770007065
1715770007207
1715770007319
1715770007493
1715770007595
1715770007776
1715770022114
1715770022260
1715770022382
1715770022550
1715770022676
1715770022870
1715770037218
1715770037418
1715770037528
1715770037601
1715770037824
1715770037949
1715770052052
1715770052238
1715770052350
1715770052524
1715770052664
1715770052789
1715770067204
1715770067352
1715770067449
1715770067618
1715770067741
1715770067948
1715770082169
1715770082321
1715770082439
1715770082603
1715770082704
1715770082923
1715770097153
1715770097333
1715770097424
1715770097588
1715770097799
1715770098008
1715770112170
1715770112310
1715770112419
1715770112615
1715770112824
1715770113038
1715770127208
1715770127401
1715770127474
1715770127678
1715770127857
1715770128072
1715770142098
1715770142302
1715770142387
1715770142589
1715770142771
1715770142968
1715770157167
1715770157323
1715770157432
1715770157628
1715770157747
1715770157951
1715770172228
1715770172412
1715770172495
1715770172702
1715770172840
1715770173004
1715770187233
1715770187401
1715770187582
1715770187674
1715770187777
1715770187886
1715770202184
1715770202383
1715770202461
1715770202661
1715770202819
1715770203041
1715770217223
1715770217403
1715770217603
1715770217700
1715770217854
1715770217975
1715770232254
1715770232414
1715770232497
1715770232692
1715770232833
1715770233107
1715770247234
1715770247456
1715770247629
1715770247743
1715770247972
1715770248105
1715770262214
1715770262391
1715770262518
1715770262731
1715770262881
1715770263095
1715770277190
1715770277348
1715770277465
1715770277673
1715770277812
1715770278066
1715770292171
1715770292302
1715770292422
1715770292594
1715770292709
1715770292831
1715770307265
1715770307394
1715770307528
1715770307745
1715770307908
1715770308139
1715770322254
1715770322491
1715770322601
1715770322878
1715770323053
1715770323153
1715770337211
1715770337373
1715770337551
1715770337656
1715770337830
1715770338028
1715770352312
1715770352453
1715770352555
1715770352629
1715770352830
1715770352949
1715770367260
1715770367410
1715770367535
1715770367697
1715770367835
1715770368047
1715770382290
1715770382432
1715770382541
1715770382743
1715770382939
1715770383173
1715770397249
1715770397388
1715770397506
1715770397697
1715770397825
1715770398031
1715770412225
1715770412434
1715770412614
1715770412726
1715770412872
1715770413119
1715770427209
1715770427354
1715770427470
1715770427648
1715770427749
1715770427904
1715770442332
1715770442470
1715770442569
1715770442648
1715770442850
1715770442954
1715770457309
1715770457449
1715770457564
1715770457764
1715770457956
1715770458174
1715770472298
1715770472441
1715770472559
1715770472777
1715770472965
1715770473190
1715770487399
1715770487521
1715770487633
1715770487847
1715770487967
1715770488159
1715770502330
1715770502489
1715770502596
1715770502783
1715770502926
1715770503023
1715770517236
1715770517375
1715770517483
1715770517651
1715770517795
1715770517922
1715770532398
1715770532532
1715770532646
1715770532811
1715770532940
1715770533091