1715755541569
1715755541729
1715755541954
1715755542088
1715755542250
1715755542453
1715755556190
1715755556557
1715755556750
1715755556832
1715755557093
1715755557185
1715755571192
1715755571498
1715755571649
1715755571731
1715755571908
1715755572110
1715755586224
1715755586509
1715755586652
1715755586732
1715755586913
1715755587027
1715755601270
1715755601575
1715755601727
1715755601809
1715755601977
1715755602115
1715755616278
1715755616613
1715755616749
1715755616822
1715755617047
1715755617221
1715755631343
1715755631700
1715755631825
1715755631894
1715755632055
1715755632184
1715755646242
1715755646544
1715755646691
1715755646770
1715755646997
1715755647197
1715755661210
1715755661589
1715755661694
1715755661765
1715755661925
1715755662055
1715755676269
1715755676552
1715755676668
1715755676767
1715755676945
1715755677076
1715755691235
1715755691532
1715755691682
1715755691759
1715755691926
1715755692091
1715755706192
1715755706497
1715755706633
1715755706700
1715755706880
1715755706987
1715755721321
1715755721669
1715755721774
1715755721846
1715755722060
1715755722285
1715755736321
1715755736634
1715755736764
1715755736837
1715755737062
1715755737285
1715755751333
1715755751628
1715755751783
1715755751865
1715755752039
1715755752195
1715755766465
1715755766666
1715755766818
1715755766887
1715755767046
1715755767191
1715755781266
1715755781561
1715755781722
1715755781800
1715755782015
1715755782206
1715755796308
1715755796605
1715755796766
1715755796844
1715755797082
1715755797264
1715755811429
1715755811795
1715755811906
1715755812079
1715755812204
1715755812404
1715755826342
1715755826637
1715755826766
1715755826851
1715755827072
1715755827319
1715755841497
1715755841743
1715755841843
1715755841913
1715755842077
1715755842228
1715755856407
1715755856688
1715755856843
1715755856925
1715755857093
1715755857249
1715755871306
1715755871680
1715755871799
1715755871865
1715755872081
1715755872224
1715755886323
1715755886613
1715755886776
1715755886863
1715755887032
1715755887168
1715755901373
1715755901676
1715755901807
1715755901878
1715755902045
1715755902211
1715755916342
1715755916634
1715755916793
1715755916880
1715755917050
1715755917173
1715755931316
1715755931695
1715755931796
1715755931986
1715755932108
1715755932334
1715755946390
1715755946698
1715755946829
1715755946902
1715755947066
1715755947220
1715755961418
1715755961697
1715755961839
1715755961912
1715755962084
1715755962216
1715755976313
1715755976594
1715755976713
1715755976820
1715755976880
1715755977049
1715755991475
1715755991763
1715755991917
1715755991988
1715755992205
1715755992403
1715756006429
1715756006712
1715756006863
1715756006933
1715756007108
1715756007279
1715756021447
1715756021728
1715756021873
1715756021949
1715756022021
1715756022184
1715756036392
1715756036760
1715756036879
1715756036960
1715756037153
1715756037374
1715756051391
1715756051760
1715756051886
1715756051968
1715756052196
1715756052378
1715756066412
1715756066776
1715756066897
1715756066955
1715756067126
1715756067258
1715756081533
1715756081842
1715756081977
1715756082059
1715756082275
1715756082394
1715756096363
1715756096671
1715756096807
1715756096887
1715756097058
1715756097192
1715756111518
1715756111699
1715756111837
1715756111918
1715756112086
1715756112175
1715756126490
1715756126781
1715756126931
1715756127012
1715756127181
1715756127309
1715756141642
1715756141923
1715756142010
1715756142184
1715756142324
1715756142464
1715756156461
1715756156829
1715756156939
1715756157118
1715756157248
1715756157445
1715756171489
1715756171798
1715756171934
1715756172013
1715756172216
1715756172361
1715756186436
1715756186735
1715756186884
1715756186968
1715756187201
1715756187409
1715756201447
1715756201752
1715756201908
1715756201988
1715756202160
1715756202389
1715756216470
1715756216767
1715756216914
1715756216990
1715756217165
1715756217300
1715756231380
1715756231684
1715756231831
1715756231913
1715756232136
1715756232221
1715756246435
1715756246738
1715756246873
1715756246948
1715756247117
1715756247252
1715756261533
1715756261846
1715756261990
1715756262053
1715756262231
1715756262382
1715756276525
1715756276819
1715756276967
1715756277040
1715756277214
1715756277321
1715756291623
1715756291909
1715756292057
1715756292126
1715756292304
1715756292455
1715756306566
1715756306941
1715756307062
1715756307235
1715756307335
1715756307467
1715756321495
1715756321775
1715756321924
1715756322007
1715756322180
1715756322329
1715756336471
1715756336817
1715756336937
1715756337119
1715756337208
1715756337429
1715756351603
1715756351972
1715756352073
1715756352262
1715756352398
1715756352569
1715756366423
1715756366718
1715756366863
1715756366946
1715756367114
1715756367237
1715756381611
1715756381813
1715756381948
1715756382022
1715756382186
1715756382371
1715756396564
1715756396849
1715756396995
1715756397074
1715756397239
1715756397376
1715756411510
1715756411829
1715756411968
1715756412040
1715756412242
1715756412476
1715756426597
1715756426951
1715756427077
1715756427146
1715756427311
1715756427453
1715756441850
1715756442057
1715756442152
1715756442363
1715756442539
1715756442801
1715756456581
1715756456872
1715756457023
1715756457101
1715756457325
1715756457546
1715756471625
1715756472010
1715756472111
1715756472287
1715756472450
1715756472651
1715756486658
1715756486955
1715756487115
1715756487196
1715756487410
1715756487521
1715756501515
1715756501812
1715756501967
1715756502043
1715756502204
1715756502341
1715756516608
1715756516962
1715756517079
1715756517144
1715756517382
1715756517475
1715756531614
1715756531938
1715756532091
1715756532168
1715756532328
1715756532500
1715756546652
1715756547013
1715756547128
1715756547187
1715756547351
1715756547497
1715756561583
1715756561946
1715756562061
1715756562120
1715756562331
1715756562413
1715756576739
1715756577109
1715756577217
1715756577396
1715756577519
1715756577619
1715756591631
1715756591924
1715756592079
1715756592161
1715756592393
1715756592530
1715756606600
1715756606905
1715756607054
1715756607125
1715756607291
1715756607403
1715756621667
1715756621960
1715756622127
1715756622203
1715756622446
1715756622625
1715756636575
1715756636869
1715756637019
1715756637092
1715756637265
1715756637363
1715756651514
1715756651864
1715756652001
1715756652070
1715756652298
1715756652501
1715756666747
1715756667046
1715756667173
1715756667252
1715756667429
1715756667609
1715756681662
1715756681945
1715756682112
1715756682191
1715756682402
1715756682602
1715756696607
1715756696905
1715756697032
1715756697106
1715756697320
1715756697427
1715756711577
1715756711941
1715756712049
1715756712116
1715756712320
1715756712503
1715756726720
1715756727029
1715756727146
1715756727232
1715756727418
1715756727560
1715756741873
1715756742056
1715756742223
1715756742296
1715756742452
1715756742647
1715756756633
1715756756947
1715756757096
1715756757165
1715756757333
1715756757477
1715756771746
1715756772046
1715756772211
1715756772285
1715756772518
1715756772712
1715756786717
1715756786986
1715756787135
1715756787215
1715756787390
1715756787534
1715756801778
1715756802061
1715756802205
1715756802282
1715756802454
1715756802575
1715756816708
1715756817038
1715756817176
1715756817257
1715756817507
1715756817684
1715756831707
1715756832013
1715756832145
1715756832228
1715756832447
1715756832631
1715756846741
1715756847029
1715756847180
1715756847252
1715756847423
1715756847549
1715756861664
1715756861968
1715756862120
1715756862197
1715756862366
1715756862524
1715756876805
1715756877168
1715756877287
1715756877355
1715756877520
1715756877748
1715756891793
1715756892092
1715756892238
1715756892318
1715756892493
1715756892616
1715756906675
1715756906963
1715756907123
1715756907203
1715756907440
1715756907666
1715756921789
1715756922062
1715756922185
1715756922273
1715756922444
1715756922604
1715756936741
1715756937170
1715756937313
1715756937397
1715756937650
1715756937773
1715756951703
1715756952003
1715756952154
1715756952236
1715756952448
1715756952562
1715756966751
1715756967105
1715756967219
1715756967287
1715756967450
1715756967591
1715756981834
1715756982131
1715756982283
1715756982366
1715756982535
1715756982679
1715756996643
1715756996937
1715756997085
1715756997171
1715756997348
1715756997515
1715757011707
1715757012014
1715757012166
1715757012247
1715757012489
1715757012684
1715757026795
1715757027158
1715757027263
1715757027433
1715757027533
1715757027648
1715757041844
1715757042054
1715757042172
1715757042239
1715757042408
1715757042549
1715757056852
1715757057273
1715757057439
1715757057704
1715757057818
1715757057949
1715757071782
1715757072077
1715757072219
1715757072295
1715757072371
1715757072578
1715757086802
1715757087102
1715757087247
1715757087317
1715757087487
1715757087651
1715757101780
1715757102142
1715757102255
1715757102333
1715757102523
1715757102649
1715757116857
1715757117234
1715757117340
1715757117529
1715757117658
1715757117761
1715757131867
1715757132156
1715757132281
1715757132373
1715757132535
1715757132684
1715757146849
1715757147200
1715757147312
1715757147385
1715757147549
1715757147729
1715757161859
1715757162176
1715757162325
1715757162398
1715757162567
1715757162707
1715757176800
1715757177088
1715757177241
1715757177308
1715757177383
1715757177626
1715757191817
1715757192140
1715757192280
1715757192359
1715757192517
1715757192681
1715757206908
1715757207219
1715757207367
1715757207435
1715757207660
1715757207787
1715757221791
1715757222076
1715757222194
1715757222290
1715757222471
1715757222588
1715757236685
1715757236992
1715757237155
1715757237225
1715757237398
1715757237566
1715757251914
1715757252213
1715757252350
1715757252433
1715757252606
1715757252732
1715757266846
1715757267115
1715757267264
1715757267332
1715757267503
1715757267655
1715757281870
1715757282177
1715757282345
1715757282423
1715757282626
1715757282817
1715757296932
1715757297275
1715757297388
1715757297460
1715757297630
1715757297772
1715757311910
1715757312203
1715757312353
1715757312427
1715757312598
1715757312750
1715757326901
1715757327269
1715757327371
1715757327550
1715757327803
1715757328016
1715757342124
1715757342356
1715757342450
1715757342621
1715757342773
1715757342864
1715757356764
1715757357087
1715757357256
1715757357339
1715757357570
1715757357778
1715757371910
1715757372225
1715757372375
1715757372446
1715757372614
1715757372772
1715757386990
1715757387280
1715757387427
1715757387508
1715757387680
1715757387807
1715757401829
1715757402123
1715757402247
1715757402326
1715757402502
1715757402655
1715757417000
1715757417335
1715757417472
1715757417535
1715757417742
1715757417936
1715757431977
1715757432271
1715757432400
1715757432461
1715757432638
1715757432775
1715757446971
1715757447247
1715757447381
1715757447461
1715757447678
1715757447804
1715757461952
1715757462226
1715757462357
1715757462450
1715757462636
1715757462780
1715757476967
1715757477234
1715757477367
1715757477453
1715757477697
1715757477894
1715757491900
1715757492201
1715757492348
1715757492422
1715757492656
1715757492813
1715757506982
1715757507312
1715757507439
1715757507500
1715757507707
1715757507828
1715757522000
1715757522289
1715757522449
1715757522535
1715757522744
1715757522856
1715757537033
1715757537328
1715757537473
1715757537550
1715757537724
1715757537881
1715757552091
1715757552368
1715757552521
1715757552603
1715757552837
1715757553042
1715757566986
1715757567280
1715757567432
1715757567508
1715757567676
1715757567828
1715757582033
1715757582320
1715757582471
1715757582551
1715757582728
1715757582921
1715757597039
1715757597421
1715757597526
1715757597599
1715757597795
1715757597976
1715757612040
1715757612374
1715757612500
1715757612575
1715757612748
1715757612893
1715757626973
1715757627251
1715757627409
1715757627488
1715757627718
1715757627913
1715757642070
1715757642379
1715757642524
1715757642593
1715757642808
1715757642927
1715757657031
1715757657335
1715757657497
1715757657570
1715757657805
1715757657923
1715757672037
1715757672336
1715757672484
1715757672558
1715757672636
1715757672855
1715757686958
1715757687253
1715757687419
1715757687495
1715757687716
1715757687925
1715757702111
1715757702409
1715757702549
1715757702621
1715757702790
1715757702949
1715757716950
1715757717239
1715757717389
1715757717464
1715757717631
1715757717728
1715757731953
1715757732272
1715757732420
1715757732492
1715757732700
1715757732808
1715757747142
1715757747418
1715757747563
1715757747649
1715757747881
1715757748073
1715757762001
1715757762308
1715757762461
1715757762541
1715757762804
1715757762978
1715757776967
1715757777263
1715757777411
1715757777486
1715757777663
1715757777770
1715757792098
1715757792404
1715757792540
1715757792628
1715757792833
1715757793077
1715757807124
1715757807415
1715757807577
1715757807656
1715757807873
1715757808069
1715757822053
1715757822418
1715757822538
1715757822603
1715757822765
1715757822929
1715757837090
1715757837378
1715757837522
1715757837607
1715757837836
1715757838016
1715757852064
1715757852352
1715757852508
1715757852585
1715757852750
1715757852881
1715757867010
1715757867379
1715757867500
1715757867671
1715757867804
1715757867903
1715757882218
1715757882502
1715757882657
1715757882734
1715757882909
1715757883061
1715757897114
1715757897422
1715757897577
1715757897648
1715757897856
1715757897991
1715757912083
1715757912373
1715757912525
1715757912611
1715757912778
1715757912929
1715757927216
1715757927562
1715757927673
1715757927740
1715757927896
1715757927984
1715757942255
1715757942476
1715757942559
1715757942725
1715757942858
1715757943015
1715757957090
1715757957390
1715757957523
1715757957604
1715757957844
1715757958014
1715757972239
1715757972513
1715757972616
1715757972791
1715757972915
1715757973097
1715757987182
1715757987542
1715757987645
1715757987824
1715757987937
1715757988036
1715758002117
1715758002452
1715758002608
1715758002673
1715758002889
1715758003034
1715758017144
1715758017423
1715758017579
1715758017653
1715758017825
1715758018089
1715758032120
1715758032431
1715758032555
1715758032638
1715758032809
1715758032962
1715758047116
1715758047410
1715758047550
1715758047628
1715758047801
1715758047931
1715758062219
1715758062517
1715758062666
1715758062742
1715758062909
1715758063062
1715758077194
1715758077481
1715758077621
1715758077697
1715758077868
1715758078014
1715758092165
1715758092457
1715758092603
1715758092691
1715758092854
1715758092989
1715758107198
1715758107531
1715758107678
1715758107751
1715758107930
1715758108053
1715758122169
1715758122529
1715758122655
1715758122731
1715758122901
1715758123147
1715758137191
1715758137490
1715758137651
1715758137728
1715758137976
1715758138169
1715758152175
1715758152472
1715758152619
1715758152691
1715758152859
1715758152976
1715758167236
1715758167537
1715758167685
1715758167764
1715758167945
1715758168104
1715758182210
1715758182523
1715758182670
1715758182747
1715758182911
1715758183090
1715758197396
1715758197595
1715758197738
1715758197819
1715758198014
1715758198228
1715758212150
1715758212458
1715758212613
1715758212687
1715758212865
1715758213094
1715758227178
1715758227522
1715758227620
1715758227813
1715758227912
1715758228073
1715758242422
1715758242654
1715758242732
1715758242920
1715758243048
1715758243219
1715758257225
1715758257507
1715758257675
1715758257750
1715758257957
1715758258176
1715758272139
1715758272430
1715758272571
1715758272653
1715758272826
1715758272989
1715758287315
1715758287686
1715758287791
1715758287968
1715758288079
1715758288236
1715758302238
1715758302547
1715758302663
1715758302764
1715758302981
1715758303073
1715758317179
1715758317544
1715758317648
1715758317719
1715758317912
1715758318014
1715758332323
1715758332687
1715758332788
1715758332975
1715758333110
1715758333297
1715758347236
1715758347536
1715758347689
1715758347768
1715758347943
1715758348215
1715758362291
1715758362584
1715758362739
1715758362816
1715758363007
1715758363240
1715758377345
1715758377642
1715758377785
1715758377869
1715758377941
1715758378145
1715758392258
1715758392555
1715758392696
1715758392779
1715758392999
1715758393217
1715758407215
1715758407524
1715758407674
1715758407753
1715758407977
1715758408167
1715758422354
1715758422652
1715758422810
1715758422893
1715758423136
1715758423351
1715758437231
1715758437535
1715758437699
1715758437781
1715758438004
1715758438237
1715758452348
1715758452663
1715758452808
1715758452893
1715758453165
1715758453321
1715758467394
1715758467692
1715758467843
1715758467921
1715758468085
1715758468213
1715758482324
1715758482618
1715758482774
1715758482857
1715758483025
1715758483165
1715758497357
1715758497665
1715758497812
1715758497893
1715758497965
1715758498197
1715758512416
1715758512705
1715758512847
1715758512922
1715758513103
1715758513228
1715758527355
1715758527690
1715758527798
1715758527872
1715758528044
1715758528177
1715758542435
1715758542655
1715758542778
1715758542848
1715758543059
1715758543267
1715758557339
1715758557635
1715758557794
1715758557896
1715758558116
1715758558328
1715758572356
1715758572643
1715758572805
1715758572887
1715758573113
1715758573348
1715758587380
1715758587642
1715758587786
1715758587870
1715758588051
1715758588179
1715758602357
1715758602652
1715758602795
1715758602870
1715758603043
1715758603218
1715758617428
1715758617779
1715758617894
1715758617970
1715758618191
1715758618368
1715758632348
1715758632657
1715758632815
1715758632885
1715758633048
1715758633192
1715758647402
1715758647680
1715758647828
1715758647908
1715758648157
1715758648316
1715758662426
1715758662765
1715758662881
1715758662959
1715758663147
1715758663253
1715758677466
1715758677840
1715758677949
1715758678020
1715758678181
1715758678308
1715758692485
1715758692820
1715758692916
1715758692982
1715758693175
1715758693391
1715758707544
1715758707842
1715758708000
1715758708081
1715758708318
1715758708563
1715758722525
1715758722811
1715758722969
1715758723045
1715758723219
1715758723370
1715758737521
1715758737842
1715758737967
1715758738041
1715758738216
1715758738388
1715758752443
1715758752819
1715758752923
1715758752996
1715758753268
1715758753474
1715758767432
1715758767739
1715758767907
1715758767986
1715758768152
1715758768292
1715758782478
1715758782763
1715758782907
1715758782979
1715758783147
1715758783279
1715758797555
1715758797746
1715758797881
1715758797969
1715758798219
1715758798333
1715758812442
1715758812757
1715758812882
1715758812956
1715758813132
1715758813237
1715758827494
1715758827780
1715758827930
1715758828006
1715758828183
1715758828349
1715758842675
1715758842901
1715758843000
1715758843201
1715758843441
1715758843607
1715758857415
1715758857710
1715758857852
1715758857931
1715758858097
1715758858208
1715758872498
1715758872802
1715758872947
1715758873023
1715758873190
1715758873306
1715758887516
1715758887873
1715758887978
1715758888158
1715758888309
1715758888488
1715758902480
1715758902787
1715758902943
1715758903009
1715758903179
1715758903358
1715758917547
1715758917905
1715758918021
1715758918089
1715758918293
1715758918499
1715758932475
1715758932771
1715758932923
1715758932996
1715758933166
1715758933335
1715758947503
1715758947804
1715758947934
1715758948013
1715758948176
1715758948328
1715758962643
1715758962939
1715758963084
1715758963160
1715758963233
1715758963487
1715758977425
1715758977792
1715758977909
1715758977976
1715758978132
1715758978331
1715758992661
1715758992839
1715758993014
1715758993084
1715758993301
1715758993391
1715759007495
1715759007802
1715759007951
1715759008038
1715759008200
1715759008351
1715759022564
1715759022844
1715759022994
1715759023072
1715759023241
1715759023379
1715759037567
1715759037868
1715759037998
1715759038070
1715759038237
1715759038369
1715759052639
1715759052928
1715759053067
1715759053142
1715759053373
1715759053613
1715759067569
1715759067877
1715759068009
1715759068088
1715759068270
1715759068395
1715759082527
1715759082875
1715759082992
1715759083069
1715759083260
1715759083418
1715759097601
1715759097954
1715759098078
1715759098154
1715759098355
1715759098620
1715759112543
1715759112918
1715759113045
1715759113225
1715759113373
1715759113543
1715759127621
1715759127912
1715759128055
1715759128131
1715759128313
1715759128482
1715759142759
1715759143042
1715759143133
1715759143305
1715759143479
1715759143692
1715759157625
1715759157907
1715759158055
1715759158140
1715759158357
1715759158602
1715759172659
1715759172969
1715759173134
1715759173212
1715759173443
1715759173632
1715759187685
1715759187984
1715759188113
1715759188194
1715759188372
1715759188549
1715759202583
1715759202871
1715759203023
1715759203101
1715759203282
1715759203421
1715759217531
1715759217816
1715759217950
1715759218034
1715759218213
1715759218313
1715759232721
1715759233019
1715759233167
1715759233243
1715759233417
1715759233577
1715759247610
1715759247982
1715759248097
1715759248165
1715759248329
1715759248458
1715759262601
1715759262920
1715759263075
1715759263151
1715759263374
1715759263552
1715759277730
1715759278038
1715759278181
1715759278253
1715759278481
1715759278656
1715759292644
1715759292944
1715759293091
1715759293162
1715759293333
1715759293481
1715759307652
1715759307973
1715759308125
1715759308207
1715759308371
1715759308529
1715759322667
1715759322965
1715759323133
1715759323211
1715759323374
1715759323560
1715759337671
1715759337967
1715759338136
1715759338211
1715759338374
1715759338549
1715759352617
1715759352916
1715759353061
1715759353135
1715759353316
1715759353494
1715759367795
1715759368105
1715759368236
1715759368321
1715759368476
1715759368621
1715759382765
1715759382940
1715759383066
1715759383160
1715759383229
1715759383395
1715759397689
1715759397974
1715759398122
1715759398196
1715759398361
1715759398512
1715759412682
1715759412964
1715759413107
1715759413183
1715759413358
1715759413500
1715759427699
1715759427989
1715759428141
1715759428225
1715759428435
1715759428599
1715759442854
1715759443069
1715759443165
1715759443374
1715759443543
1715759443708
1715759457783
1715759458087
1715759458227
1715759458303
1715759458470
1715759458567
1715759472650
1715759472958
1715759473087
1715759473170
1715759473401
1715759473602
1715759487681
1715759487982
1715759488135
1715759488216
1715759488389
1715759488534
1715759502684
1715759503023
1715759503151
1715759503213
1715759503383
1715759503546
1715759517702
1715759518052
1715759518172
1715759518348
1715759518445
1715759518577
1715759532668
1715759533038
1715759533160
1715759533233
1715759533452
1715759533641
1715759547762
1715759548110
1715759548230
1715759548419
1715759548554
1715759548751
1715759562778
1715759563075
1715759563226
1715759563306
1715759563469
1715759563635
1715759577744
1715759578082
1715759578217
1715759578288
1715759578453
1715759578631
1715759592741
1715759593077
1715759593227
1715759593292
1715759593523
1715759593774
1715759607758
1715759608062
1715759608199
1715759608274
1715759608441
1715759608604
1715759622583
1715759622946
1715759623074
1715759623153
1715759623386
1715759623599
1715759637842
1715759638124
1715759638289
1715759638369
1715759638525
1715759638744
1715759652744
1715759653030
1715759653182
1715759653254
1715759653430
1715759653575
1715759667805
1715759668116
1715759668259
1715759668337
1715759668498
1715759668680
1715759682855
1715759683180
1715759683326
1715759683398
1715759683557
1715759683712
1715759697789
1715759698122
1715759698231
1715759698304
1715759698465
1715759698605
1715759712756
1715759713062
1715759713221
1715759713297
1715759713459
1715759713629
1715759727757
1715759728064
1715759728206
1715759728281
1715759728443
1715759728583
1715759743033
1715759743201
1715759743311
1715759743485
1715759743576
1715759743678
1715759757780
1715759758085
1715759758229
1715759758302
1715759758474
1715759758599
1715759772936
1715759773240
1715759773362
1715759773442
1715759773610
1715759773771
1715759787961
1715759788146
1715759788296
1715759788381
1715759788609
1715759788697
1715759802865
1715759803184
1715759803329
1715759803390
1715759803555
1715759803791
1715759817922
1715759818229
1715759818370
1715759818450
1715759818665
1715759818764
1715759832749
1715759833039
1715759833189
1715759833268
1715759833448
1715759833602
1715759847862
1715759848204
1715759848337
1715759848413
1715759848608
1715759848773
1715759863000
1715759863294
1715759863442
1715759863521
1715759863699
1715759863841
1715759877878
1715759878158
1715759878307
1715759878378
1715759878543
1715759878655
1715759892791
1715759893100
1715759893220
1715759893296
1715759893466
1715759893607
1715759907895
1715759908185
1715759908323
1715759908395
1715759908470
1715759908690
1715759922792
1715759923099
1715759923259
1715759923340
1715759923544
1715759923681
1715759937929
1715759938241
1715759938395
1715759938472
1715759938670
1715759938778
1715759952925
1715759953221
1715759953368
1715759953449
1715759953661
1715759953909
1715759967904
1715759968277
1715759968382
1715759968560
1715759968659
1715759968774
1715759982884
1715759983234
1715759983343
1715759983516
1715759983642
1715759983823
1715759997970
1715759998260
1715759998408
1715759998489
1715759998654
1715759998792
1715760012874
1715760013179
1715760013332
1715760013405
1715760013582
1715760013717
1715760027966
1715760028314
1715760028505
1715760028595
1715760028859
1715760028966
1715760043079
1715760043351
1715760043437
1715760043615
1715760043706
1715760043925
1715760057932
1715760058240
1715760058373
1715760058454
1715760058702
1715760058908
1715760072855
1715760073174
1715760073320
1715760073390
1715760073600
1715760073823
1715760087914
1715760088228
1715760088358
1715760088441
1715760088612
1715760088717
1715760102885
1715760103172
1715760103317
1715760103387
1715760103559
1715760103690
1715760117868
1715760118173
1715760118322
1715760118404
1715760118655
1715760118804
1715760132962
1715760133258
1715760133406
1715760133487
1715760133666
1715760133826
1715760148037
1715760148404
1715760148515
1715760148700
1715760148829
1715760149050
1715760162975
1715760163308
1715760163442
1715760163510
1715760163675
1715760163867
1715760177987
1715760178350
1715760178457
1715760178624
1715760178726
1715760178883
1715760192956
1715760193337
1715760193439
1715760193615
1715760193759
1715760193944
1715760208063
1715760208367
1715760208518
1715760208592
1715760208759
1715760208916
1715760223069
1715760223423
1715760223546
1715760223615
1715760223849
1715760224064
1715760238117
1715760238515
1715760238698
1715760238797
1715760239066
1715760239172
1715760252925
1715760253207
1715760253328
1715760253430
1715760253499
1715760253698
1715760267988
1715760268356
1715760268474
1715760268660
1715760268813
1715760268993
1715760282779
1715760283065
1715760283215
1715760283291
1715760283460
1715760283588
1715760298060
1715760298349
1715760298480
1715760298563
1715760298769
1715760299016
1715760313146
1715760313522
1715760313638
1715760313817
1715760313984
1715760314129
1715760328102
1715760328401
1715760328550
1715760328632
1715760328864
1715760329102
1715760343179
1715760343370
1715760343498
1715760343573
1715760343805
1715760343924
1715760358010
1715760358292
1715760358412
1715760358478
1715760358545
1715760358756
1715760373034
1715760373321
1715760373462
1715760373535
1715760373609
1715760373831
1715760388170
1715760388428
1715760388525
1715760388704
1715760388833
1715760388950
1715760403151
1715760403444
1715760403593
1715760403665
1715760403742
1715760403951
1715760418090
1715760418451
1715760418563
1715760418802
1715760419019
1715760419195
1715760433073
1715760433355
1715760433506
1715760433582
1715760433800
1715760433931
1715760448287
1715760448471
1715760448617
1715760448693
1715760448868
1715760448973
1715760463089
1715760463458
1715760463574
1715760463643
1715760463838
1715760464081
1715760478098
1715760478401
1715760478547
1715760478624
1715760478798
1715760478922
1715760493080
1715760493379
1715760493531
1715760493713
1715760493811
1715760493937
1715760508130
1715760508445
1715760508588
1715760508666
1715760508833
1715760509073
1715760523073
1715760523379
1715760523542
1715760523625
1715760523823
1715760523938
1715760538176
1715760538459
1715760538611
1715760538690
1715760538918
1715760539064
1715760553117
1715760553462
1715760553577
1715760553655
1715760553883
1715760554079
1715760568157
1715760568474
1715760568614
1715760568688
1715760568865
1715760569063
1715760583145
1715760583521
1715760583636
1715760583705
1715760583870
1715760584031
1715760598142
1715760598508
1715760598608
1715760598781
1715760598900
1715760599034
1715760613362
1715760613587
1715760613730
1715760613803
1715760613965
1715760614226
1715760628279
1715760628475
1715760628636
1715760628714
1715760628932
1715760629117
1715760643079
1715760643695
1715760643831
1715760644030
1715760644235
1715760644432
1715760658149
1715760658499
1715760658612
1715760658793
1715760658901
1715760659020
1715760673143
1715760673460
1715760673601
1715760673678
1715760673904
1715760674150
1715760688091
1715760688389
1715760688538
1715760688617
1715760688788
1715760688963
1715760703193
1715760703510
1715760703669
1715760703750
1715760703917
1715760704081
1715760718282
1715760718578
1715760718718
1715760718793
1715760718971
1715760719172
1715760733142
1715760733442
1715760733598
1715760733673
1715760733850
1715760734068
1715760748221
1715760748517
1715760748645
1715760748743
1715760748909
1715760749038
1715760763257
1715760763628
1715760763742
1715760763809
1715760764016
1715760764118
1715760778178
1715760778482
1715760778604
1715760778677
1715760778849
1715760778974
1715760793164
1715760793458
1715760793613
1715760793690
1715760793923
1715760794146
1715760808260
1715760808552
1715760808698
1715760808767
1715760808939
1715760809062
1715760823182
1715760823549
1715760823667
1715760823741
1715760823976
1715760824171
1715760838276
1715760838560
1715760838708
1715760838794
1715760838973
1715760839127
1715760853421
1715760853630
1715760853773
1715760853841
1715760854009
1715760854142
1715760868351
1715760868535
1715760868699
1715760868772
1715760868987
1715760869090
1715760883301
1715760883605
1715760883761
1715760883833
1715760884043
1715760884231
1715760898367
1715760898709
1715760898829
1715760899008
1715760899106
1715760899236
1715760913279
1715760913628
1715760913743
1715760913811
1715760914038
1715760914252
1715760928250
1715760928557
1715760928720
1715760928796
1715760928976
1715760929148
1715760943457
1715760943661
1715760943789
1715760943872
1715760944036
1715760944176
1715760958264
1715760958551
1715760958710
1715760958783
1715760959016
1715760959208
1715760973252
1715760973630
1715760973751
1715760973818
1715760974031
1715760974174
1715760988281
1715760988624
1715760988823
1715760988918
1715760989177
1715760989307
1715761003352
1715761003716
1715761003831
1715761003900
1715761004058
1715761004239
1715761018357
1715761018647
1715761018784
1715761018861
1715761019028
1715761019191
1715761033397
1715761033685
1715761033849
1715761033925
1715761034149
1715761034381
1715761048342
1715761048641
1715761048792
1715761048877
1715761049106
1715761049294
1715761063200
1715761063464
1715761063615
1715761063690
1715761063867
1715761064006
1715761078371
1715761078668
1715761078813
1715761078892
1715761079068
1715761079259
1715761093428
1715761093797
1715761093900
1715761094089
1715761094224
1715761094430
1715761108372
1715761108667
1715761108802
1715761108880
1715761109059
1715761109155
1715761123424
1715761123743
1715761123854
1715761123943
1715761124118
1715761124234
1715761138253
1715761138591
1715761138747
1715761138834
1715761139053
1715761139199
1715761153322
1715761153618
1715761153765
1715761153846
1715761154009
1715761154138
1715761168405
1715761168710
1715761168838
1715761168920
1715761169086
1715761169186
1715761183399
1715761183707
1715761183835
1715761183909
1715761184086
1715761184213
1715761198396
1715761198690
1715761198839
1715761198922
1715761199135
1715761199369
1715761213508
1715761213842
1715761213971
1715761214052
1715761214264
1715761214503
1715761228425
1715761228716
1715761228856
1715761228937
1715761229114
1715761229231
1715761243601
1715761243822
1715761243928
1715761244110
1715761244242
1715761244449
1715761258447
1715761258759
1715761258900
1715761258970
1715761259186
1715761259310
1715761273465
1715761273814
1715761273931
1715761274113
1715761274238
1715761274401
1715761288409
1715761288707
1715761288861
1715761288936
1715761289100
1715761289239
1715761303489
1715761303916
1715761304100
1715761304176
1715761304433
1715761304560
1715761318425
1715761318710
1715761318836
1715761318941
1715761319018
1715761319210
1715761333417
1715761333764
1715761333889
1715761333965
1715761334134
1715761334379
1715761348411
1715761348724
1715761348849
1715761348927
1715761349111
1715761349232
1715761363443
1715761363739
1715761363892
1715761363971
1715761364152
1715761364292
1715761378504
1715761378822
1715761378948
1715761379023
1715761379190
1715761379292
1715761393512
1715761393857
1715761393972
1715761394045
1715761394265
1715761394486
1715761408450
1715761408777
1715761408900
1715761408975
1715761409150
1715761409274
1715761423525
1715761423830
1715761423976
1715761424060
1715761424275
1715761424515
1715761438530
1715761438795
1715761438943
1715761439031
1715761439192
1715761439342
1715761453485
1715761453794
1715761453948
1715761454029
1715761454235
1715761454356
1715761468510
1715761468811
1715761468958
1715761469024
1715761469192
1715761469342
1715761483502
1715761483822
1715761483959
1715761484030
1715761484215
1715761484381
1715761498416
1715761498729
1715761498894
1715761498972
1715761499187
1715761499354
1715761513522
1715761513814
1715761513982
1715761514052
1715761514220
1715761514401
1715761528614
1715761528911
1715761529081
1715761529149
1715761529363
1715761529572
1715761543709
1715761543917
1715761544043
1715761544124
1715761544300
1715761544485
1715761558502
1715761558800
1715761558963
1715761559037
1715761559205
1715761559311
1715761573437
1715761573740
1715761573892
1715761573959
1715761574124
1715761574265
1715761588561
1715761588899
1715761589013
1715761589089
1715761589280
1715761589517
1715761603454
1715761603763
1715761603920
1715761603992
1715761604163
1715761604283
1715761618540
1715761618856
1715761619016
1715761619183
1715761619308
1715761619429
1715761633519
1715761633820
1715761633976
1715761634059
1715761634290
1715761634472
1715761648489
1715761648776
1715761648915
1715761648994
1715761649174
1715761649260
1715761663528
1715761663837
1715761663969
1715761664048
1715761664217
1715761664371
1715761678499
1715761678780
1715761678927
1715761679004
1715761679185
1715761679335
1715761693592
1715761693944
1715761694072
1715761694252
1715761694364
1715761694573
1715761708598
1715761708895
1715761709049
1715761709123
1715761709300
1715761709552
1715761723566
1715761723924
1715761724041
1715761724117
1715761724306
1715761724527
1715761738536
1715761738815
1715761738971
1715761739048
1715761739294
1715761739439
1715761753611
1715761753895
1715761754039
1715761754115
1715761754287
1715761754447
1715761768562
1715761768862
1715761768988
1715761769062
1715761769232
1715761769333
1715761783647
1715761783956
1715761784091
1715761784161
1715761784331
1715761784474
1715761798713
1715761799026
1715761799192
1715761799262
1715761799492
1715761799693
1715761813519
1715761813819
1715761813964
1715761814041
1715761814212
1715761814383
1715761828655
1715761829030
1715761829142
1715761829214
1715761829378
1715761829506
1715761843873
1715761844031
1715761844163
1715761844235
1715761844420
1715761844523
1715761858585
1715761858895
1715761859050
1715761859132
1715761859342
1715761859523
1715761873710
1715761874056
1715761874170
1715761874358
1715761874517
1715761874766
1715761888773
1715761889032
1715761889176
1715761889259
1715761889422
1715761889539
1715761903768
1715761904071
1715761904230
1715761904305
1715761904473
1715761904582
1715761918649
1715761918943
1715761919092
1715761919164
1715761919238
1715761919505
1715761933728
1715761934087
1715761934205
1715761934390
1715761934506
1715761934624
1715761948611
1715761948927
1715761949081
1715761949152
1715761949359
1715761949462
1715761963759
1715761964085
1715761964217
1715761964283
1715761964497
1715761964618
1715761978748
1715761979045
1715761979192
1715761979265
1715761979433
1715761979593
1715761993693
1715761993993
1715761994155
1715761994230
1715761994430
1715761994605
1715762008805
1715762009090
1715762009240
1715762009315
1715762009478
1715762009615
1715762023770
1715762024105
1715762024210
1715762024406
1715762024557
1715762024755
1715762038722
1715762039021
1715762039178
1715762039253
1715762039423
1715762039544
1715762053706
1715762054024
1715762054150
1715762054228
1715762054406
1715762054544
1715762068749
1715762069048
1715762069191
1715762069272
1715762069497
1715762069691
1715762083819
1715762084177
1715762084278
1715762084457
1715762084593
1715762084800
1715762098745
1715762099050
1715762099198
1715762099275
1715762099453
1715762099606
1715762113722
1715762114025
1715762114178
1715762114245
1715762114418
1715762114575
1715762128714
1715762129053
1715762129180
1715762129254
1715762129446
1715762129619
1715762143904
1715762144105
1715762144228
1715762144328
1715762144496
1715762144658
1715762158823
1715762159176
1715762159292
1715762159363
1715762159522
1715762159670
1715762173812
1715762174097
1715762174252
1715762174325
1715762174501
1715762174637
1715762188772
1715762189083
1715762189235
1715762189301
1715762189524
1715762189753
1715762203822
1715762204135
1715762204269
1715762204344
1715762204524
1715762204716
1715762218775
1715762219090
1715762219228
1715762219305
1715762219475
1715762219724
1715762233794
1715762234075
1715762234227
1715762234297
1715762234462
1715762234614
1715762248833
1715762249111
1715762249226
1715762249327
1715762249504
1715762249607
1715762263744
1715762264044
1715762264202
1715762264277
1715762264450
1715762264607
1715762278839
1715762279197
1715762279314
1715762279390
1715762279584
1715762279752
1715762293925
1715762294212
1715762294358
1715762294436
1715762294674
1715762294828
1715762308841
1715762309138
1715762309287
1715762309371
1715762309545
1715762309794
1715762323825
1715762324133
1715762324276
1715762324363
1715762324525
1715762324721
1715762338935
1715762339250
1715762339380
1715762339472
1715762339678
1715762339903
1715762353873
1715762354170
1715762354312
1715762354395
1715762354564
1715762354722
1715762368905
1715762369265
1715762369372
1715762369448
1715762369618
1715762369810
1715762383909
1715762384217
1715762384354
1715762384429
1715762384649
1715762384833
1715762398993
1715762399184
1715762399331
1715762399413
1715762399626
1715762399834
1715762413896
1715762414242
1715762414344
1715762414415
1715762414604
1715762414749
1715762428946
1715762429115
1715762429276
1715762429352
1715762429568
1715762429693
1715762443970
1715762444197
1715762444320
1715762444406
1715762444572
1715762444793
1715762458915
1715762459231
1715762459387
1715762459456
1715762459615
1715762459758
1715762473983
1715762474342
1715762474459
1715762474638
1715762474739
1715762474848
1715762488976
1715762489270
1715762489434
1715762489514
1715762489711
1715762489957
1715762503905
1715762504192
1715762504315
1715762504383
1715762504582
1715762504699
1715762518999
1715762519319
1715762519460
1715762519533
1715762519737
1715762519839
1715762533891
1715762534221
1715762534375
1715762534456
1715762534645
1715762534892
1715762548854
1715762549155
1715762549300
1715762549381
1715762549551
1715762549697
1715762563963
1715762564315
1715762564419
1715762564612
1715762564767
1715762564973
1715762578863
1715762579145
1715762579264
1715762579363
1715762579540
1715762579646
1715762593916
1715762594208
1715762594359
1715762594434
1715762594501
1715762594664
1715762609017
1715762609362
1715762609456
1715762609631
1715762609778
1715762609948
1715762623887
1715762624191
1715762624336
1715762624413
1715762624582
1715762624708
1715762638913
1715762639236
1715762639380
1715762639462
1715762639619
1715762639790
1715762653972
1715762654259
1715762654354
1715762654447
1715762654521
1715762654692
1715762668956
1715762669248
1715762669404
1715762669489
1715762669706
1715762669893
1715762683924
1715762684304
1715762684409
1715762684592
1715762684715
1715762684907
1715762698971
1715762699266
1715762699440
1715762699515
1715762699726
1715762699852
1715762713993
1715762714274
1715762714435
1715762714516
1715762714746
1715762714867
1715762729050
1715762729346
1715762729473
1715762729556
1715762729724
1715762729886
1715762744337
1715762744514
1715762744599
1715762744802
1715762744999
1715762745181
1715762758944
1715762759254
1715762759410
1715762759484
1715762759662
1715762759854
1715762774000
1715762774308
1715762774452
1715762774524
1715762774690
1715762774826
1715762789069
1715762789374
1715762789526
1715762789606
1715762789784
1715762789937
1715762803989
1715762804292
1715762804446
1715762804528
1715762804748
1715762804988
1715762819072
1715762819365
1715762819521
1715762819602
1715762819830
1715762820036
1715762834088
1715762834457
1715762834576
1715762834653
1715762834815
1715762835040
1715762849029
1715762849356
1715762849496
1715762849572
1715762849750
1715762849883
1715762864005
1715762864331
1715762864484
1715762864556
1715762864720
1715762864960
1715762879107
1715762879398
1715762879540
1715762879623
1715762879792
1715762879965
1715762894028
1715762894377
1715762894483
1715762894666
1715762894818
1715762894961
1715762909041
1715762909407
1715762909511
1715762909694
1715762909818
1715762909954
1715762924097
1715762924405
1715762924565
1715762924649
1715762924815
1715762924974
1715762939128
1715762939409
1715762939571
1715762939649
1715762939851
1715762940100
1715762954174
1715762954375
1715762954498
1715762954581
1715762954749
1715762954915
1715762969128
1715762969511
1715762969627
1715762969803
1715762969903
1715762970094
1715762984124
1715762984415
1715762984568
1715762984643
1715762984823
1715762984975
1715762999116
1715762999402
1715762999548
1715762999617
1715762999791
1715762999938
1715763014028
1715763014331
1715763014485
1715763014551
1715763014726
1715763014846
1715763029167
1715763029446
1715763029601
1715763029687
1715763029919
1715763030098
1715763044222
1715763044449
1715763044555
1715763044631
1715763044821
1715763044966
1715763059188
1715763059540
1715763059654
1715763059838
1715763059998
1715763060228
1715763074123
1715763074406
1715763074553
1715763074626
1715763074707
1715763074906
1715763089092
1715763089438
1715763089570
1715763089643
1715763089809
1715763089998
1715763104229
1715763104621
1715763104729
1715763104803
1715763105009
1715763105126
1715763119087
1715763119384
1715763119525
1715763119605
1715763119776
1715763119921
1715763134276
1715763134576
1715763134710
1715763134794
1715763135013
1715763135252
1715763149111
1715763149476
1715763149591
1715763149660
1715763149829
1715763150072
1715763164082
1715763164381
1715763164551
1715763164619
1715763164788
1715763165040
1715763179170
1715763179589
1715763179686
1715763179860
1715763179980
1715763180218
1715763194240
1715763194582
1715763194703
1715763194771
1715763194954
1715763195074
1715763209117
1715763209482
1715763209599
1715763209671
1715763209865
1715763210058
1715763224192
1715763224514
1715763224669
1715763224753
1715763224959
1715763225069
1715763239272
1715763239590
1715763239733
1715763239806
1715763239981
1715763240216
1715763254163
1715763254512
1715763254632
1715763254698
1715763254941
1715763255160
1715763269204
1715763269509
1715763269657
1715763269740
1715763269949
1715763270134
1715763284299
1715763284586
1715763284741
1715763284821
1715763284990
1715763285103
1715763299203
1715763299511
1715763299668
1715763299749
1715763299965
1715763300126
1715763314262
1715763314579
1715763314726
1715763314799
1715763314999
1715763315210
1715763329287
1715763329584
1715763329731
1715763329811
1715763330047
1715763330242
1715763344371
1715763344556
1715763344653
1715763344847
1715763345059
1715763345285
1715763359154
1715763359520
1715763359636
1715763359704
1715763359930
1715763360164
1715763374252
1715763374551
1715763374700
1715763374780
1715763375018
1715763375213
1715763389203
1715763389494
1715763389643
1715763389719
1715763389901
1715763390022
1715763404172
1715763404474
1715763404629
1715763404709
1715763404881
1715763405124
1715763419392
1715763419693
1715763419838
1715763419915
1715763420113
1715763420263
1715763434372
1715763434673
1715763434799
1715763434882
1715763435050
1715763435227
1715763449257
1715763449544
1715763449689
1715763449776
1715763449941
1715763450077
1715763464307
1715763464601
1715763464745
1715763464823
1715763465029
1715763465224
1715763479341
1715763479635
1715763479780
1715763479855
1715763480048
1715763480192
1715763494236
1715763494605
1715763494706
1715763494886
1715763495047
1715763495236
1715763509306
1715763509629
1715763509763
1715763509846
1715763510078
1715763510290
1715763524305
1715763524590
1715763524735
1715763524815
1715763524990
1715763525124
1715763539328
1715763539708
1715763539808
1715763539979
1715763540127
1715763540344
1715763554368
1715763554685
1715763554838
1715763554908
1715763555079
1715763555229
1715763569359
1715763569635
1715763569782
1715763569873
1715763570082
1715763570202
1715763584455
1715763584624
1715763584806
1715763584878
1715763585050
1715763585178
1715763599400
1715763599712
1715763599857
1715763599923
1715763600099
1715763600265
1715763614344
1715763614612
1715763614713
1715763614888
1715763615029
1715763615215
1715763629422
1715763629719
1715763629849
1715763629933
1715763630109
1715763630248
1715763644605
1715763644837
1715763644926
1715763645153
1715763645332
1715763645495
1715763659314
1715763659600
1715763659752
1715763659832
1715763660073
1715763660202
1715763674439
1715763674738
1715763674905
1715763674984
1715763675167
1715763675310
1715763689312
1715763689654
1715763689801
1715763689883
1715763690043
1715763690171
1715763704388
1715763704709
1715763704838
1715763704918
1715763705095
1715763705247
1715763719464
1715763719767
1715763719919
1715763719999
1715763720193
1715763720339
1715763734486
1715763734794
1715763734946
1715763735023
1715763735197
1715763735299
1715763749467
1715763749779
1715763749919
1715763750000
1715763750224
1715763750349
1715763764398
1715763764757
1715763764870
1715763765055
1715763765175
1715763765372
1715763779420
1715763779791
1715763779909
1715763780106
1715763780196
1715763780389
1715763794443
1715763794775
1715763794898
1715763794970
1715763795172
1715763795342
1715763809327
1715763809630
1715763809801
1715763809876
1715763810037
1715763810215
1715763824444
1715763824751
1715763824900
1715763824983
1715763825155
1715763825318
1715763839415
1715763839771
1715763839891
1715763840085
1715763840265
1715763840468
1715763854334
1715763854703
1715763854824
1715763854898
1715763855159
1715763855364
1715763869497
1715763869777
1715763869934
1715763870013
1715763870224
1715763870356
1715763884442
1715763884815
1715763884916
1715763885091
1715763885210
1715763885439
1715763899434
1715763899722
1715763899875
1715763899958
1715763900137
1715763900263
1715763914526
1715763914837
1715763914973
1715763915054
1715763915218
1715763915353
1715763929464
1715763929753
1715763929893
1715763929970
1715763930138
1715763930232
1715763944644
1715763944862
1715763944971
1715763945042
1715763945215
1715763945317
1715763959501
1715763959805
1715763959949
1715763960039
1715763960261
1715763960468
1715763974512
1715763974901
1715763975001
1715763975084
1715763975283
1715763975512
1715763989445
1715763989744
1715763989886
1715763989966
1715763990202
1715763990338
1715764004419
1715764004734
1715764004873
1715764004955
1715764005118
1715764005270
1715764019524
1715764019885
1715764020012
1715764020092
1715764020291
1715764020427
1715764034453
1715764034759
1715764034904
1715764034978
1715764035140
1715764035241
1715764049689
1715764049917
1715764050047
1715764050114
1715764050282
1715764050433
1715764064506
1715764064843
1715764064985
1715764065049
1715764065260
1715764065440
1715764079520
1715764079813
1715764079966
1715764080055
1715764080275
1715764080406
1715764094567
1715764094895
1715764095081
1715764095177
1715764095443
1715764095602
1715764109528
1715764109825
1715764109960
1715764110027
1715764110204
1715764110334
1715764124549
1715764124836
1715764124980
1715764125057
1715764125235
1715764125362
1715764139553
1715764139925
1715764140041
1715764140224
1715764140403
1715764140594
1715764154553
1715764154834
1715764155013
1715764155091
1715764155259
1715764155385
1715764169612
1715764169911
1715764170072
1715764170153
1715764170319
1715764170477
1715764184655
1715764184921
1715764185079
1715764185163
1715764185332
1715764185485
1715764199626
1715764199922
1715764200096
1715764200182
1715764200414
1715764200595
1715764214694
1715764214981
1715764215124
1715764215202
1715764215378
1715764215521
1715764229653
1715764229928
1715764230071
1715764230143
1715764230306
1715764230425
1715764244824
1715764245034
1715764245140
1715764245309
1715764245477
1715764245651
1715764259497
1715764259810
1715764259952
1715764260041
1715764260211
1715764260361
1715764274617
1715764274911
1715764275064
1715764275144
1715764275372
1715764275635
1715764289663
1715764289977
1715764290103
1715764290180
1715764290348
1715764290487
1715764304640
1715764304994
1715764305136
1715764305211
1715764305379
1715764305528
1715764319654
1715764320057
1715764320159
1715764320348
1715764320481
1715764320660
1715764334665
1715764335026
1715764335148
1715764335317
1715764335435
1715764335575
1715764349614
1715764349917
1715764350064
1715764350145
1715764350363
1715764350463
1715764364649
1715764364963
1715764365112
1715764365185
1715764365413
1715764365619
1715764379691
1715764379983
1715764380145
1715764380232
1715764380402
1715764380518
1715764394745
1715764395088
1715764395198
1715764395259
1715764395480
1715764395684
1715764409632
1715764409930
1715764410093
1715764410160
1715764410326
1715764410434
1715764424627
1715764424924
1715764425074
1715764425151
1715764425319
1715764425452
1715764439635
1715764439918
1715764440070
1715764440159
1715764440335
1715764440483
1715764454676
1715764454989
1715764455130
1715764455203
1715764455364
1715764455506
1715764469653
1715764469933
1715764470078
1715764470153
1715764470326
1715764470476
1715764484675
1715764484979
1715764485124
1715764485195
1715764485361
1715764485523
1715764499836
1715764500196
1715764500320
1715764500409
1715764500588
1715764500788
1715764514729
1715764515012
1715764515170
1715764515245
1715764515423
1715764515566
1715764529761
1715764530074
1715764530221
1715764530295
1715764530494
1715764530604
1715764544885
1715764545104
1715764545223
1715764545301
1715764545505
1715764545632
1715764559687
1715764559969
1715764560128
1715764560221
1715764560389
1715764560560
1715764575183
1715764575554
1715764575660
1715764575734
1715764575932
1715764576117
1715764589691
1715764590002
1715764590158
1715764590237
1715764590453
1715764590683
1715764604748
1715764605104
1715764605218
1715764605287
1715764605532
1715764605759
1715764619634
1715764620000
1715764620129
1715764620311
1715764620461
1715764620629
1715764634913
1715764635208
1715764635360
1715764635435
1715764635619
1715764635766
1715764649774
1715764650077
1715764650229
1715764650311
1715764650542
1715764650690
1715764664751
1715764665039
1715764665192
1715764665264
1715764665434
1715764665591
1715764679732
1715764680073
1715764680211
1715764680300
1715764680523
1715764680759
1715764694629
1715764694938
1715764695098
1715764695177
1715764695409
1715764695644
1715764709740
1715764710118
1715764710216
1715764710397
1715764710572
1715764710771
1715764724851
1715764725165
1715764725302
1715764725387
1715764725556
1715764725673
1715764739743
1715764740139
1715764740249
1715764740319
1715764740569
1715764740761
1715764754736
1715764755037
1715764755190
1715764755267
1715764755437
1715764755590
1715764769889
1715764770171
1715764770326
1715764770407
1715764770640
1715764770754
1715764784743
1715764785042
1715764785212
1715764785286
1715764785446
1715764785612
1715764799775
1715764800176
1715764800278
1715764800456
1715764800576
1715764800770
1715764814890
1715764815172
1715764815321
1715764815406
1715764815578
1715764815729
1715764829881
1715764830225
1715764830342
1715764830406
1715764830631
1715764830839
1715764844960
1715764845239
1715764845331
1715764845513
1715764845632
1715764845799
1715764859916
1715764860241
1715764860369
1715764860446
1715764860673
1715764860781
1715764874835
1715764875131
1715764875275
1715764875356
1715764875426
1715764875678
1715764889820
1715764890116
1715764890246
1715764890321
1715764890496
1715764890657
1715764904807
1715764905179
1715764905282
1715764905347
1715764905509
1715764905647
1715764919866
1715764920278
1715764920381
1715764920456
1715764920664
1715764920894
1715764934884
1715764935176
1715764935322
1715764935397
1715764935472
1715764935672
1715764949952
1715764950304
1715764950431
1715764950612
1715764950711
1715764950929
1715764964857
1715764965157
1715764965319
1715764965397
1715764965614
1715764965806
1715764979976
1715764980286
1715764980438
1715764980515
1715764980689
1715764980812
1715764994937
1715764995239
1715764995389
1715764995471
1715764995705
1715764995887
1715765009853
1715765010158
1715765010322
1715765010399
1715765010563
1715765010736
1715765024845
1715765025156
1715765025308
1715765025386
1715765025547
1715765025730
1715765039938
1715765040276
1715765040422
1715765040501
1715765040679
1715765040834
1715765054891
1715765055178
1715765055313
1715765055389
1715765055460
1715765055694
1715765069922
1715765070333
1715765070497
1715765070600
1715765070913
1715765071107
1715765084974
1715765085277
1715765085421
1715765085503
1715765085678
1715765085818
1715765099858
1715765100203
1715765100331
1715765100414
1715765100588
1715765100757
1715765114876
1715765115193
1715765115309
1715765115393
1715765115574
1715765115717
1715765129875
1715765130257
1715765130361
1715765130418
1715765130578
1715765130725
1715765145114
1715765145324
1715765145451
1715765145524
1715765145723
1715765145911
1715765159949
1715765160357
1715765160459
1715765160629
1715765160770
1715765160937
1715765174857
1715765175167
1715765175303
1715765175387
1715765175556
1715765175721
1715765189908
1715765190193
1715765190345
1715765190419
1715765190589
1715765190743
1715765204997
1715765205308
1715765205451
1715765205547
1715765205752
1715765205889
1715765220003
1715765220300
1715765220456
1715765220544
1715765220710
1715765220825
1715765234904
1715765235209
1715765235327
1715765235385
1715765235449
1715765235707
1715765249887
1715765250186
1715765250334
1715765250418
1715765250591
1715765250749
1715765265129
1715765265445
1715765265570
1715765265647
1715765265822
1715765265972
1715765280067
1715765280412
1715765280549
1715765280624
1715765280826
1715765280954
1715765295005
1715765295363
1715765295478
1715765295658
1715765295823
1715765296025
1715765309933
1715765310224
1715765310360
1715765310440
1715765310606
1715765310720
1715765324994
1715765325290
1715765325443
1715765325525
1715765325598
1715765325915
1715765340084
1715765340477
1715765340586
1715765340760
1715765340909
1715765341027
1715765354996
1715765355317
1715765355450
1715765355540
1715765355773
1715765356003
1715765369980
1715765370343
1715765370453
1715765370635
1715765370786
1715765370947
1715765385038
1715765385317
1715765385465
1715765385552
1715765385727
1715765385877
1715765400148
1715765400447
1715765400585
1715765400666
1715765400841
1715765400980
1715765415030
1715765415345
1715765415487
1715765415572
1715765415742
1715765415846
1715765430045
1715765430430
1715765430533
1715765430722
1715765430871
1715765431087
1715765445073
1715765445391
1715765445527
1715765445612
1715765445814
1715765445960
1715765460078
1715765460448
1715765460571
1715765460740
1715765460876
1715765461032
1715765475026
1715765475329
1715765475477
1715765475564
1715765475775
1715765475907
1715765490139
1715765490434
1715765490585
1715765490665
1715765490898
1715765491084
1715765505028
1715765505329
1715765505453
1715765505533
1715765505701
1715765505826
1715765520009
1715765520371
1715765520492
1715765520570
1715765520732
1715765520932
1715765535109
1715765535409
1715765535561
1715765535640
1715765535819
1715765536010
1715765550047
1715765550350
1715765550509
1715765550599
1715765550830
1715765551041
1715765565152
1715765565450
1715765565604
1715765565685
1715765565927
1715765566104
1715765580186
1715765580483
1715765580634
1715765580712
1715765580940
1715765581181
1715765595008
1715765595304
1715765595454
1715765595536
1715765595770
1715765595942
1715765610063
1715765610366
1715765610529
1715765610615
1715765610779
1715765610924
1715765625285
1715765625619
1715765625735
1715765625806
1715765625979
1715765626129
1715765640155
1715765640458
1715765640618
1715765640695
1715765640930
1715765641130
1715765655149
1715765655443
1715765655601
1715765655670
1715765655845
1715765655976
1715765670153
1715765670470
1715765670632
1715765670707
1715765670942
1715765671137
1715765685176
1715765685482
1715765685634
1715765685718
1715765685966
1715765686170
1715765700142
1715765700477
1715765700597
1715765700781
1715765700899
1715765701110
1715765715278
1715765715642
1715765715764
1715765715836
1715765716002
1715765716133
1715765730180
1715765730541
1715765730649
1715765730721
1715765730894
1715765731138
1715765745412
1715765745614
1715765745709
1715765745888
1715765746029
1715765746243
1715765760239
1715765760533
1715765760699
1715765760776
1715765760944
1715765761114
1715765775195
1715765775589
1715765775686
1715765775873
1715765776042
1715765776177
1715765790222
1715765790519
1715765790658
1715765790756
1715765790975
1715765791112
1715765805215
1715765805509
1715765805655
1715765805733
1715765805906
1715765806068
1715765820153
1715765820473
1715765820603
1715765820682
1715765820861
1715765820997
1715765835280
1715765835535
1715765835685
1715765835763
1715765835996
1715765836217
1715765850286
1715765850595
1715765850765
1715765850840
1715765851052
1715765851266
1715765865368
1715765865549
1715765865686
1715765865784
1715765866026
1715765866217
1715765880213
1715765880530
1715765880658
1715765880736
1715765880916
1715765881087
1715765895325
1715765895679
1715765895797
1715765895866
1715765896092
1715765896298
1715765910258
1715765910559
1715765910713
1715765910790
1715765911024
1715765911227
1715765925156
1715765925486
1715765925612
1715765925687
1715765925896
1715765926056
1715765940330
1715765940633
1715765940786
1715765940867
1715765941118
1715765941323
1715765955284
1715765955564
1715765955683
1715765955765
1715765955827
1715765956000
1715765970310
1715765970623
1715765970771
1715765970859
1715765971068
1715765971273
1715765985316
1715765985606
1715765985767
1715765985849
1715765986092
1715765986284
1715766000200
1715766000592
1715766000707
1715766000768
1715766000998
1715766001207
1715766015285
1715766015635
1715766015749
1715766015818
1715766015981
1715766016141
1715766030254
1715766030553
1715766030713
1715766030790
1715766031006
1715766031134
1715766045303
1715766045576
1715766045725
1715766045801
1715766045970
1715766046082
1715766060292
1715766060570
1715766060720
1715766060794
1715766060965
1715766061117
1715766075362
1715766075665
1715766075797
1715766075884
1715766076115
1715766076300
1715766090278
1715766090569
1715766090727
1715766090806
1715766090973
1715766091116
1715766105323
1715766105617
1715766105786
1715766105870
1715766106046
1715766106203
1715766120310
1715766120667
1715766120792
1715766120862
1715766121066
1715766121186
1715766135328
1715766135631
1715766135786
1715766135874
1715766136049
1715766136205
1715766150299
1715766150590
1715766150759
1715766150832
1715766151000
1715766151184
1715766165302
1715766165675
1715766165780
1715766165852
1715766166044
1715766166232
1715766180372
1715766180712
1715766180827
1715766180899
1715766181066
1715766181285
1715766195344
1715766195643
1715766195788
1715766195860
1715766196029
1715766196138
1715766210412
1715766210803
1715766210907
1715766211083
1715766211249
1715766211456
1715766225368
1715766225662
1715766225816
1715766225893
1715766226070
1715766226206
1715766240415
1715766240685
1715766240848
1715766240920
1715766241094
1715766241248
1715766255394
1715766255747
1715766255859
1715766255942
1715766256112
1715766256281
1715766270527
1715766270739
1715766270876
1715766270946
1715766271160
1715766271387
1715766285266
1715766285576
1715766285724
1715766285797
1715766286022
1715766286213
1715766300445
1715766300814
1715766300927
1715766301000
1715766301172
1715766301364
1715766315411
1715766315714
1715766315850
1715766315933
1715766316099
1715766316279
1715766330330
1715766330646
1715766330798
1715766330864
1715766331101
1715766331327
1715766345650
1715766345854
1715766345959
1715766346125
1715766346259
1715766346456
1715766360372
1715766360749
1715766360853
1715766361024
1715766361164
1715766361383
1715766375341
1715766375667
1715766375806
1715766375878
1715766376038
1715766376236
1715766390418
1715766390737
1715766390874
1715766390951
1715766391128
1715766391300
1715766405456
1715766405742
1715766405890
1715766405980
1715766406155
1715766406283
1715766420448
1715766420767
1715766420897
1715766420977
1715766421187
1715766421324
1715766435483
1715766435773
1715766435928
1715766436007
1715766436075
1715766436286
1715766450427
1715766450728
1715766450876
1715766450953
1715766451130
1715766451239
1715766465428
1715766465742
1715766465897
1715766465979
1715766466154
1715766466307
1715766480515
1715766480791
1715766480948
1715766481029
1715766481189
1715766481362
1715766495422
1715766495703
1715766495870
1715766495950
1715766496157
1715766496280
1715766510447
1715766510828
1715766510937
1715766511110
1715766511253
1715766511482
1715766525419
1715766525716
1715766525862
1715766525952
1715766526118
1715766526321
1715766540514
1715766540805
1715766540961
1715766541039
1715766541280
1715766541469
1715766555524
1715766555857
1715766556006
1715766556081
1715766556257
1715766556407
1715766570616
1715766570944
1715766571079
1715766571156
1715766571333
1715766571481
1715766585507
1715766585783
1715766585932
1715766586011
1715766586194
1715766586353
1715766600558
1715766600860
1715766601017
1715766601091
1715766601270
1715766601513
1715766615653
1715766615872
1715766616001
1715766616075
1715766616244
1715766616395
1715766630443
1715766630743
1715766630888
1715766630969
1715766631137
1715766631298
1715766645678
1715766645887
1715766646008
1715766646085
1715766646263
1715766646378
1715766660594
1715766660964
1715766661083
1715766661153
1715766661384
1715766661623
1715766675561
1715766675859
1715766675995
1715766676067
1715766676240
1715766676383
1715766690617
1715766690974
1715766691077
1715766691150
1715766691355
1715766691459
1715766705566
1715766705878
1715766706003
1715766706078
1715766706248
1715766706411
1715766720647
1715766721004
1715766721111
1715766721283
1715766721447
1715766721633
1715766735547
1715766735829
1715766735983
1715766736064
1715766736236
1715766736384
1715766750562
1715766750837
1715766750985
1715766751065
1715766751243
1715766751376
1715766765515
1715766765820
1715766765951
1715766766039
1715766766255
1715766766444
1715766780615
1715766781000
1715766781103
1715766781279
1715766781423
1715766781588
1715766795662
1715766795965
1715766796118
1715766796213
1715766796386
1715766796538
1715766810472
1715766810825
1715766810985
1715766811067
1715766811280
1715766811484
1715766825577
1715766825874
1715766826006
1715766826084
1715766826257
1715766826388
1715766840673
1715766840989
1715766841125
1715766841208
1715766841420
1715766841624
1715766855587
1715766855957
1715766856071
1715766856133
1715766856295
1715766856441
1715766870592
1715766870885
1715766870994
1715766871097
1715766871276
1715766871411
1715766885704
1715766886016
1715766886156
1715766886230
1715766886469
1715766886654
1715766900667
1715766901060
1715766901187
1715766901402
1715766901599
1715766901768
1715766915610
1715766915908
1715766916061
1715766916135
1715766916316
1715766916453
1715766930747
1715766931124
1715766931220
1715766931393
1715766931507
1715766931614
1715766945828
1715766946027
1715766946115
1715766946284
1715766946439
1715766946625
1715766960658
1715766960979
1715766961127
1715766961215
1715766961421
1715766961644
1715766975736
1715766976024
1715766976170
1715766976257
1715766976485
1715766976601
1715766990635
1715766990937
1715766991090
1715766991174
1715766991410
1715766991622
1715767005581
1715767005945
1715767006061
1715767006130
1715767006348
1715767006474
1715767020739
1715767021057
1715767021196
1715767021282
1715767021502
1715767021686
1715767035604
1715767035951
1715767036042
1715767036216
1715767036397
1715767036551
1715767050700
1715767050989
1715767051135
1715767051206
1715767051372
1715767051500
1715767065722
1715767066036
1715767066159
1715767066247
1715767066410
1715767066577
1715767080624
1715767080931
1715767081050
1715767081146
1715767081317
1715767081401
1715767095690
1715767095997
1715767096138
1715767096217
1715767096392
1715767096548
1715767110769
1715767111068
1715767111217
1715767111289
1715767111365
1715767111606
1715767125773
1715767126084
1715767126242
1715767126414
1715767126571
1715767126774
1715767140817
1715767141175
1715767141292
1715767141466
1715767141591
1715767141719
1715767155866
1715767156042
1715767156164
1715767156249
1715767156442
1715767156667
1715767170842
1715767171037
1715767171185
1715767171271
1715767171480
1715767171636
1715767185751
1715767186029
1715767186178
1715767186250
1715767186434
1715767186584
1715767200855
1715767201135
1715767201251
1715767201342
1715767201412
1715767201577
1715767215656
1715767215964
1715767216106
1715767216197
1715767216362
1715767216524
1715767230722
1715767231017
1715767231139
1715767231216
1715767231386
1715767231503
1715767245962
1715767246133
1715767246265
1715767246457
1715767246561
1715767246693
1715767260679
1715767261052
1715767261180
1715767261244
1715767261443
1715767261644
1715767275721
1715767276031
1715767276158
1715767276229
1715767276304
1715767276465
1715767290872
1715767291199
1715767291342
1715767291426
1715767291670
1715767291866
1715767305826
1715767306150
1715767306295
1715767306378
1715767306618
1715767306759
1715767320707
1715767321008
1715767321165
1715767321235
1715767321442
1715767321678
1715767335812
1715767336126
1715767336255
1715767336330
1715767336514
1715767336624
1715767350668
1715767350963
1715767351110
1715767351187
1715767351384
1715767351634
1715767365887
1715767366250
1715767366361
1715767366547
1715767366662
1715767366889
1715767380799
1715767381095
1715767381254
1715767381338
1715767381556
1715767381800
1715767395888
1715767396174
1715767396333
1715767396406
1715767396578
1715767396721
1715767410825
1715767411133
1715767411292
1715767411376
1715767411560
1715767411698
1715767425876
1715767426189
1715767426314
1715767426387
1715767426571
1715767426690
1715767440911
1715767441263
1715767441385
1715767441567
1715767441682
1715767441909
1715767455851
1715767456153
1715767456287
1715767456370
1715767456626
1715767456834
1715767470914
1715767471213
1715767471378
1715767471463
1715767471682
1715767471931
1715767485829
1715767486200
1715767486307
1715767486497
1715767486622
1715767486834
1715767500926
1715767501273
1715767501391
1715767501456
1715767501611
1715767501775
1715767515903
1715767516198
1715767516355
1715767516433
1715767516609
1715767516796
1715767530845
1715767531139
1715767531287
1715767531370
1715767531541
1715767531718
1715767546011
1715767546209
1715767546337
1715767546415
1715767546591
1715767546779
1715767560964
1715767561331
1715767561448
1715767561511
1715767561717
1715767561903
1715767575812
1715767576096
1715767576231
1715767576308
1715767576487
1715767576586
1715767590896
1715767591192
1715767591352
1715767591440
1715767591656
1715767591899
1715767605865
1715767606149
1715767606302
1715767606383
1715767606558
1715767606711
1715767620955
1715767621240
1715767621379
1715767621459
1715767621682
1715767621853
1715767635944
1715767636238
1715767636400
1715767636483
1715767636701
1715767636848
1715767650936
1715767651249
1715767651386
1715767651458
1715767651635
1715767651819
1715767665940
1715767666230
1715767666373
1715767666447
1715767666612
1715767666777
1715767680937
1715767681232
1715767681394
1715767681468
1715767681644
1715767681791
1715767696068
1715767696363
1715767696507
1715767696586
1715767696767
1715767696870
1715767710994
1715767711287
1715767711436
1715767711519
1715767711690
1715767711862
1715767725985
1715767726296
1715767726455
1715767726528
1715767726699
1715767726863
1715767740942
1715767741336
1715767741447
1715767741629
1715767741781
1715767741923
1715767755887
1715767756247
1715767756366
1715767756438
1715767756598
1715767756863
1715767770947
1715767771260
1715767771402
1715767771474
1715767771678
1715767771936
1715767786206
1715767786467
1715767786579
1715767786758
1715767786870
1715767787018
1715767800962
1715767801310
1715767801426
1715767801602
1715767801713
1715767801877
1715767815992
1715767816359
1715767816463
1715767816639
1715767816823
1715767817066
1715767830972
1715767831357
1715767831458
1715767831639
1715767831785
1715767831939
1715767846113
1715767846330
1715767846466
1715767846538
1715767846700
1715767846844
1715767860901
1715767861215
1715767861356
1715767861428
1715767861599
1715767861758
1715767876052
1715767876417
1715767876528
1715767876702
1715767876811
1715767876942
1715767891110
1715767891394
1715767891551
1715767891631
1715767891805
1715767891925
1715767905943
1715767906240
1715767906382
1715767906461
1715767906694
1715767906930
1715767921035
1715767921355
1715767921505
1715767921570
1715767921747
1715767921922
1715767936002
1715767936284
1715767936438
1715767936515
1715767936694
1715767936929
1715767951088
1715767951392
1715767951549
1715767951630
1715767951849
1715767952075
1715767966088
1715767966465
1715767966570
1715767966746
1715767966927
1715767967113
1715767981087
1715767981371
1715767981528
1715767981608
1715767981844
1715767982022
1715767995986
1715767996278
1715767996417
1715767996492
1715767996659
1715767996771
1715768011073
1715768011384
1715768011535
1715768011613
1715768011789
1715768011935
1715768026114
1715768026467
1715768026583
1715768026657
1715768026869
1715768027067
1715768041111
1715768041414
1715768041564
1715768041643
1715768041858
1715768042085
1715768056063
1715768056360
1715768056503
1715768056585
1715768056657
1715768056819
1715768071133
1715768071466
1715768071590
1715768071666
1715768071837
1715768071996
1715768086210
1715768086452
1715768086561
1715768086637
1715768086803
1715768087015
1715768101194
1715768101475
1715768101628
1715768101701
1715768101864
1715768102002
1715768116106
1715768116474
1715768116579
1715768116649
1715768116856
1715768117031
1715768131127
1715768131427
1715768131571
1715768131652
1715768131820
1715768131964
1715768146150
1715768146478
1715768146611
1715768146793
1715768146968
1715768147140
1715768161099
1715768161502
1715768161607
1715768161782
1715768161917
1715768162017
1715768176083
1715768176403
1715768176546
1715768176623
1715768176831
1715768177066
1715768191176
1715768191483
1715768191644
1715768191721
1715768191961
1715768192218
1715768206177
1715768206542
1715768206663
1715768206729
1715768206954
1715768207165
1715768221228
1715768221522
1715768221667
1715768221753
1715768221974
1715768222114
1715768236216
1715768236579
1715768236695
1715768236761
1715768236989
1715768237234
1715768251106
1715768251404
1715768251560
1715768251659
1715768251891
1715768252046
1715768266172
1715768266481
1715768266635
1715768266704
1715768266967
1715768267131
1715768281254
1715768281548
1715768281694
1715768281770
1715768281952
1715768282130
1715768296168
1715768296452
1715768296611
1715768296691
1715768296928
1715768297087
1715768311146
1715768311452
1715768311606
1715768311691
1715768311909
1715768312126
1715768326186
1715768326463
1715768326615
1715768326697
1715768326875
1715768327023
1715768341199
1715768341544
1715768341666
1715768341737
1715768341973
1715768342201
1715768356253
1715768356563
1715768356686
1715768356754
1715768356827
1715768357038
1715768371303
1715768371592
1715768371715
1715768371803
1715768371877
1715768372084
1715768386327
1715768386549
1715768386673
1715768386757
1715768386927
1715768387110
1715768401200
1715768401577
1715768401696
1715768401767
1715768401932
1715768402075
1715768416213
1715768416509
1715768416655
1715768416740
1715768416916
1715768417037
1715768431218
1715768431518
1715768431668
1715768431759
1715768431998
1715768432183
1715768446251
1715768446536
1715768446684
1715768446771
1715768446986
1715768447181
1715768461248
1715768461547
1715768461692
1715768461770
1715768461945
1715768462101
1715768476240
1715768476539
1715768476703
1715768476777
1715768477006
1715768477226
1715768491184
1715768491471
1715768491624
1715768491704
1715768491875
1715768492081
1715768506313
1715768506693
1715768506794
1715768506978
1715768507126
1715768507328
1715768521242
1715768521543
1715768521703
1715768521787
1715768521866
1715768522033
1715768536187
1715768536479
1715768536617
1715768536700
1715768536872
1715768536984
1715768551360
1715768551636
1715768551790
1715768551880
1715768552049
1715768552213
1715768566347
1715768566725
1715768566824
1715768567008
1715768567180
1715768567370
1715768581299
1715768581593
1715768581742
1715768581822
1715768581893
1715768582066
1715768596409
1715768596698
1715768596835
1715768596932
1715768597002
1715768597226
1715768611387
1715768611674
1715768611823
1715768611902
1715768612077
1715768612204
1715768626268
1715768626569
1715768626730
1715768626802
1715768626967
1715768627049
1715768641364
1715768641701
1715768641833
1715768641914
1715768642109
1715768642331
1715768656382
1715768656696
1715768656856
1715768656941
1715768657143
1715768657269
1715768671307
1715768671664
1715768671796
1715768671976
1715768672085
1715768672222
1715768686418
1715768686741
1715768686876
1715768686955
1715768687174
1715768687408
1715768701367
1715768701658
1715768701802
1715768701882
1715768702094
1715768702305
1715768716264
1715768716550
1715768716702
1715768716782
1715768717001
1715768717161
1715768731381
1715768731673
1715768731821
1715768731900
1715768732070
1715768732214
1715768746394
1715768746750
1715768746869
1715768747051
1715768747191
1715768747386
1715768761364
1715768761670
1715768761822
1715768761900
1715768762069
1715768762180
1715768776383
1715768776682
1715768776853
1715768776933
1715768777139
1715768777374
1715768791412
1715768791707
1715768791846
1715768791921
1715768792103
1715768792260
1715768806418
1715768806699
1715768806845
1715768806918
1715768807092
1715768807261
1715768821571
1715768821745
1715768821871
1715768821977
1715768822145
1715768822285
1715768836378
1715768836672
1715768836835
1715768836910
1715768837082
1715768837227
1715768851466
1715768851668
1715768851803
1715768851883
1715768852051
1715768852206
1715768866476
1715768866812
1715768866960
1715768867030
1715768867195
1715768867442
1715768881394
1715768881682
1715768881841
1715768881919
1715768882139
1715768882386
1715768896455
1715768896738
1715768896899
1715768896977
1715768897145
1715768897285
1715768911505
1715768911886
1715768912002
1715768912071
1715768912268
1715768912459
1715768926428
1715768926744
1715768926883
1715768926961
1715768927135
1715768927277
1715768941461
1715768941756
1715768941906
1715768941973
1715768942051
1715768942293
1715768956562
1715768956878
1715768957012
1715768957093
1715768957269
1715768957427
1715768971411
1715768971720
1715768971863
1715768971941
1715768972152
1715768972388
1715768986390
1715768986699
1715768986844
1715768986921
1715768987086
1715768987200
1715769001507
1715769001866
1715769002005
1715769002075
1715769002308
1715769002465
1715769016460
1715769016764
1715769016920
1715769016995
1715769017160
1715769017300
1715769031577
1715769031931
1715769032036
1715769032110
1715769032355
1715769032551
1715769046728
1715769046972
1715769047064
1715769047231
1715769047379
1715769047576
1715769061544
1715769061912
1715769062033
1715769062221
1715769062342
1715769062534
1715769076448
1715769076792
1715769076906
1715769077083
1715769077250
1715769077398
1715769091549
1715769091852
1715769091998
1715769092086
1715769092324
1715769092549
1715769106488
1715769106836
1715769106964
1715769107146
1715769107244
1715769107390
1715769121435
1715769121727
1715769121872
1715769121950
1715769122184
1715769122295
1715769136510
1715769136886
1715769137004
1715769137187
1715769137291
1715769137433
1715769151483
1715769151778
1715769151935
1715769152014
1715769152238
1715769152440
1715769166462
1715769166837
1715769166954
1715769167024
1715769167285
1715769167482
1715769181662
1715769181958
1715769182088
1715769182179
1715769182343
1715769182473
1715769196522
1715769196817
1715769196970
1715769197051
1715769197282
1715769197483
1715769211557
1715769211880
1715769212021
1715769212097
1715769212265
1715769212406
1715769226607
1715769226912
1715769227041
1715769227126
1715769227297
1715769227466
1715769241590
1715769241889
1715769242049
1715769242129
1715769242360
1715769242616
1715769256580
1715769256887
1715769257049
1715769257127
1715769257290
1715769257458
1715769271559
1715769271859
1715769271992
1715769272085
1715769272257
1715769272379
1715769286564
1715769286875
1715769287030
1715769287097
1715769287269
1715769287451
1715769301621
1715769301916
1715769302058
1715769302141
1715769302317
1715769302439
1715769316651
1715769316955
1715769317095
1715769317176
1715769317359
1715769317511
1715769331617
1715769331984
1715769332094
1715769332166
1715769332393
1715769332617
1715769346643
1715769346870
1715769346988
1715769347065
1715769347279
1715769347517
1715769361690
1715769361995
1715769362144
1715769362227
1715769362396
1715769362524
1715769376743
1715769376912
1715769377064
1715769377136
1715769377316
1715769377446
1715769391558
1715769391826
1715769391983
1715769392069
1715769392232
1715769392378
1715769406681
1715769407052
1715769407176
1715769407350
1715769407513
1715769407694
1715769421613
1715769421909
1715769422064
1715769422146
1715769422367
1715769422495
1715769436630
1715769436954
1715769437069
1715769437148
1715769437352
1715769437505
1715769451697
1715769452041
1715769452159
1715769452343
1715769452458
1715769452637
1715769466609
1715769466956
1715769467078
1715769467152
1715769467362
1715769467595
1715769481658
1715769482034
1715769482139
1715769482212
1715769482467
1715769482664
1715769496660
1715769496956
1715769497107
1715769497193
1715769497434
1715769497640
1715769511647
1715769511954
1715769512104
1715769512179
1715769512398
1715769512641
1715769526719
1715769527117
1715769527222
1715769527296
1715769527487
1715769527611
1715769541772
1715769542135
1715769542264
1715769542451
1715769542592
1715769542767
1715769556690
1715769557078
1715769557182
1715769557253
1715769557412
1715769557585
1715769571610
1715769571952
1715769572097
1715769572160
1715769572327
1715769572479
1715769586684
1715769586972
1715769587146
1715769587225
1715769587471
1715769587678
1715769601658
1715769602025
1715769602140
1715769602209
1715769602432
1715769602630
1715769616676
1715769616959
1715769617102
1715769617178
1715769617353
1715769617551
1715769631717
1715769632017
1715769632165
1715769632251
1715769632410
1715769632589
1715769646791
1715769647024
1715769647153
1715769647227
1715769647438
1715769647641
1715769661711
1715769662020
1715769662178
1715769662258
1715769662470
1715769662713
1715769676803
1715769677109
1715769677267
1715769677336
1715769677539
1715769677729
1715769691727
1715769692030
1715769692173
1715769692249
1715769692433
1715769692563
1715769706755
1715769707070
1715769707210
1715769707297
1715769707511
1715769707717
1715769721998
1715769722258
1715769722423
1715769722687
1715769722801
1715769722952
1715769736679
1715769736995
1715769737148
1715769737231
1715769737456
1715769737658
1715769751763
1715769752048
1715769752185
1715769752263
1715769752441
1715769752604
1715769766768
1715769767131
1715769767244
1715769767428
1715769767578
1715769767786
1715769781714
1715769782023
1715769782157
1715769782229
1715769782405
1715769782515
1715769796830
1715769797144
1715769797283
1715769797362
1715769797534
1715769797723
1715769811811
1715769812109
1715769812266
1715769812348
1715769812577
1715769812734
1715769826758
1715769827101
1715769827214
1715769827284
1715769827445
1715769827581
1715769841820
1715769842193
1715769842301
1715769842476
1715769842623
1715769842740
1715769856802
1715769857138
1715769857263
1715769857436
1715769857595
1715769857795
1715769871786
1715769872101
1715769872236
1715769872309
1715769872526
1715769872662
1715769886792
1715769887115
1715769887245
1715769887328
1715769887496
1715769887623
1715769901828
1715769902114
1715769902259
1715769902342
1715769902512
1715769902644
1715769916849
1715769917171
1715769917311
1715769917391
1715769917558
1715769917719
1715769931775
1715769932092
1715769932239
1715769932303
1715769932469
1715769932628
1715769946866
1715769947146
1715769947293
1715769947371
1715769947546
1715769947665
1715769961822
1715769962119
1715769962273
1715769962354
1715769962534
1715769962696
1715769976893
1715769977172
1715769977337
1715769977420
1715769977622
1715769977832
1715769991888
1715769992185
1715769992345
1715769992419
1715769992601
1715769992743
1715770006796
1715770007092
1715770007249
1715770007324
1715770007502
1715770007637
1715770021847
1715770022148
1715770022301
1715770022387
1715770022558
1715770022708
1715770037006
1715770037308
1715770037464
1715770037534
1715770037713
1715770037840
1715770051811
1715770052124
1715770052281
1715770052362
1715770052533
1715770052682
1715770066929
1715770067233
1715770067393
1715770067456
1715770067625
1715770067813
1715770081935
1715770082222
1715770082367
1715770082445
1715770082612
1715770082723
1715770096875
1715770097245
1715770097360
1715770097437
1715770097634
1715770097844
1715770111914
1715770112184
1715770112350
1715770112427
1715770112625
1715770112863
1715770126934
1715770127309
1715770127410
1715770127481
1715770127757
1715770127941
1715770141828
1715770142196
1715770142314
1715770142395
1715770142643
1715770142813
1715770156910
1715770157203
1715770157365
1715770157448
1715770157660
1715770157836
1715770171971
1715770172320
1715770172435
1715770172605
1715770172724
1715770172865
1715770186922
1715770187304
1715770187407
1715770187589
1715770187685
1715770187807
1715770201927
1715770202274
1715770202394
1715770202465
1715770202692
1715770202940
1715770216957
1715770217313
1715770217434
1715770217613
1715770217740
1715770217869
1715770231935
1715770232322
1715770232424
1715770232507
1715770232710
1715770232963
1715770247102
1715770247364
1715770247461
1715770247638
1715770247794
1715770247993
1715770261974
1715770262281
1715770262439
1715770262529
1715770262746
1715770263000
1715770276949
1715770277235
1715770277390
1715770277471
1715770277685
1715770277934
1715770291922
1715770292207
1715770292347
1715770292430
1715770292603
1715770292761
1715770307012
1715770307301
1715770307457
1715770307539
1715770307772
1715770308005
1715770321936
1715770322378
1715770322523
1715770322609
1715770322935
1715770323071
1715770336892
1715770337280
1715770337378
1715770337560
1715770337707
1715770337889
1715770352062
1715770352354
1715770352490
1715770352565
1715770352641
1715770352881
1715770366987
1715770367311
1715770367459
1715770367545
1715770367705
1715770367902
1715770382097
1715770382321
1715770382469
1715770382651
1715770382774
1715770382992
1715770397001
1715770397277
1715770397433
1715770397516
1715770397708
1715770397858
1715770411947
1715770412327
1715770412439
1715770412624
1715770412758
1715770412934
1715770426948
1715770427241
1715770427400
1715770427476
1715770427656
1715770427807
1715770442075
1715770442356
1715770442508
1715770442584
1715770442760
1715770442879
1715770457043
1715770457340
1715770457491
1715770457571
1715770457786
1715770458021
1715770472030
1715770472331
1715770472486
1715770472567
1715770472804
1715770473060
1715770487119
1715770487431
1715770487553
1715770487644
1715770487873
1715770488055
1715770502066
1715770502377
1715770502529
1715770502603
1715770502791
1715770502944
1715770516973
1715770517272
1715770517413
1715770517493
1715770517695
1715770517838
1715770532125
1715770532432
1715770532577
1715770532654
1715770532817
1715770532988