1715755540740
1715755555704
1715755570675
1715755585794
1715755600644
1715755615758
1715755630784
1715755645686
1715755660697
1715755675810
1715755690680
1715755705704
1715755720680
1715755735840
1715755750805
1715755765960
1715755780784
1715755795822
1715755810893
1715755825712
1715755840832
1715755855883
1715755870762
1715755885886
1715755900893
1715755915788
1715755930861
1715755945894
1715755960821
1715755975807
1715755990900
1715756005858
1715756020883
1715756035878
1715756050902
1715756065898
1715756080994
1715756095883
1715756110913
1715756125980
1715756141056
1715756155970
1715756170964
1715756185884
1715756200877
1715756216026
1715756230823
1715756245922
1715756261011
1715756275979
1715756290946
1715756306003
1715756320938
1715756336047
1715756351052
1715756366008
1715756380995
1715756396100
1715756410970
1715756426041
1715756441267
1715756456006
1715756471064
1715756486102
1715756500995
1715756516061
1715756531116
1715756546114
1715756561113
1715756576173
1715756591111
1715756606082
1715756621118
1715756636128
1715756651139
1715756666181
1715756681156
1715756696037
1715756711092
1715756726103
1715756741235
1715756756096
1715756771199
1715756786134
1715756801274
1715756816248
1715756831124
1715756846210
1715756861205
1715756876213
1715756891262
1715756906194
1715756921239
1715756936255
1715756951158
1715756966273
1715756981411
1715756996190
1715757011205
1715757026240
1715757041314
1715757056268
1715757071349
1715757086267
1715757101192
1715757116321
1715757131297
1715757146336
1715757161411
1715757176243
1715757191337
1715757206413
1715757221328
1715757236253
1715757251398
1715757266264
1715757281356
1715757296425
1715757311485
1715757326344
1715757341392
1715757356421
1715757371525
1715757386549
1715757401241
1715757416432
1715757431479
1715757446365
1715757461357
1715757476366
1715757491350
1715757506400
1715757521442
1715757536463
1715757551471
1715757566596
1715757581461
1715757596523
1715757611524
1715757626408
1715757641493
1715757656519
1715757671441
1715757686412
1715757701586
1715757716452
1715757731457
1715757746583
1715757761455
1715757776438
1715757791636
1715757806529
1715757821562
1715757836573
1715757851555
1715757866450
1715757881644
1715757896610
1715757911555
1715757926614
1715757941512
1715757956573
1715757971651
1715757986576
1715758001595
1715758016629
1715758031574
1715758046594
1715758061653
1715758076648
1715758091637
1715758106639
1715758121680
1715758136660
1715758151664
1715758166646
1715758181695
1715758196787
1715758211628
1715758226637
1715758241772
1715758256665
1715758271647
1715758286841
1715758301616
1715758316597
1715758331720
1715758346666
1715758361762
1715758376867
1715758391752
1715758406758
1715758421825
1715758436665
1715758451836
1715758466839
1715758481846
1715758496776
1715758511816
1715758526840
1715758541760
1715758556827
1715758571761
1715758586718
1715758601838
1715758616975
1715758631771
1715758646845
1715758661854
1715758677006
1715758691978
1715758706946
1715758721923
1715758736978
1715758751947
1715758766910
1715758782104
1715758796916
1715758812004
1715758827083
1715758841890
1715758856906
1715758871954
1715758886957
1715758902010
1715758917024
1715758931942
1715758946881
1715758962102
1715758976971
1715758992118
1715759007001
1715759022007
1715759037014
1715759052044
1715759067032
1715759081991
1715759097127
1715759112005
1715759127091
1715759142091
1715759157037
1715759172073
1715759187116
1715759202107
1715759217014
1715759232133
1715759247123
1715759262119
1715759277225
1715759292102
1715759307062
1715759322168
1715759337105
1715759352238
1715759367203
1715759382145
1715759397123
1715759412131
1715759427199
1715759442083
1715759457228
1715759472223
1715759487194
1715759502181
1715759517164
1715759532197
1715759547271
1715759562205
1715759577280
1715759592187
1715759607312
1715759622040
1715759637279
1715759652189
1715759667240
1715759682281
1715759697238
1715759712249
1715759727288
1715759742371
1715759757290
1715759772407
1715759787385
1715759802318
1715759817408
1715759832216
1715759847517
1715759862410
1715759877280
1715759892310
1715759907372
1715759922225
1715759937372
1715759952394
1715759967416
1715759982345
1715759997368
1715760012488
1715760027559
1715760042452
1715760057376
1715760072360
1715760087389
1715760102338
1715760117326
1715760132470
1715760147590
1715760162460
1715760177509
1715760192450
1715760207459
1715760222484
1715760237660
1715760252454
1715760267527
1715760282358
1715760297454
1715760312621
1715760327624
1715760342595
1715760357598
1715760372549
1715760387503
1715760402700
1715760417519
1715760432671
1715760447613
1715760462651
1715760477520
1715760492504
1715760507628
1715760522578
1715760537563
1715760552544
1715760567608
1715760582737
1715760597604
1715760612759
1715760627645
1715760642547
1715760657605
1715760672647
1715760687587
1715760702671
1715760717702
1715760732632
1715760747610
1715760762793
1715760777642
1715760792647
1715760807764
1715760822749
1715760837696
1715760852821
1715760867694
1715760882782
1715760897852
1715760912820
1715760927736
1715760942797
1715760957797
1715760972894
1715760987783
1715761002839
1715761017810
1715761032842
1715761047805
1715761062826
1715761077801
1715761092880
1715761107917
1715761122905
1715761137856
1715761152797
1715761167879
1715761182787
1715761197824
1715761213014
1715761227798
1715761242898
1715761257990
1715761272881
1715761287998
1715761302962
1715761317850
1715761332943
1715761347901
1715761362924
1715761378128
1715761392928
1715761407970
1715761422999
1715761437901
1715761453062
1715761467974
1715761482977
1715761497844
1715761513017
1715761528087
1715761542985
1715761558033
1715761572871
1715761587968
1715761602937
1715761617922
1715761632968
1715761647985
1715761663016
1715761677948
1715761693031
1715761708072
1715761723109
1715761738036
1715761753175
1715761768063
1715761783077
1715761798276
1715761812963
1715761828117
1715761843163
1715761858038
1715761873166
1715761888158
1715761903191
1715761918229
1715761933245
1715761948121
1715761963127
1715761978216
1715761993133
1715762008235
1715762023201
1715762038231
1715762053255
1715762068269
1715762083162
1715762098230
1715762113192
1715762128250
1715762143250
1715762158316
1715762173290
1715762188196
1715762203268
1715762218282
1715762233251
1715762248285
1715762263241
1715762278275
1715762293405
1715762308312
1715762323295
1715762338379
1715762353330
1715762368405
1715762383443
1715762398374
1715762413334
1715762428304
1715762443351
1715762458341
1715762473573
1715762488441
1715762503363
1715762518482
1715762533429
1715762548363
1715762563468
1715762578336
1715762593351
1715762608457
1715762623361
1715762638427
1715762653414
1715762668438
1715762683363
1715762698444
1715762713411
1715762728478
1715762743670
1715762758555
1715762773497
1715762788478
1715762803520
1715762818497
1715762833595
1715762848470
1715762863520
1715762878650
1715762893557
1715762908607
1715762923565
1715762938587
1715762953527
1715762968645
1715762983713
1715762998561
1715763013636
1715763028615
1715763043591
1715763058626
1715763073579
1715763088552
1715763103884
1715763118585
1715763133828
1715763148567
1715763163572
1715763178729
1715763193712
1715763208706
1715763223664
1715763238712
1715763253604
1715763268803
1715763283720
1715763298641
1715763313668
1715763328802
1715763343642
1715763358653
1715763373738
1715763388694
1715763403665
1715763418815
1715763433959
1715763448715
1715763463756
1715763478845
1715763493767
1715763508858
1715763523797
1715763538864
1715763553739
1715763568795
1715763583782
1715763599009
1715763613762
1715763628973
1715763643861
1715763658757
1715763673816
1715763688760
1715763703874
1715763718921
1715763733984
1715763748931
1715763763872
1715763778873
1715763793990
1715763808861
1715763823918
1715763838990
1715763853818
1715763868904
1715763883891
1715763898976
1715763913998
1715763928994
1715763943974
1715763958894
1715763973938
1715763988903
1715764004063
1715764019000
1715764033909
1715764049072
1715764064010
1715764079019
1715764094063
1715764108989
1715764124015
1715764139067
1715764153991
1715764169070
1715764184095
1715764199070
1715764214032
1715764229047
1715764244051
1715764259073
1715764274297
1715764289141
1715764304224
1715764319098
1715764334149
1715764349072
1715764364348
1715764379179
1715764394173
1715764409230
1715764424034
1715764439074
1715764454177
1715764469082
1715764484135
1715764499230
1715764514143
1715764529146
1715764544189
1715764559127
1715764574583
1715764589194
1715764604147
1715764619097
1715764634222
1715764649226
1715764664122
1715764679179
1715764694046
1715764709126
1715764724304
1715764739154
1715764754164
1715764769296
1715764784153
1715764799207
1715764814308
1715764829271
1715764844261
1715764859338
1715764874274
1715764889257
1715764904247
1715764919316
1715764934341
1715764949333
1715764964253
1715764979346
1715764994321
1715765009299
1715765024332
1715765039380
1715765054325
1715765069346
1715765084402
1715765099298
1715765114289
1715765129370
1715765144393
1715765159353
1715765174303
1715765189348
1715765204383
1715765219404
1715765234416
1715765249304
1715765264496
1715765279460
1715765294427
1715765309406
1715765324425
1715765339470
1715765354677
1715765369393
1715765384478
1715765399560
1715765414476
1715765429510
1715765444511
1715765459564
1715765474637
1715765489583
1715765504496
1715765519564
1715765534555
1715765549533
1715765564562
1715765579653
1715765594657
1715765609554
1715765624718
1715765639592
1715765654597
1715765669578
1715765684579
1715765699549
1715765714728
1715765729612
1715765744665
1715765759686
1715765774678
1715765789652
1715765804659
1715765819788
1715765834668
1715765849784
1715765864863
1715765879722
1715765894773
1715765909661
1715765924640
1715765939768
1715765954660
1715765969685
1715765984953
1715765999685
1715766014708
1715766029730
1715766044671
1715766059713
1715766074787
1715766089754
1715766104746
1715766119758
1715766134783
1715766149752
1715766164818
1715766179817
1715766194805
1715766209878
1715766224890
1715766239825
1715766254901
1715766269887
1715766284761
1715766299872
1715766314917
1715766329805
1715766344951
1715766359879
1715766374857
1715766389910
1715766404886
1715766419906
1715766434981
1715766449905
1715766464884
1715766479941
1715766494900
1715766509972
1715766524943
1715766539951
1715766555048
1715766570069
1715766585110
1715766600040
1715766615025
1715766629912
1715766645013
1715766660057
1715766675010
1715766690087
1715766705037
1715766720030
1715766735071
1715766750042
1715766764993
1715766780095
1715766795144
1715766809939
1715766825068
1715766840116
1715766855140
1715766870051
1715766885092
1715766900105
1715766915118
1715766930267
1715766945152
1715766960137
1715766975202
1715766990146
1715767005090
1715767020218
1715767035065
1715767050195
1715767065196
1715767080079
1715767095270
1715767110251
1715767125190
1715767140238
1715767155220
1715767170229
1715767185236
1715767200335
1715767215173
1715767230200
1715767245269
1715767260187
1715767275188
1715767290351
1715767305274
1715767320202
1715767335320
1715767350297
1715767365286
1715767380245
1715767395261
1715767410305
1715767425347
1715767440300
1715767455296
1715767470357
1715767485328
1715767500489
1715767515365
1715767530374
1715767545422
1715767560378
1715767575294
1715767590384
1715767605334
1715767620336
1715767635396
1715767650393
1715767665395
1715767680520
1715767695464
1715767710444
1715767725426
1715767740578
1715767755360
1715767770372
1715767785551
1715767800396
1715767815501
1715767830438
1715767845485
1715767860452
1715767875564
1715767890523
1715767905362
1715767920561
1715767935477
1715767950564
1715767965608
1715767980495
1715767995462
1715768010647
1715768025616
1715768040514
1715768055547
1715768070631
1715768085665
1715768100767
1715768115581
1715768130551
1715768145604
1715768160654
1715768175644
1715768190678
1715768205653
1715768220654
1715768235674
1715768250605
1715768265606
1715768280694
1715768295586
1715768310579
1715768325637
1715768340659
1715768355718
1715768370741
1715768385704
1715768400727
1715768415705
1715768430853
1715768445703
1715768460706
1715768475775
1715768490690
1715768505794
1715768520860
1715768535626
1715768550826
1715768565805
1715768580984
1715768595837
1715768610838
1715768625774
1715768640983
1715768655772
1715768670754
1715768685884
1715768700830
1715768715732
1715768730883
1715768745808
1715768760783
1715768775867
1715768790833
1715768805833
1715768820924
1715768835769
1715768850849
1715768865900
1715768880856
1715768895909
1715768911051
1715768925918
1715768940871
1715768956024
1715768970919
1715768985930
1715769001016
1715769015882
1715769031027
1715769046004
1715769060995
1715769075880
1715769091149
1715769105993
1715769120935
1715769135998
1715769151068
1715769165955
1715769181083
1715769195970
1715769210976
1715769226126
1715769241101
1715769256072
1715769271053
1715769286056
1715769301032
1715769316146
1715769331092
1715769346150
1715769361117
1715769376156
1715769390970
1715769406155
1715769421123
1715769436056
1715769451184
1715769466183
1715769481131
1715769496090
1715769511119
1715769526129
1715769541200
1715769556120
1715769571053
1715769586153
1715769601081
1715769616108
1715769631147
1715769646065
1715769661148
1715769676171
1715769691138
1715769706178
1715769721216
1715769736108
1715769751165
1715769766197
1715769781127
1715769796270
1715769811278
1715769826174
1715769841244
1715769856229
1715769871256
1715769886233
1715769901283
1715769916276
1715769931187
1715769946289
1715769961282
1715769976302
1715769991342
1715770006285
1715770021290
1715770036343
1715770051272
1715770066342
1715770081394
1715770096297
1715770111305
1715770126418
1715770141282
1715770156304
1715770171397
1715770186381
1715770201385
1715770216380
1715770231348
1715770246393
1715770261398
1715770276387
1715770291348
1715770306466
1715770321341
1715770336370
1715770351471
1715770366369
1715770381436
1715770396393
1715770411357
1715770426394
1715770441515
1715770456456
1715770471414
1715770486536
1715770501532
1715770516440
1715770531545