317
202
133
160
83
221
332
170
149
211
254
164
340
202
151
200
215
146
348
190
130
248
170
90
312
215
172
256
259
180
274
207
187
128
199
171
285
189
125
211
121
187
298
205
121
196
222
205
296
203
124
229
161
203
305
229
143
128
126
197
332
201
190
219
268
163
282
215
162
159
114
142
287
221
169
194
201
173
304
211
169
217
200
181
309
215
194
191
168
102
301
190
135
142
167
171
270
141
196
282
184
124
327
218
137
135
226
252
286
220
117
217
209
152
281
221
120
150
237
197
297
196
125
220
223
157
310
212
170
190
249
111
339
200
162
204
193
158
305
183
140
191
248
143
291
216
111
128
93
287
352
200
169
188
187
203
302
183
203
189
246
220
309
205
114
228
188
210
319
189
146
208
257
200
310
210
151
194
205
179
277
226
155
121
125
231
296
219
114
213
200
154
327
185
193
186
254
216
320
228
228
181
203
147
317
193
179
245
177
170
294
219
116
200
239
234
317
164
207
108
186
191
302
189
152
218
222
195
293
220
161
148
212
191
300
215
137
233
211
180
291
253
151
191
263
130
327
182
143
162
298
236
332
209
124
191
253
177
304
210
154
196
221
188
304
212
146
241
243
137
318
224
124
316
240
113
308
183
137
158
214
186
305
198
137
211
214
217
298
226
117
184
202
159
255
218
179
161
180
159
308
220
111
190
216
188
283
215
141
210
247
196
356
197
129
225
260
151
322
221
183
177
272
226
304
226
142
213
253
155
298
193
162
228
257
190
307
212
124
231
240
221
316
211
129
237
268
103
312
184
158
191
225
175
318
207
176
176
157
229
290
212
116
150
215
227
296
207
163
198
202
173
311
215
217
181
252
125
316
211
182
165
211
186
309
224
162
244
179
179
308
192
148
184
221
168
302
211
159
201
227
204
309
224
147
259
185
136
318
247
123
134
151
227
298
207
160
273
197
163
306
194
165
237
190
156
278
215
166
184
146
187
317
229
155
196
261
201
280
189
126
162
88
91
305
221
144
181
233
179
303
194
158
185
278
215
282
166
188
200
242
114
276
212
126
238
224
137
323
224
126
110
162
268
306
229
163
177
258
175
311
225
171
131
279
209
347
190
135
191
209
213
278
246
156
217
150
196
302
211
119
133
80
226
294
210
150
197
242
180
298
198
180
226
138
152
324
204
152
213
225
163
307
214
121
211
170
147
315
220
118
197
232
157
301
217
115
159
279
200
302
214
137
195
227
195
270
206
147
174
214
180
311
205
137
196
197
173
311
218
151
167
185
176
282
206
133
156
203
217
350
211
126
207
249
183
297
177
126
170
203
225
284
184
166
227
213
180
301
240
169
192
257
117
269
196
153
196
211
178
298
212
175
155
227
150
307
186
144
160
207
191
279
227
187
163
136
121
313
200
146
223
253
183
299
191
133
154
224
233
309
192
139
119
212
221
307
225
147
184
241
187
279
210
160
205
245
199
301
197
161
195
216
196
279
226
141
126
214
245
309
207
144
203
259
108
301
202
130
201
193
218
299
187
216
153
217
157
284
235
126
99
189
213
301
214
143
202
243
175
311
191
151
215
305
173
265
240
181
160
253
264
307
209
141
163
278
300
286
248
192
203
268
222
332
211
189
230
228
229
308
223
184
223
240
169
304
230
185
199
236
186
283
200
165
268
261
249
304
205
214
211
158
217
317
227
215
215
303
245
303
220
177
216
270
209
337
196
177
242
245
216
310
195
147
239
269
172
274
230
145
149
279
242
311
189
145
155
190
266
288
208
180
217
187
294
306
215
196
244
281
191
305
312
154
183
306
303
271
219
207
220
222
259
308
284
220
208
247
160
291
221
183
260
202
252
326
184
194
325
232
204
312
256
234
257
204
230
286
231
170
218
276
246
297
241
193
236
219
184
316
243
176
272
266
227
297
206
172
189
276
193
284
201
179
215
249
247
300
217
142
185
188
294
329
197
191
195
244
246
320
235
174
228
237
214
311
219
162
291
228
235
300
209
156
252
280
172
313
212
158
285
245
199
306
217
175
215
295
260
326
221
146
156
241
288
305
191
180
229
306
218
318
241
236
182
260
166
295
238
186
214
294
173
327
226
186
327
204
225
300
215
150
154
187
283
297
195
220
238
270
140
295
224
193
239
247
198
320
182
170
266
261
186
300
211
189
258
251
254
304
215
179
254
189
213
268
232
140
198
259
274
274
225
172
246
232
253
274
241
180
216
248
239
300
219
146
291
291
118
302
198
127
247
231
211
323
240
193
158
302
222
309
232
190
219
220
245
328
216
142
118
146
240
300
237
184
209
323
233
305
224
219
225
266
189
291
222
131
221
250
240
295
196
184
244
273
243
345
194
159
166
261
240
326
97
212
183
230
194
305
244
184
191
247
257
332
176
206
224
333
276
315
204
184
237
242
279
286
203
146
161
239
308
309
194
142
233
248
176
321
197
195
210
265
211
302
202
199
232
300
219
296
199
149
155
98
175
324
258
223
250
254
106
319
218
188
249
243
300
301
283
238
239
282
274
307
262
145
228
206
242
317
112
253
180
220
279
339
234
181
222
253
162
313
219
190
246
239
233
285
242
181
243
259
171
293
220
188
240
298
178
309
201
174
230
210
211
320
193
179
223
294
231
304
218
201
227
299
260
299
203
181
188
227
216
311
177
137
226
234
201
281
232
163
265
236
136
301
231
147
164
207
350
311
208
163
238
227
234
312
223
196
224
258
281
295
215
149
178
258
271
272
235
175
230
211
241
322
233
175
226
269
158
339
188
197
234
362
213
302
195
144
258
247
236
293
229
205
240
270
238
286
208
172
212
212
205
310
240
177
241
213
243
292
202
219
132
235
300
303
227
200
114
241
233
309
214
181
241
251
273
298
112
228
215
225
230
286
236
145
155
249
315
315
220
212
195
153
239
278
207
227
233
250
269
283
178
225
274
210
196
303
193
211
236
245
266
297
194
161
239
252
173
281
201
204
212
277
279
309
216
194
289
230
201
304
228
152
237
230
302
302
203
162
147
248
202
291
192
165
238
226
234
386
196
182
264
203
170
311
190
155
170
246
314
310
220
184
241
149
243
296
212
213
260
162
278
292
200
204
190
219
187
323
231
171
222
282
226
312
187
198
243
242
275
341
194
196
162
278
248
351
222
150
233
239
208
302
242
213
201
246
258
316
224
194
118
295
278
302
232
189
299
241
218
319
207
218
194
264
260
313
227
132
163
219
364
349
196
160
354
196
231
293
198
204
143
234
265
314
222
158
205
323
262
295
236
180
295
248
237
319
202
174
270
277
242
291
208
158
154
286
278
341
200
198
224
280
169
287
247
181
186
218
274
300
203
210
275
310
229
310
224
153
240
230
162
313
199
187
283
190
135
273
231
165
165
96
301
294
200
187
295
185
209
316
202
261
197
246
182
281
202
202
123
274
314
308
221
204
273
258
233
298
247
205
240
207
221
305
243
188
217
219
266
222
268
194
192
233
207
303
212
142
253
273
196
303
221
166
143
268
262
324
226
274
220
272
112
308
240
289
252
236
142
298
208
160
329
186
147
279
226
157
239
253
259
334
188
180
266
317
235
290
240
146
216
267
242
345
187
194
279
288
298
308
221
113
173
239
238
270
220
208
227
264
239
278
237
175
275
311
128
316
198
212
220
303
199
302
199
123
142
238
290
269
226
144
140
104
247
316
206
145
184
272
185
293
206
157
236
279
326
302
199
141
207
325
257
306
222
167
251
334
331
288
137
222
282
185
146
316
211
174
220
219
227
302
204
189
324
284
251
270
230
186
283
235
190
280
235
211
211
230
205
305
203
133
236
244
289
306
199
153
174
275
291
318
216
149
181
323
267
280
211
205
200
317
253
316
194
157
240
306
201
300
230
190
215
255
297
295
186
172
238
286
322
291
239
204
137
241
393
306
204
124
260
248
275
275
246
170
201
262
242
318
204
199
233
281
298
350
198
196
253
337
209
300
235
171
231
202
248
318
195
157
145
262
368
305
204
163
288
233
202
304
220
192
240
272
299
309
225
147
252
275
197
295
208
154
273
277
204
278
225
201
276
172
154
321
207
179
300
253
246
306
238
157
264
340
226
309
222
181
206
283
204
319
200
151
254
259
217
280
224
207
337
181
123
289
215
223
248
232
213
307
185
204
240
261
200
318
212
171
253
264
229
266
206
171
258
298
148
288
210
164
225
212
232
313
211
163
236
258
203
270
224
170
255
182
225
291
205
175
166
280
362
352
224
141
239
300
229
316
206
188
214
240
214
287
229
170
239
243
216
323
163
262
216
272
145
295
229
174
287
186
231
313
187
143
158
206
267
304
237
181
141
263
250
296
209
181
148
260
320
310
238
217
248
175
150
301
231
172
227
344
151
322
227
155
273
275
253
299
223
169
284
232
140
320
238
189
215
288
321
281
234
207
141
269
308
310
186
173
169
253
256
311
212
183
191
243
237
317
212
176
316
239
287
315
243
186
233
273
288
324
195
129
253
312
228
322
212
133
166
262
288
321
232
163
242
288
190
296
242
267
160
289
271
306
223
142
147
255
224
324
206
168
254
237
208
308
198
163
284
227
241
304
201
189
241
263
192
308
228
141
246
313
285
315
228
187
199
242
203
306
207
175
258
244
251
282
222
183
209
309
264
309
202
222
199
244
210
309
208
152
206
220
274
310
223
168
236
261
170
323
203
210
271
217
246
302
212
216
223
278
325
316
201
184
229
266
210
297
208
225
225
205
281
289
224
193
212
247
204
320
115
305
182
288
275
308
193
184
248
296
195
301
212
196
252
269
223
317
244
145
227
302
266
300
225
191
200
238
207
309
230
157
160
244
203
278
196
209
141
243
357
309
230
165
229
230
182
343
193
143
239
266
254
293
230
186
166
241
260
275
230
159
191
266
250
322
233
177
284
210
203
283
229
172
236
239
238
319
194
195
246
275
230
270
230
187
154
289
308
305
230
208
226
174
217
304
226
220
149
244
261
314
216
144
266
264
275
338
183
184
215
225
291
312
206
178
238
261
190
299
218
194
223
226
197
301
222
174
229
317
252
267
211
196
192
152
202
317
208
152
253
250
200
304
204
180
240
215
232
199
190
178
202
264
300
277
232
143
283
289
182
317
248
216
176
302
265
314
197
156
239
139
106
277
235
177
239
306
237
276
225
193
299
227
271
295
234
180
197
350
218
301
205
187
286
286
271
300
205
178
135
192
287
311
207
156
341
213
203
291
225
174
217
213
264
293
229
178
152
321
253
305
199
161
241
178
190
295
246
162
277
161
277
310
202
173
193
196
269
351
189
146
225
289
269
321
220
138
256
228
287
353
238
268
201
261
188
302
229
212
188
261
245
317
237
178
217
266
234
281
168
217
239
259
115
302
234
164
243
259
221
317
198
182
213
244
229
297
277
180
270
235
169
295
196
164
314
237
225
310
232
155
161
245
245
297
218
190
238
223
230
302
247
246
244
169
210
334
212
211
232
263
225
304
227
177
218
211
276
293
235
129
184
183
375
311
207
155
264
252
236
328
200
199
236
333
183
290
196
169
237
275
198
304
209
196
337
186
191
287
230
195
210
278
206
300
239
156
263
283
175
275
238
187
317
195
233
296
203
169
178
260
297
293
215
194
245
249
315
305
245
162
235
299
315
276
244
163
219
271
204
316
178
155
266
272
239
301
230
129
194
209
308
317
244
280
227
151
147
311
226
174
269
211
269
316
193
181
274
252
197
282
223
180
200
222
219
301
210
156
179
146
333
314
243
166
220
367
299
317
256
126
156
281
251
312
213
144
171
251
282
278
212
166
181
312
323
283
234
185
185
204
299
301
207
123
301
250
267
266
211
170
240
288
212
285
228
184
234
317
207
300
230
192
208
249
230
286
194
193
140
142
238
319
246
156
272
192
143
246
128
240
117
123
304
195
150
196
170
304
303
236
182
204
294
216
272
203
172
205
220
200
290
203
146
240
257
215
299
203
179
229
271
173
320
227
249
247
282
115
298
241
212
228
224
220
245
177
196
219
260
319
297
234
180
268
298
236
295
232
162
136
246
314
307
211
179
229
273
218
294
222
182
230
287
322
312
237
138
203
274
279
304
225
169
272
265
215
346
203
170
256
247
247
285
229
197
226
241
182
330
210
171
196
293
240
316
234
132
186
179
264
282
203
170
263
308
216
280
209
180
218
226
196
268
241
233
206
207
182
311
235
176
296
235
138
318
236
183
196
252
274
315
225
192
219
231
185
311
214
129
266
235
189
276
275
185
290
265
106
315
219
136
167
211
219
288
230
150
250
267
218
307
200
189
153
183
289
283
202
136
167
258
287
276
226
166
225
212
316
295
237
232
238
204
145
303
272
187
280
209
237
314
234
185
226
382
196
352
193
173
236
239
155
302
236
159
234
225
269
304
224
202
268
285
353
304
226
153
326
243
243
309
231
200
209
299
243
257
201
257
189
141
201
290
226
192
275
219
239
256
246
179
211
219
227
296
221
189
313
218
151
329
203
150
259
257
293
322
246
168
274
331
222
308
205
167
290
282
244
321
236
234
180
212
199
315
206
212
233
234
166
283
199
154
248
244
198
306
217
186
272
253
149
301
203
158
225
292
261
295
197
151
173
249
221
271
232
174
210
240
194
353
232
191
241
226
247
316
145
142
253
260
177
298
222
235
228
250
176
317
242
193
264
201
308
301
206
197
326
178
213
306
216
167
190
225
234
321
203
173
247
279
275
312
234
188
196
169
246
291
246
141
168
287
316
315
256
271
276
243
148
292
244
159
239
291
213
305
236
194
133
273
316
302
203
167
143
228
275
315
238
154
250
295
303
298
192
170
255
236
243
305
226
147
209
306
207
294
196
135
188
201
269
295
232
180
282
286
103
300
186
195
229
297
183
303
206
187
206
303
214
304
218
172
169
232
286
275
216
216
201
257
304
299
234
170
241
269
257
301
216
139
175
221
276
306
223
186
258
207
298
321
192
211
228
257
228
293
193
159
232
295
129
337
176
150
236
275
202
273
213
191
204
313
255
312
231
220
248
223
222
304
224
187
182
213
278
308
195
186
259
246
225
300
223
178
262
262
212
299
196
162
333
195
212
329
189
235
266
180
197
304
227
143
229
222
206
282
221
186
279
221
238
314
203
179
224
263
245
310
217
191
211
280
218
271
206
205
225
250
170
298
244
221
258
186
183
283
229
235
209
237
190
316
227
182
290
267
345
297
213
150
151
209
253
291
203
162
304
230
230
307
245
224
211
186
217
302
354
198
243
268
319
303
199
158
257
263
211
301
234
177
257
280
255
302
219
143
277
200
241
304
190
195
156
228
305
303
207
134
229
152
241
307
236
180
326
197
249
310
225
176
321
214
222
287
215
197
219
214
284
289
234
249
282
140
153
282
234
197
192
228
282
303
198
145
244
237
240
271
204
169
263
285
232
312
300
180
251
221
188
291
221
197
239
243
300
264
217
154
197
318
283
311
193
167
278
257
226
334
223
219
148
134
252
303
228
137
257
257
220
301
214
205
256
231
275
317
193
136
269
299
243
316
210
171
233
256
219
293
248
174
125
251
303
296
196
162
206
263
205
296
197
186
246
290
287
319
203
174
230
279
254
280
200
132
251
240
245
326
175
139
242
267
176
327
208
204
233
257
214
339
200
183
170
279
311
337
217
182
251
255
217
314
222
194
145
237
320
292
237
158
225
253
225
293
251
111
341
209
152
300
223
304
149
239
225
301
203
178
238
277
241
304
237
184
217
322
268
293
239
176
232
227
226
274
218
151
176
101
175
329
189
179
268
223
232
314
229
144
207
220
257
312
236
155
245
252
205
314
204
173
155
306
278
296
222
135
171
263
242
305
188
158
240
208
254
284
209
190
167
268
247
307
231
205
208
296
275
306
200
139
138
295
267
329
195
167
254
218
177
303
232
186
278
328
243
305
219
168
244
261
306
308
201
213
228
251
261
279
241
220
233
281
112
267
84
162
152
278
253
316
214
152
284
301
211
319
222
176
262
283
238
304
208
146
241
285
305
333
209
161
246
190
290
314
231
178
261
221
241
305
239
166
285
198
220
215
290
167
238
252
204
320
210
168
252
240
178
323
216
135
201
261
208
305
235
138
169
267
297
335
205
144
177
310
253
300
203
185
226
331
249
306
211
185
239
266
335
294
227
176
204
229
272
264
220
182
170
272
314
302
199
178
266
278
269
349
202
150
189
241
205
303
205
161
213
250
242
301
226
227
217
233
181
307
229
194
144
316
284
277
215
173
186
155
320
263
201
160
211
269
254
278
209
195
222
320
209
310
191
176
283
202
205
301
206
168
242
184
351
287
261
235
223
209
357
263
223
221
224
252
271
293
217
182
276
222
217
296
221
198
272
206
205
298
189
196
241
247
254
304
204
174
221
281
293
335
191
192
238
233
150
265
235
183
127
245
295
314
205
162
282
337
230
287
228
190
236
233
254
281
193
216
239
227
222
311
172
160
247
265
219
305
198
187
226
269
267
301
240
180
231
271
253
306
226
184
242
215
179
301
215
175
243
280
220
314
195
140
229
261
219
289
231
180
258
242
311
304
219
195
293
253
228
284
227
182
188
237
250
351
186
186
228
242
320
311
213
187
152
282
296
298
209
158
314
292
146
300
200
158
238
278
319
301
202
183
280
280
137
290
199
211
220
252
222
329
182
149
248
180
251
292
225
175
361
311
125
301
231
174
250
212
290
311
190
172
218
233
268
284
196
145
250
273
245
314
224
178
248
248
179
307
228
190
290
172
185
287
205
178
249
246
360
282
228
186
216
235
271
301
216
219
215
321
151
317
214
162
139
321
304
320
240
171
279
261
184
298
224
187
289
232
232
317
239
197
197
294
238
321
188
146
177
237
288
216
282
191
227
201
271
324
260
173
196
319
193
318
190
131
168
258
269
311
229
154
252
299
210
331
225
183
239
274
296
304
199
191
243
321
238
321
227
136
264
297
161
315
197
166
231
238
253
311
209
176
200
307
183
317
214
149
249
262
202
308
238
187
200
261
175
315
212
186
197
236
191
293
207
193
238
291
239
304
214
199
236
216
224
306
185
155
233
284
251
334
213
196
229
274
226
326
208
178
227
269
248
303
221
177
227
295
304
277
229
140
158
242
250
277
218
187
214
218
209
325
159
244
215
284
161
314
203
180
250
292
259
300
211
109
223
267
325
284
209
162
239
221
196
313
244
179
252
212
228
317
207
172
232
238
202
286
237
155
265
263
296
306
237
224
312
180
168
302
216
139
255
183
245
308
234
140
240
292
253
279
237
173
250
263
217
302
246
207
222
329
228
316
213
168
227
268
203
274
239
185
220
226
208
321
209
183
241
288
329
291
229
175
240
402
211
282
241
182
275
246
236
309
209
188
227
242
193
326
246
215
258
163
241
303
246
203
206
274
356
289
230
233
294
244
139
317
212
171
261
196
200
279
223
173
144
234
309
289
236
182
171
234
272
304
233
116
171
238
274
307
219
173
237
285
237
294
237
218
234
214
178
300
222
187
244
254
164
310
235
175
248
278
181
290
235
136
212
294
281
271
246
192
222
302
223
315
193
133
169
197
291
298
218
147
276
231
211
289
216
187
231
238
365
296
205
174
257
231
257
332
205
177
226
280
274
323
223
198
231
277
370
294
242
215
237
181
151
321
231
154
258
277
275
312
200
211
215
232
199
264
231
183
237
281
258
336
196
148
208
241
283
308
224
136
222
180
293
281
219
178
215
246
270
311
210
146
151
227
275
285
234
182
225
276
293
305
217
188
268
213
98
290
222
120
173
211
294
300
246
184
196
270
302
301
217
215
198
265
277
300
211
206
229
273
159
319
212
186
287
232
243
305
242
181
166
242
306
291
236
154
212
241
271
287
218
180
215
276
366
327
211
200
171
271
256
280
238
162
259
317
145
353
210
152
223
183
207
302
210
201
241
257
346
308
237
158
292
232
249
309
250
183
174
305
267
307
212
141
133
243
278
308
262
166
239
272
179
275
211
194
203
247
209
302
214
207
221
230
192
299
228
203
207
284
245
290
240
111
189
233
260
286
234
150
166
262
208
312
220
203
239
274
161
323
197
138
165
258
306
301
205
164
209
238
290
325
214
149
233
253
286
321
243
179
198
295
197
331
222
199
231
255
236
308
231
211
236
318
225
276
244
159
134
228
260
306
214
202
224
233
257
299
213
193
304
205
296
295
227
153
240
260
333
318
206
195
296
289
293
328
197
137
306
269
141
293
238
204
278
217
219
287
211
216
228
336
217
300
219
211
195
297
280
310
235
137
224
276
309
302
236
142
264
227
186
299
249
202
282
324
133
304
214
159
198
214
248
310
262
148
236
226
191
293
269
180
223
213
240
300
239
174
272
274
182
306
245
149
268
289
227
315
244
161
161
244
258
309
207
147
143
242
310
295
235
251
267
255
194
295
244
137
143
256
297
282
117
182
192
266
196
301
197
135
191
246
277
294
242
156
131
279
285
309
218
184
288
246
212
315
211
242
246
210
170
325
216
193
225
306
225
320
234
180
183
276
259
310
240
263
205
185
268
287
208
129
137
240
219
293
206
200
228
279
221
313
242
176
251
208
215
300
208
167
226
292
290
308
264
249
256
193
237
316
239
201
202
287
357
342
265
165
225
343
207
308
218
162
239
224
173
301
202
218
273
279
239
314
238
168
138
184
319
301
218
165
186
290
307
321
201
170
225
272
294
307
215
174
207
280
285
310
214
176
264
235
241
281
237
202
246
277
204
307
237
189
212
279
170
312
224
218
261
175
160
302
208
149
238
276
263
303
230
190
160
267
270
312
199
186
300
234
282
307
230
150
235
277
257
300
230
187
214
158
237
285
240
183
182
251
282
274
239
180
223
292
200
284
244
185
242
275
330
297
225
176
236
282
317
315
264
205
198
329
215
302
201
177
237
301
222
317
215
152
313
276
309
343
198
181
241
252
220
289
257
134
281
232
209
304
210
174
316
196
242
299
226
218
198
287
310
309
224
158
174
319
352
313
246
176
239
304
216
314
209
178
253
256
209
298
181
253
273
210
121
304
238
174
268
247
213
272
231
171
114
287
326
296
243
148
261
234
211
308
255
169
230
231
269
303
240
220
257
172
168
293
275
162
205
238
222
286
231
138
232
224
228
287
215
139
162
205
216
313
235
209
201
255
333
351
230
172
310
280
134
278
206
186
140
169
225
275
211
136
181
280
272
303
241
164
268
197
137
302
234
193
224
290
251
322
208
182
215
248
210
293
228
210
307
179
143
285
239
186
228
247
276
292
273
187
226
368
170
340
205
170
258
233
231
309
229
163
242
254
151
323
238
170
143
303
267
302
219
173
319
253
250
292
228
177
350
297
235
314
242
152
264
261
242
321
209
171
241
186
218
349
234
148
276
177
287
343
231
183
198
288
161
328
203
172
237
285
220
302
239
195
137
217
229
335
212
209
230
282
257
305
203
188
248
229
233
312
255
170
216
326
311
307
241
129
160
236
210
340
210
183
178
272
303
310
244
221
265
161
225
303
244
174
217
254
215
316
191
188
265
211
272
359
257
187
173
266
247
303
218
196
187
218
210
308
219
263
282
294
187
318
208
160
178
265
318
332
242
135
209
240
302
309
201
146
266
296
290
273
234
181
187
217
220
306
218
169
244
265
199
338
225
187
306
236
230
314
257
196
213
282
178
308
217
178
159
252
264
289
235
192
218
240
288
345
201
176
251
311
304
308
223
172
237
225
251
301
224
194
196
275
230
312
241
164
265
260
210
349
189
179
248
213
309
319
211
140
280
186
228
283
236
234
249
186
259
306
248
186
145
123
189
337
249
131
246
286
286
289
209
142
195
273
388
325
213
179
220
243
122
314
291
200
296
299
119
341
236
155
195
226
248
386
144
180
175
289
192
327
202
182
234
203
335
312
199
202
223
310
248
297
284
179
288
233
243
286
218
204
206
249
189
301
243
239
266
283
128
294
211
192
229
179
251
347
221
185
233
276
182
314
239
170
258
286
124
317
212
182
202
206
305
305
202
167
239
221
184
362
191
136
146
270
316
303
228
148
237
252
201
356
203
135
184
261
281
260
279
164
275
240
153
335
214
118
191
275
246
305
221
182
227
319
284
306
231
201
310
285
186
310
204
177
232
252
248
340
242
185
324
207
242
285
223
190
202
324
231
283
236
184
228
227
226
285
235
182
232
248
235
373
194
163
311
212
329
309
233
157
189
275
254
287
233
178
225
259
202
315
209
176
153
208
299
303
228
174
255
228
235
327
240
258
190
208
277
274
211
231
210
178
205
306
253
174
116
228
383
364
204
158
203
222
239
304
226
199
213
242
194
333
231
190
132
286
308
310
219
181
206
265
250
331
241
181
231
187
208
296
241
163
122
242
243
302
214
148
139
349
266
308
234
167
158
227
318
321
228
141
239
250
184
266
244
157
139
251
243
302
215
173
331
233
222
319
198
170
337
195
201
319
211
182
156
263
314
325
205
253
193
261
227
305
224
156
153
290
294
310
253
176
167
255
285
312
239
243
264
176
227
348
231
204
208
265
195
374
188
171
156
308
274
314
113
276
185
214
268
338
226
262
175
230
185
318
234
187
220
207
236
305
238
216
240
196
152
342
204
139
147
294
280
316
214
117
183
357
360
277
221
204
228
323
298
329
203
190
206
240
260
310
222
184
234
280
260
309
253
182
194
232
220
316
207
185
164
252
284
287
221
187
143
241
210
293
231
213
246
299
260
280
222
121
183
297
267
287
275
185
242
292
244
313
228
142
167
252
264
306
220
190
196
290
283
357
211
194
195
309
238
311
250
141
214
330
288
314
206
230
208
283
251
282
238
215
257
236
190
319
221
194
249
253
238
315
216
183
150
259
281
313
199
203
270
202
251
265
244
191
210
312
276
311
203
179
116
251
328
299
246
177
236
328
252
282
175
281
248
272
115
315
196
180
247
278
195
311
241
172
265
291
282
294
225
145
253
179
232
274
242
150
269
292
265
338
238
186
216
248
236
290
242
186
225
234
251
301
238
170
131
257
398
273
240
150
269
209
344
309
210
183
135
251
279
294
201
182
239
224
206
289
220
164
166
143
255
306
216
197
251
156
173
304
218
185
208
277
278
298
216
177
225
307
250
290
239
143
292
265
281
311
216
181
287
309
244
300
207
227
256
192
223
313
215
179
187
273
317
308
219
166
252
287
257
295
211
157
164
251
286
304
252
181
226
296
267
319
210
238
276
304
144
313
210
216
240
337
249
282
217
149
305
234
333
316
224
215
253
237
276
304
199
176
214
279
251
301
240
255
242
210
147
304
215
162
290
300
228
299
242
176
271
232
316
334
209
146
164
186
291
306
203
181
166
256
309
312
226
169
321
206
211
315
232
177
192
272
254
323
223
153
328
328
238
297
214
181
150
249
319
296
202
163
247
330
240
313
231
167
303
282
124
306
213
181
266
287
170
297
214
146
197
223
311
321
346
172
260
260
164
305
226
184
248
207
246
318
240
145
243
233
281
299
267
172
241
256
241
