start: end: 691
666
621
689
654
610
634
613
644
711
671
610
656
697
684
676
672
696
638
693
647
608
597
634
662
636
637
646
701
636
687
640
621
640
641
633
661
664
656
653
657
721
606
645
657
659
650
633
634
721
683
646
645
646
615
677
642
669
637
697
652
628
687
638
589
664
662
648
651
656
633
601
663
622
691
657
647
665
667
683
692
626
618
693
659
667
628
661
653
644
636
681
669
714
634
643
657
642
634
646
655
685
630
681
621
666
618
659
696
652
711
637
623
694
682
711
707
626
622
627
691
692
613
591
644
691
648
649
672
708
595
717
663
683
633
696
633
649
605
627
614
619
690
701
576
622
683
683
680
615
642
628
702
701
665
653
637
682
647
654
608
689
668
665
654
643
661
628
730
662
651
665
680
640
618
663
693
625
648
728
600
662
648
667
686
646
614
637
652
625
669
629
667
609
647
673
629
694
698
643
638
671
690
636
677
641
621
641
649
657
643
618
633
667
634
628
632
625
662
634
691
654
633
647
668
659
610
630
622
659
638
700
663
643
662
655
666
641
659
668
629
693
650
653
664
598
678
663
650
618
665
530
659
739
603
701
670
647
633
566
620
586
537
607
667
608
623
581
526
673
673
647
471
575
579
639
661
651
686
665
662
658
722
513
471
636
660
622
600
613
631
537
503
619
679
617
667
608
648
657
631
456
658
576
609
653
636
613
623
651
589
544
642
679
646
651
649
605
612
670
571
655
625
655
653
649
639
556
638
657
605
623
705
601
624
645
612
664
637
653
630
642
646
630
495
478
634
630
652
617
592
654
610
615
622
647
634
587
600
621
572
594
601
641
659
640
673
675
620
593
475
621
546
610
692
650
600
661
646
595
553
574
692
615
692
690
541
663
602
558
510
484
657
624
590
649
655
657
619
648
607
601
495
634
591
611
564
644
653
583
671
670
645
532
629
626
625
621
628
641
553
622
591
574
661
630
605
644
612
552
581
631
606
592
678
602
686
624
597
661
635
613
626
647
600
602
616
547
605
687
582
593
616
596
641
611
675
664
614
625
570
629
661
499
639
594
622
622
533
585
676
612
586
649
575
688
605
644
550
661
700
503
597
633
527
639
592
592
588
639
690
647
598
626
544
604
635
549
581
707
612
607
680
591
603
644
627
628
622
555
625
630
615
491
572
489
678
605
672
672
594
615
677
621
598
643
638
634
635
644
646
644
452
612
658
574
556
602
625
592
559
628
628
600
635
633
621
602
496
549
649
609
615
585
583
649
652
651
569
620
498
620
627
627
506
676
653
607
545
615
571
589
686
617
578
592
647
570
651
654
666
679
621
608
681
663
621
595
519
575
524
579
611
584
584
592
639
618
666
707
633
619
676
625
676
612
589
629
616
675
561
606
679
657
611
621
553
631
601
682
660
613
713
627
609
726
657
698
656
650
642
665
642
644
670
449
569
623
579
595
623
626
669
582
598
545
539
622
580
619
640
708
614
469
620
613
594
617
597
622
670
617
637
673
491
642
445
632
497
570
475
656
658
671
593
682
646
599
679
679
636
584
680
611
619
631
682
650
651
637
534
626
621
674
644
673
698
575
597
650
610
643
663
655
699
651
662
531
645
602
621
615
652
592
557
655
619
615
690
700
595
643
621
599
731
674
541
605
725
642
648
658
635
593
687
669
624
687
614
693
611
668
594
682
701
667
669
721
675
579
681
634
607
674
677
672
704
753
657
659
618
623
586
659
667
575
618
676
580
660
586
646
660
633
714
593
650
620
650
650
692
662
646
648
627
676
635
659
518
660
696
636
681
614
619
654
626
510
713
609
680
638
610
673
679
660
695
622
667
660
603
657
665
684
642
640
676
664
671
675
690
554
597
649
628
594
680
563
611
612
618
559
643
481
624
634
573
704
644
618
635
625
607
667
692
655
624
624
732
667
620
664
634
617
621
655
650
611
619
637
677
651
697
685
628
565
663
612
620
618
658
610
582
623
642
662
628
625
639
666
645
670
667
667
660
635
557
607
589
610
702
673
651
650
618
621
629
639
457
558
636
726
715
639
658
634
508
631
691
706
607
642
687
703
644
622
674
689
651
598
621
639
544
617
607
726
651
581
596
635
642
666
621
651
697
601
629
668
693
687
641
648
667
618
662
658
616
671
632
675
648
653
675
636
605
609
628
621
590
543
611
553
629
702
696
685
657
642
592
640
662
680
621
617
616
651
629
682
668
676
677
657
684
679
628
683
681
629
587
630
743
712
691
579
640
600
628
560
553
483
