286
210
193
240
283
142
320
263
161
193
263
179
295
208
172
315
242
223
293
218
147
300
250
217
334
230
194
292
206
256
316
241
214
239
220
215
333
227
197
226
270
259
329
235
178
315
214
212
333
234
233
287
210
340
294
242
158
108
217
292
315
212
211
247
265
222
311
225
139
171
209
291
329
240
167
222
245
323
305
237
164
207
291
355
324
233
168
259
216
289
321
244
256
256
230
341
322
233
167
181
311
300
303
242
212
195
208
313
315
234
189
234
285
260
319
251
258
240
261
206
289
226
195
149
256
241
337
254
249
267
212
191
317
237
184
142
298
235
335
235
173
236
266
265
318
241
174
221
274
271
313
210
260
274
216
196
313
222
179
212
260
300
316
217
203
218
272
384
329
207
154
163
290
295
299
222
183
294
265
178
311
233
174
261
221
305
316
239
292
299
219
250
308
268
199
233
311
181
297
234
172
310
289
171
305
240
202
190
276
204
344
254
157
216
242
264
333
197
198
147
117
175
321
233
179
182
301
236
346
197
205
282
226
235
319
223
173
236
252
170
304
216
161
148
336
320
328
239
151
235
252
360
313
236
163
156
274
272
310
236
255
311
275
141
335
244
211
254
197
192
346
216
214
195
217
209
289
234
193
262
302
226
329
238
246
264
238
162
307
231
186
221
233
244
315
204
171
258
205
236
314
247
197
327
182
161
318
235
125
240
286
289
317
245
177
256
266
316
283
218
235
275
271
272
334
227
230
273
262
194
310
215
161
159
237
283
328
238
171
230
233
242
298
256
169
202
261
257
325
235
178
239
278
347
311
238
203
288
278
240
284
265
288
239
159
191
318
243
124
285
267
364
319
214
181
250
318
173
304
241
212
279
227
174
311
224
165
136
321
328
291
239
209
235
224
369
283
217
201
267
252
248
264
257
187
325
221
174
310
225
170
249
203
171
312
217
185
312
295
176
424
161
246
248
224
190
286
248
175
310
241
148
273
230
149
138
302
304
311
193
203
233
246
175
321
232
161
342
227
214
311
198
166
183
284
434
339
193
203
271
250
147
310
236
303
259
267
237
271
249
221
212
277
323
280
110
289
159
148
266
277
234
211
171
327
258
319
245
293
209
224
346
345
202
174
270
294
278
311
230
168
275
217
193
274
230
184
228
202
259
311
205
213
252
259
179
322
229
278
233
235
379
382
178
195
223
237
184
346
212
134
178
282
414
307
245
225
270
212
253
312
243
158
184
235
310
335
237
182
156
234
316
349
209
162
293
294
255
301
230
190
272
316
123
351
208
250
254
313
128
286
239
193
217
343
290
315
210
314
229
207
164
275
244
201
228
297
194
315
208
158
195
260
390
352
193
160
247
310
179
330
215
206
231
250
366
315
217
173
241
286
138
319
232
188
328
197
154
295
240
187
275
258
325
313
209
185
245
289
282
335
209
185
207
285
327
334
198
180
257
248
213
297
217
185
233
286
287
317
249
184
236
327
253
325
309
183
254
293
233
283
262
250
250
201
278
338
214
143
200
149
287
347
221
192
216
258
278
302
288
230
271
319
314
299
226
198
252
265
361
312
222
184
252
263
266
337
204
174
265
296
278
337
215
171
236
250
250
340
235
184
272
244
266
338
204
190
223
286
406
323
266
235
290
283
163
330
280
259
213
262
240
308
247
191
314
282
289
311
217
178
245
318
257
338
215
203
229
277
244
337
219
196
223
279
358
294
249
251
226
247
288
324
239
209
232
248
289
314
232
191
195
269
344
319
208
188
228
247
298
298
235
282
258
273
140
327
217
161
306
220
174
324
223
184
307
329
348
329
214
260
250
254
180
293
242
200
236
219
272
331
250
216
182
208
256
302
214
183
267
299
291
302
235
159
176
306
435
311
248
230
219
317
314
327
274
185
236
258
277
328
225
222
261
310
207
351
234
267
292
182
186
325
223
179
248
267
390
283
223
217
235
236
212
303
237
216
284
208
204
288
241
140
184
212
311
310
296
229
248
216
172
304
253
191
253
239
302
293
211
156
123
347
293
301
207
177
167
252
246
299
220
178
251
258
180
298
204
268
208
293
165
314
243
181
267
259
360
292
246
203
259
240
180
291
209
192
265
259
225
311
217
178
155
277
287
341
202
210
278
343
239
299
207
168
214
299
292
294
214
204
278
209
154
316
233
193
261
352
314
345
193
166
227
230
222
322
210
210
196
331
231
276
234
182
130
354
308
296
225
224
229
198
133
332
198
202
280
213
158
343
213
209
247
347
256
309
244
192
287
290
181
313
217
195
263
269
348
321
231
194
244
228
277
296
242
182
238
255
273
288
242
235
222
293
315
306
234
248
233
199
310
293
254
168
157
112
330
312
242
183
257
276
246
280
233
225
250
271
274
321
225
205
232
232
204
331
211
176
253
240
213
312
208
166
153
236
294
291
234
238
275
229
236
301
256
145
255
214
162
295
188
335
234
194
137
309
232
225
224
238
279
313
220
183
211
282
230
314
267
161
329
247
179
314
243
203
242
315
178
340
221
213
257
218
181
313
215
151
189
242
436
322
209
184
258
301
241
324
216
171
354
233
174
321
218
200
236
240
255
314
222
247
268
212
320
327
202
155
302
309
256
308
236
190
258
185
167
330
239
157
253
281
249
293
119
247
156
137
142
281
232
202
318
251
213
310
211
255
253
233
252
331
199
166
201
237
288
307
246
238
301
234
182
309
215
186
237
173
160
294
215
233
263
217
177
320
236
205
264
238
158
317
214
185
239
186
182
316
227
186
239
270
223
314
219
183
242
317
382
329
210
227
270
293
144
327
205
193
265
289
215
318
236
209
244
285
168
305
239
157
182
266
209
311
238
198
141
333
421
330
242
226
242
184
181
289
236
235
243
234
221
328
209
112
188
248
306
310
225
212
243
215
325
353
228
188
232
238
251
313
234
183
222
274
352
314
243
305
295
218
262
309
237
166
310
275
305
322
209
187
139
259
262
308
241
214
319
327
171
331
213
189
230
329
241
267
238
182
288
245
235
294
246
184
266
270
264
311
223
159
176
305
378
354
273
170
253
191
176
328
203
226
286
321
156
308
206
145
172
265
333
309
216
215
262
203
197
286
240
156
298
209
208
298
210
216
273
236
230
316
241
189
238
244
395
322
211
154
145
293
313
314
206
196
221
281
277
284
213
179
117
165
266
310
226
191
225
270
203
280
237
162
131
235
378
264
222
154
151
226
278
312
235
173
273
298
272
313
232
173
193
265
285
313
287
142
200
331
210
302
223
181
260
182
294
319
249
199
162
289
277
314
206
212
209
235
229
309
219
188
282
274
271
311
215
242
266
203
161
312
213
181
254
289
231
319
243
270
232
308
134
302
256
134
219
303
310
314
239
187
290
316
127
303
248
177
256
283
291
323
213
164
260
242
266
366
140
149
185
237
283
336
245
216
227
262
225
327
212
228
279
247
116
302
211
181
286
264
178
326
222
130
191
259
254
328
219
188
257
212
213
328
299
169
271
254
232
328
218
236
213
283
340
317
250
153
220
336
218
299
174
212
222
270
296
350
202
174
103
340
292
306
283
162
252
286
317
310
268
171
252
192
216
310
215
187
309
305
134
315
226
167
146
235
316
313
204
171
263
276
305
327
238
191
250
336
324
279
239
215
210
302
322
352
201
283
263
249
271
318
253
252
218
266
179
280
236
215
241
243
328
315
246
205
191
351
330
335
211
200
227
256
252
339
296
155
267
254
135
294
215
190
227
264
375
326
205
206
241
240
201
315
226
152
119
242
429
304
210
195
189
326
208
299
286
167
274
272
174
297
226
173
160
259
309
339
282
182
279
249
139
301
232
185
157
318
287
326
214
157
155
290
263
283
268
196
255
249
277
324
237
167
289
296
262
343
200
260
290
308
301
314
297
232
265
182
161
344
216
230
229
348
268
319
200
165
112
181
277
311
203
180
247
292
279
338
218
150
173
269
377
292
240
204
300
228
177
290
214
211
252
227
350
318
245
190
239
273
212
313
290
192
208
249
216
256
259
225
194
226
238
317
208
138
167
256
259
323
214
178
208
280
212
335
229
190
219
278
375
328
218
138
286
300
302
345
200
168
319
236
166
338
240
162
312
249
332
326
235
236
250
316
128
342
231
267
248
197
154
327
219
195
222
326
282
314
263
154
282
308
134
329
230
135
132
210
312
280
218
204
254
245
167
351
217
209
255
321
182
309
236
166
242
322
324
319
241
146
247
394
272
320
222
173
245
210
322
325
224
263
223
305
166
320
237
199
249
236
226
312
219
222
192
316
380
323
210
213
196
265
250
329
218
169
175
259
325
333
230
196
289
250
161
285
234
197
248
258
257
305
224
148
288
286
163
277
237
264
238
239
192
301
201
207
198
181
254
314
215
182
215
338
234
301
237
186
191
265
273
319
216
184
246
229
247
305
251
185
234
274
339
317
213
141
257
304
332
345
214
163
190
327
172
286
252
172
233
292
300
321
214
182
134
264
311
312
217
141
171
210
321
297
224
216
294
317
104
334
243
195
301
186
302
317
255
140
288
304
139
320
235
165
238
310
299
296
219
172
261
278
240
283
218
199
259
182
271
323
284
240
165
224
211
293
210
298
284
175
229
305
217
175
323
239
161
301
203
187
230
267
210
335
245
215
127
239
249
275
229
215
213
212
162
341
204
232
230
279
230
279
240
182
234
269
281
336
182
221
250
237
296
295
217
184
269
238
238
295
212
172
284
251
300
312
219
214
257
262
157
314
237
186
211
235
199
322
200
242
186
196
194
305
231
194
209
256
245
313
236
203
253
214
203
306
225
235
240
198
159
315
215
192
225
271
222
301
199
205
244
205
332
351
209
187
252
186
239
310
219
243
226
223
281
301
244
228
277
237
256
297
223
199
239
273
222
331
188
183
310
230
267
327
233
176
218
341
196
310
239
206
167
356
390
283
211
210
265
201
271
297
227
197
285
229
223
305
214
174
207
277
240
283
236
235
248
286
173
303
234
201
267
200
150
336
202
189
232
303
235
323
238
215
192
228
263
350
192
185
237
253
337
288
219
240
265
281
155
315
258
192
280
259
178
318
247
223
263
173
172
308
239
221
133
275
268
301
191
182
249
266
224
324
219
161
280
258
226
299
228
208
244
198
177
319
250
223
298
256
141
304
211
243
260
175
151
348
230
145
229
296
274
259
230
163
262
282
239
341
214
147
308
251
240
317
215
186
212
316
358
311
211
156
155
288
257
313
226
146
322
201
217
300
209
170
229
265
354
314
239
175
209
240
270
317
209
226
297
282
221
313
211
174
247
275
274
288
245
232
224
239
266
325
214
173
317
242
189
272
229
189
226
253
288
309
214
155
111
255
347
276
229
163
105
235
315
315
212
216
256
191
153
329
216
207
266
292
187
283
227
178
119
158
299
308
235
239
215
241
110
214
201
263
224
237
132
312
234
314
227
274
132
341
208
165
297
317
210
312
223
209
305
234
252
317
210
182
301
272
300
295
244
214
192
243
290
335
203
172
255
308
157
372
235
163
285
266
167
348
239
204
242
275
183
308
217
193
221
317
263
295
238
244
264
157
266
318
216
269
217
325
221
330
234
224
238
269
135
310
214
202
279
284
169
325
232
159
231
247
202
332
202
196
226
263
163
307
212
167
243
219
259
318
223
193
323
247
195
310
237
194
255
269
310
313
215
180
291
283
130
338
274
183
273
304
224
352
221
168
250
302
290
305
248
205
248
200
221
306
228
177
277
291
255
329
217
245
201
262
337
316
201
188
295
198
321
329
234
263
225
247
178
342
228
174
216
263
303
314
234
262
245
216
174
272
226
201
151
233
327
296
255
169
313
204
285
358
211
211
231
235
141
304
239
257
273
265
325
308
248
205
281
249
250
345
207
199
209
307
278
315
221
209
246
256
170
287
211
209
267
291
234
296
220
224
302
235
199
315
208
208
284
229
180
316
232
161
267
213
172
282
208
200
217
234
232
278
238
177
178
253
251
309
234
178
274
232
314
301
265
248
230
299
137
305
219
183
204
241
211
275
237
187
226
268
235
298
204
181
218
317
239
315
234
232
260
207
184
316
210
209
241
240
272
284
214
200
197
200
312
301
219
174
234
306
358
317
205
208
345
248
234
307
240
138
203
278
315
303
231
207
185
255
292
308
243
231
338
234
213
325
210
180
281
254
306
310
215
175
300
218
291
282
243
213
116
110
266
242
252
185
261
314
223
315
205
266
235
273
277
345
256
237
235
212
177
283
215
182
210
280
316
332
209
204
283
369
231
326
226
206
182
296
297
316
237
206
299
265
121
295
239
214
242
268
326
304
244
213
222
262
269
318
240
181
284
204
173
317
235
175
248
332
236
299
215
182
276
276
301
323
239
154
200
191
247
333
197
253
302
218
301
302
209
212
288
259
226
351
195
264
268
284
185
310
213
206
248
329
226
299
244
226
170
174
190
300
207
170
308
257
223
364
228
193
216
248
346
301
243
160
218
251
255
325
217
176
232
175
219
289
250
169
322
196
196
314
217
185
277
223
188
332
211
172
230
289
270
314
236
128
167
106
286
322
228
178
206
296
196
292
251
283
260
179
264
308
243
157
234
222
268
323
240
192
257
243
276
314
223
246
233
197
178
317
241
211
274
203
204
319
213
204
276
199
254
298
241
191
215
253
203
321
212
276
280
214
283
298
199
181
233
297
372
282
90
295
159
239
256
339
272
185
251
278
247
323
221
203
305
259
290
322
205
195
242
283
271
348
209
237
167
331
258
316
242
160
295
273
239
291
238
249
324
224
136
281
211
189
156
233
270
329
240
230
262
190
196
313
240
232
255
200
186
321
228
231
267
244
177
314
227
212
241
287
289
321
232
180
273
312
233
323
256
216
268
308
138
310
209
211
188
274
321
284
208
211
300
224
232
306
248
200
227
294
287
304
237
297
285
240
147
309
203
208
256
228
172
352
204
145
232
384
254
304
233
185
132
172
313
310
238
173
220
325
270
344
227
171
345
199
169
291
244
208
202
237
321
311
255
260
241
195
167
331
205
191
244
186
154
301
185
240
255
249
175
315
231
206
124
269
270
320
192
215
214
233
240
332
219
177
140
204
363
306
221
210
253
216
172
312
227
209
257
213
210
309
241
160
141
240
292
325
203
139
134
231
394
308
239
259
257
230
261
308
239
157
121
253
383
332
209
199
219
274
234
319
210
145
295
284
211
317
228
163
239
303
279
298
236
181
240
273
270
317
219
165
236
244
239
324
211
195
185
284
312
308
233
232
225
221
240
311
200
170
143
341
312
316
210
213
208
206
269
296
240
181
212
220
223
296
216
198
294
259
209
325
214
226
238
290
286
313
236
240
263
218
204
305
268
170
205
271
200
308
213
220
204
281
227
337
198
167
291
257
199
314
191
216
202
204
270
339
167
149
214
279
253
322
198
175
271
252
329
311
202
275
222
216
180
316
229
196
241
283
145
309
230
262
265
213
266
325
217
190
266
279
215
282
240
200
238
214
139
319
195
198
162
247
256
303
242
246
264
243
166
327
209
234
245
299
129
298
207
224
209
314
309
319
229
212
233
233
180
310
257
222
240
342
266
316
198
253
292
205
229
323
205
201
258
213
160
302
234
193
223
294
357
291
196
289
207
225
190
317
236
255
286
286
187
326
242
205
250
232
203
327
247
205
234
202
254
332
246
171
310
224
179
315
209
155
147
246
284
325
208
181
292
231
217
312
204
186
228
336
207
333
214
195
295
292
154
329
198
202
260
213
168
310
228
229
291
323
253
277
233
153
144
286
336
311
237
314
260
200
167
268
204
216
253
245
303
327
235
153
132
258
318
317
204
160
140
250
386
315
215
188
260
278
293
373
206
174
239
315
280
295
239
204
257
218
315
292
213
178
132
191
294
324
198
184
264
263
296
325
223
227
267
232
276
312
230
173
243
241
285
325
214
201
239
282
380
317
265
127
133
257
274
311
236
188
155
272
313
290
242
188
252
278
261
297
242
313
250
161
196
285
228
192
257
226
321
317
241
196
249
252
170
324
208
181
205
351
215
277
241
251
224
194
266
318
225
170
231
267
239
318
211
167
233
274
285
354
200
147
247
288
336
308
250
151
267
221
243
351
199
175
225
258
325
315
214
245
251
329
160
349
195
181
162
242
261
312
252
196
274
296
228
316
242
203
254
231
317
307
239
174
211
284
263
300
237
188
212
267
327
336
209
210
291
211
247
282
204
274
299
255
251
292
240
209
264
265
303
345
217
204
246
269
299
311
257
182
261
258
275
308
216
189
260
243
252
322
225
263
258
193
294
327
239
199
226
273
239
311
206
220
240
217
239
289
216
186
233
284
315
320
247
172
219
262
257
297
251
291
308
222
170
346
215
197
265
314
244
290
234
256
186
232
230
300
233
175
175
237
339
330
224
186
178
349
319
317
213
155
172
271
317
317
240
200
291
202
242
331
214
166
269
247
187
322
261
228
257
214
274
324
236
197
306
178
238
325
196
197
233
335
344
282
227
199
291
274
247
305
213
215
220
241
285
275
226
153
237
317
275
308
237
208
250
196
233
274
230
165
219
270
303
312
227
196
269
201
287
316
204
196
307
210
257
315
312
192
248
247
257
313
230
212
305
204
285
277
220
285
257
224
340
310
244
246
257
274
169
320
212
197
202
245
279
353
204
235
282
316
221
312
279
163
262
203
325
326
220
210
213
283
167
298
233
214
186
307
263
332
215
144
247
288
320
313
231
220
234
315
198
316
208
139
241
247
288
328
239
212
233
200
216
325
189
200
238
274
172
285
214
218
254
237
240
333
248
200
302
195
260
282
258
177
219
230
228
312
235
146
244
305
268
312
207
244
189
197
300
317
205
183
203
277
301
314
217
194
240
278
220
280
208
170
307
243
250
316
252
168
228
278
230
316
253
223
219
263
297
356
224
212
212
335
191
319
225
196
241
238
207
330
233
213
259
259
271
285
234
239
277
303
135
312
213
182
162
227
318
321
214
180
237
257
246
285
240
209
186
259
355
298
239
209
191
260
318
278
252
219
275
353
253
320
231
178
311
239
215
337
206
191
252
329
261
281
244
185
302
237
189
312
227
228
283
190
217
312
222
254
235
280
129
286
247
182
277
269
311
330
228
197
218
273
251
317
210
134
247
279
266
313
204
197
229
304
236
323
235
129
181
248
243
339
262
222
249
204
216
331
224
193
278
283
164
299
217
275
260
309
167
284
243
184
149
258
293
316
231
186
220
275
233
286
249
161
310
266
125
326
233
198
235
284
297
316
244
216
274
211
144
306
234
194
268
315
212
348
224
199
235
271
280
312
238
191
217
290
279
274
235
174
310
248
230
328
204
193
247
286
337
295
242
178
224
230
327
322
240
190
364
224
170
313
202
157
246
311
177
286
247
214
336
308
215
310
235
157
144
277
374
319
210
210
223
220
180
302
244
190
255
240
303
322
210
185
227
239
231
309
226
219
251
258
132
294
261
278
248
150
148
349
296
217
262
294
230
314
261
159
236
245
273
293
214
190
270
240
366
316
224
218
259
328
237
339
203
168
243
281
315
303
249
181
249
306
249
299
203
200
209
209
164
269
231
281
275
280
179
300
218
218
313
212
208
297
214
228
269
284
181
321
203
197
282
224
322
333
234
148
172
275
384
283
215
196
229
286
231
327
241
185
215
311
219
300
246
169
118
245
335
328
203
210
232
253
216
308
202
190
345
232
257
308
223
209
199
334
228
335
195
209
241
262
222
317
234
147
284
319
221
353
220
189
224
187
355
307
232
203
311
246
214
315
204
205
134
340
380
323
259
159
186
285
252
282
228
184
247
242
308
312
217
281
258
173
196
294
252
199
250
255
266
318
217
235
217
351
210
292
219
187
200
327
200
328
250
251
225
201
184
360
209
210
243
291
269
333
217
151
145
347
364
334
229
197
284
284
178
321
226
171
287
249
370
334
201
222
286
250
270
344
223
269
250
222
282
329
248
206
222
319
250
318
216
196
283
309
137
291
223
252
316
263
273
307
199
179
254
288
203
337
244
182
197
232
367
337
209
216
208
338
264
287
220
167
115
230
300
353
208
209
245
257
257
313
205
235
223
263
259
306
205
200
309
253
285
325
204
143
291
276
205
347
217
184
222
273
221
313
228
201
281
215
173
321
246
152
203
305
312
312
240
166
154
328
267
340
203
170
208
354
253
326
205
214
261
302
138
282
234
241
237
252
215
309
215
255
246
290
164
331
201
214
230
278
244
334
220
174
188
310
244
325
231
201
193
325
272
315
241
173
253
329
256
223
223
120
125
119
323
223
192
316
302
175
322
232
211
210
323
196
322
220
190
159
283
241
339
250
253
289
167
160
341
198
181
252
250
195
305
240
206
294
222
127
313
212
200
217
210
181
318
233
257
257
230
154
302
251
187
244
299
135
303
192
140
164
240
331
314
234
187
295
262
285
307
236
287
289
174
173
261
275
173
329
278
138
311
227
188
277
331
200
312
222
178
275
271
158
282
233
212
166
311
232
313
213
191
249
273
281
302
217
208
267
220
199
338
233
143
271
240
231
343
212
220
238
207
168
312
241
278
284
165
167
298
101
156
171
246
297
356
219
236
256
188
148
308
228
218
282
306
203
310
263
172
234
244
230
294
217
197
220
276
301
313
212
150
258
352
231
315
234
207
226
243
187
351
204
203
200
288
158
281
251
205
259
244
255
329
241
251
220
295
340
316
237
232
267
184
155
317
294
196
285
223
131
314
202
187
306
232
156
252
210
185
295
213
315
283
216
213
308
288
281
314
257
258
281
244
174
339
213
196
257
236
282
327
202
178
302
301
180
322
196
196
247
241
310
289
252
292
247
179
290
314
239
177
157
304
284
307
210
225
259
251
297
279
207
219
208
282
217
387
204
209
203
273
292
310
217
220
244
234
264
316
240
287
247
172
179
329
235
188
250
246
276
354
191
243
219
264
152
277
217
150
158
240
272
324
214
193
222
277
237
320
202
195
204
268
318
304
201
202
273
167
148
350
198
193
261
270
220
333
235
302
315
153
178
313
214
200
201
240
203
316
212
210
214
264
178
316
218
259
248
204
191
305
230
200
232
292
134
307
243
337
318
165
162
268
232
198
340
217
238
312
230
312
256
215
288
316
230
296
252
280
212
314
235
167
261
219
196
305
234
181
226
236
338
330
221
217
339
301
115
314
228
182
231
288
248
284
271
249
237
259
271
337
196
161
242
346
169
297
235
228
203
250
248
297
240
213
272
281
278
320
238
201
206
329
151
266
256
216
191
273
358
341
230
219
222
276
157
325
247
134
116
297
376
357
214
242
230
261
164
331
222
158
267
243
315
313
187
180
167
263
161
335
217
215
241
249
224
336
205
170
193
260
287
323
219
170
295
295
172
307
234
221
193
262
217
341
200
188
173
260
331
329
204
209
239
274
131
325
211
204
222
313
241
289
238
167
98
180
316
331
244
284
217
286
146
308
235
248
276
213
273
291
237
141
203
280
261
319
226
185
287
335
122
346
207
199
272
267
190
322
249
216
257
231
256
275
268
153
303
291
149
315
208
299
229
209
187
314
212
207
306
285
130
313
202
178
106
224
301
319
191
185
256
336
228
319
237
243
327
175
215
311
269
197
260
286
176
308
198
195
242
195
374
312
245
213
256
278
251
360
197
168
139
294
261
324
224
205
300
305
174
306
207
132
156
297
387
293
233
199
303
285
174
329
248
190
295
326
199
293
220
131
195
300
205
320
220
155
272
283
354
266
256
149
166
157
306
315
239
224
243
230
214
316
199
177
220
250
248
330
223
189
268
317
138
347
261
238
211
269
254
326
304
135
163
204
271
337
213
206
216
228
249
314
215
182
305
310
168
307
212
167
258
233
355
327
202
205
261
205
260
307
228
266
293
281
226
303
231
187
199
323
249
313
249
219
274
199
184
330
240
141
185
252
367
322
220
214
250
288
219
303
239
279
171
203
307
290
252
178
233
294
240
357
191
221
256
243
160
325
225
136
122
311
392
313
238
193
234
307
175
328
240
158
334
279
186
333
212
218
271
206
224
307
208
194
283
288
202
330
227
181
183
330
264
318
207
188
238
297
229
319
233
180
228
309
179
351
213
196
151
253
304
286
209
185
278
329
227
329
209
216
288
294
165
318
242
196
342
298
158
315
250
154
204
311
169
316
188
207
293
300
128
338
192
182
244
262
256
299
227
216
316
243
252
316
238
177
323
228
185
313
204
148
169
393
212
382
141
251
249
286
221
292
237
187
199
307
319
320
246
156
188
272
310
315
226
204
264
220
161
318
212
149
288
247
180
316
232
149
163
285
298
257
198
192
303
277
187
346
210
182
239
328
182
309
210
187
298
313
157
325
206
178
281
242
233
321
211
196
255
281
291
283
216
193
263
276
269
308
206
179
214
305
235
330
252
173
219
287
267
299
259
158
190
260
250
317
285
289
297
233
123
314
231
208
245
241
224
333
200
272
288
280
185
294
204
213
216
305
286
336
223
149
231
265
246
313
233
213
212
262
331
310
212
181
287
312
212
293
218
165
232
257
306
314
233
235
245
219
163
315
234
207
272
289
274
328
213
232
202
240
248
317
225
259
215
344
150
333
196
209
232
264
235
312
235
170
242
322
174
315
218
165
236
265
333
334
204
204
225
290
298
381
205
185
310
315
215
296
237
178
210
258
341
315
243
175
203
343
251
304
236
185
200
303
229
316
198
209
242
290
125
280
236
219
277
268
225
336
186
202
217
361
181
311
225
185
242
233
173
319
229
194
296
264
121
281
236
201
221
223
230
307
239
199
242
286
227
322
216
244
286
278
194
303
246
192
200
296
282
318
235
183
225
267
308
311
216
203
243
232
234
294
242
227
191
271
371
307
233
176
190
308
334
310
234
115
171
247
265
293
214
174
155
258
241
287
261
192
215
271
289
314
248
177
295
286
194
331
201
168
271
276
244
297
252
205
278
189
242
310
251
169
268
192
230
193
264
302
265
219
136
299
202
275
309
245
165
310
244
287
307
210
271
334
197
179
290
316
250
320
205
163
281
304
118
317
239
166
240
208
211
306
206
179
233
331
205
335
221
206
263
310
163
326
257
258
232
214
257
299
217
158
318
285
269
311
217
174
291
291
256
312
232
154
250
350
362
313
228
195
208
263
342
313
231
179
347
226
272
321
205
170
255
279
239
307
230
179
261
282
229
306
213
202
267
213
189
333
226
220
303
290
187
297
250
283
218
193
158
315
235
216
235
247
220
315
258
277
300
218
172
331
238
166
224
278
215
307
271
139
311
268
151
321
224
182
247
291
192
286
221
159
127
108
282
315
232
148
211
275
265
343
224
147
175
265
241
306
256
272
253
256
297
274
109
178
261
240
221
319
199
178
263
218
220
340
254
163
166
313
249
269
213
229
289
248
243
320
215
201
228
168
215
311
223
243
241
252
147
326
217
214
256
215
223
322
221
278
254
214
256
321
225
171
277
196
314
341
206
244
229
277
178
268
245
214
218
220
216
315
198
274
263
274
137
