1715725530370
1715725544975
1715725560203
1715725575075
1715725590119
1715725605186
1715725620137
1715725635050
1715725650189
1715725665209
1715725680131
1715725695218
1715725710067
1715725725136
1715725740223
1715725755128
1715725770235
1715725785271
1715725800203
1715725815228
1715725830253
1715725845237
1715725860192
1715725875278
1715725890183
1715725905226
1715725920300
1715725935262
1715725950213
1715725965355
1715725980275
1715725995217
1715726010352
1715726025266
1715726040306
1715726055373
1715726070295
1715726085296
1715726100408
1715726115353
1715726130178
1715726145321
1715726160312
1715726175318
1715726190400
1715726205324
1715726220356
1715726235404
1715726250240
1715726265356
1715726280446
1715726295332
1715726310352
1715726325412
1715726340308
1715726355331
1715726370421
1715726385346
1715726400387
1715726415405
1715726430334
1715726445429
1715726460460
1715726475495
1715726490480
1715726505528
1715726520445
1715726535453
1715726550525
1715726565420
1715726580434
1715726595565
1715726610465
1715726625465
1715726640554
1715726655428
1715726670478
1715726685571
1715726700432
1715726715521
1715726730544
1715726745494
1715726760503
1715726775604
1715726790517
1715726805465
1715726820529
1715726835511
1715726850537
1715726865505
1715726880572
1715726895572
1715726910563
1715726925439
1715726940504
1715726955594
1715726970562
1715726985555
1715727000683
1715727015500
1715727030578
1715727045623
1715727060533
1715727075570
1715727090699
1715727105595
1715727120595
1715727135693
1715727150656
1715727165645
1715727180666
1715727195632
1715727210738
1715727225737
1715727240703
1715727255655
1715727270745
1715727285668
1715727300673
1715727315753
1715727330703
1715727345684
1715727360740
1715727375700
1715727390729
1715727405702
1715727420774
1715727435723
1715727450797
1715727465842
1715727480743
1715727495777
1715727510751
1715727525796
1715727540822
1715727555763
1715727570774
1715727585848
1715727600720
1715727615805
1715727630909
1715727645716
1715727660796
1715727675771
1715727690778
1715727705770
1715727720809
1715727735780
1715727750805
1715727765884
1715727780863
1715727795885
1715727810973
1715727825815
1715727840829
1715727855941
1715727870891
1715727885942
1715727900946
1715727915798
1715727930872
1715727945968
1715727960912
1715727975949
1715727990997
1715728005878
1715728020885
1715728036019
1715728050954
1715728066035
1715728080958
1715728096037
1715728111039
1715728125995
1715728140919
1715728155955
1715728171021
1715728186010
1715728201073
1715728215981
1715728230983
1715728246020
1715728261159
1715728276067
1715728291056
1715728306121
1715728320968
1715728336047
1715728351160
1715728366041
1715728381078
1715728396167
1715728411064
1715728426154
1715728441117
1715728456154
1715728471074
1715728486172
1715728501045
1715728516168
1715728531255
1715728546103
1715728561155
1715728576222
1715728591132
1715728606155
1715728621136
1715728636090
1715728651167
1715728666289
1715728681112
1715728696175
1715728711251
1715728726191
1715728741222
1715728756335
1715728771201
1715728786182
1715728801343
1715728816284
1715728831182
1715728846298
1715728861152
1715728876250
1715728891349
1715728906247
1715728921347
1715728936275
1715728951277
1715728966282
1715728981227
1715728996272
1715729011370
1715729026307
1715729041326
1715729056273
1715729071417
1715729086263
1715729101318
1715729116391
1715729131292
1715729146303
1715729161460
1715729176397
1715729191372
1715729206454
1715729221401
1715729236403
1715729251359
1715729266334
1715729281425
1715729296484
1715729311393
1715729326434
1715729341456
1715729356524
1715729371435
1715729386484
1715729401426
1715729416379
1715729431512
1715729446515
1715729461475
1715729476525
1715729491492
1715729506550
1715729521550
1715729536440
1715729551557
1715729566582
1715729581494
1715729596448
1715729611594
1715729626531
1715729641553
1715729656562
1715729671565
1715729686578
1715729701605
1715729716536
1715729731548
1715729746558
1715729761538
1715729776592
1715729791548
1715729806609
1715729821626
1715729836703
1715729851539
1715729866701
1715729881664
1715729896674
1715729911630
1715729926741
1715729941689
1715729956657
1715729971680
1715729986691
1715730001683
1715730016737
1715730031689
1715730046684
1715730061799
1715730076655
1715730091702
1715730106739
1715730121689
1715730136769
1715730151746
1715730166722
1715730181724
1715730196803
1715730211694
1715730226696
1715730241797
1715730256795
1715730271808
1715730286821
1715730301816
1715730316758
1715730331868
1715730346760
1715730361822
1715730376880
1715730391727
1715730406910
1715730421868
1715730436820
1715730451857
1715730466852
1715730481872
1715730496877
1715730511923
1715730526886
1715730541904
1715730556930
1715730571915
1715730586820
1715730602010
1715730616864
1715730631855
1715730647043
1715730662019
1715730676908
1715730692035
1715730706951
1715730722023
1715730737078
1715730751977
1715730767061
1715730782020
1715730797027
1715730811964
1715730827083
1715730842013
1715730857023
1715730872046
1715730887021
1715730902048
1715730917021
1715730932064
1715730947063
1715730962165
1715730977081
1715730992048
1715731007136
1715731021935
1715731037149
1715731052083
1715731067113
1715731082134
1715731097189
1715731112087
1715731127093
1715731142164
1715731157057
1715731172073
1715731187266
1715731202126
1715731217103
1715731232113
1715731247156
1715731262076
1715731277174
1715731292188
1715731307148
1715731322205
1715731337178
1715731352191
1715731367181
1715731382097
1715731397228
1715731412192
1715731427207
1715731442256
1715731457314
1715731472229
1715731487215
1715731502253
1715731517216
1715731532234
1715731547280
1715731562274
1715731577199
1715731592297
1715731607195
1715731622313
1715731637250
1715731652229
1715731667240
1715731682362
1715731697410
1715731712227
1715731727354
1715731742368
1715731757357
1715731772392
1715731787354
1715731802298
1715731817326
1715731832310
1715731847342
1715731862401
1715731877293
1715731892350
1715731907360
1715731922407
1715731937470
1715731952450
1715731967351
1715731982403
1715731997528
1715732012452
1715732027421
1715732042462
1715732057368
1715732072428
1715732087533
1715732102488
1715732117475
1715732132537
1715732147469
1715732162487
1715732177484
1715732192489
1715732207539
1715732222535
1715732237480
1715732252507
1715732267560
1715732282548
1715732297504
1715732312545
1715732327376
1715732342571
1715732357514
1715732372591
1715732387551
1715732402604
1715732417533
1715732432587
1715732447639
1715732462508
1715732477657
1715732492695
1715732507573
1715732522608
1715732537695
1715732552671
1715732567571
1715732582663
1715732597646
1715732612552
1715732627697
1715732642658
1715732657696
1715732672677
1715732687615
1715732702693
1715732717680
1715732732692
1715732747745
1715732762740
1715732777741
1715732792792
1715732807746
1715732822728
1715732837753
1715732852656
1715732867792
1715732882780
1715732897801
1715732912769
1715732927774
1715732942857
1715732957731
1715732972848
1715732987863
1715733002836
1715733017886
1715733032801
1715733047778
1715733062831
1715733077850
1715733092801
1715733107803
1715733122869
1715733137929
1715733152880
1715733167898
1715733182826
1715733197889
1715733212952
1715733227895
1715733242803
1715733257886
1715733272862
1715733287994
1715733302951
1715733317887
1715733332952
1715733347972
1715733362942
1715733377968
1715733392989
1715733407973
1715733422978
1715733438027
1715733452936
1715733468016
1715733483001
1715733497942
1715733513005
1715733528049
1715733542969
1715733558009
1715733573092
1715733588033
1715733603137
1715733618125
1715733633035
1715733648049
1715733663128
1715733678014
1715733693076
1715733708049
1715733723072
1715733738009
1715733753133
1715733768058
1715733783101
1715733798149
1715733813119
1715733828176
1715733843152
1715733858093
1715733873102
1715733888134
1715733903150
1715733918170
1715733933152
1715733948235
1715733963149
1715733978134
1715733993176
1715734008129
1715734023256
1715734038131
1715734053165
1715734068220
1715734083163
1715734098175
1715734113292
1715734128224
1715734143223
1715734158253
1715734173202
1715734188281
1715734203300
1715734218209
1715734233122
1715734248242
1715734263237
1715734278347
1715734293318
1715734308257
1715734323259
1715734338294
1715734353203
1715734368263
1715734383372
1715734398272
1715734413335
1715734428364
1715734443344
1715734458352
1715734473423
1715734488320
1715734503379
1715734518346
1715734533387
1715734548272
1715734563429
1715734578338
1715734593360
1715734608479
1715734623422
1715734638356
1715734653477
1715734668334
1715734683423
1715734698505
1715734713374
1715734728381
1715734743508
1715734758401
1715734773396
1715734788486
1715734803509
1715734818475
1715734833482
1715734848429
1715734863449
1715734878498
1715734893508
1715734908513
1715734923581
1715734938475
1715734953470
1715734968564
1715734983558
1715734998547
1715735013552
1715735028573
1715735043630
1715735058604
1715735073570
1715735088586
1715735103663
1715735118565
1715735133605
1715735148608
1715735163629
1715735178591
1715735193720
1715735208630
1715735223600
1715735238641
1715735253567
1715735268607
1715735283634
1715735298687
1715735313615
1715735328659
1715735343661
1715735358677
1715735373675
1715735388641
1715735403709
1715735418669
1715735433690
1715735448723
1715735463746
1715735478689
1715735493690
1715735508799
1715735523814
1715735538778
1715735553809
1715735568748
1715735583806
1715735598743
1715735613791
1715735628769
1715735643835
1715735658716
1715735673754
1715735688750
1715735703756
1715735718853
1715735733843
1715735748758
1715735763824
1715735778768
1715735793648
1715735808755
1715735823869
1715735838782
1715735853745
1715735868882
1715735883866
1715735898820
1715735913867
1715735928821
1715735943860
1715735958869
1715735973851
1715735988906
1715736003841
1715736018867
1715736033863
1715736049009
1715736063864
1715736078838
1715736094011
1715736108857
1715736123907
1715736139015
1715736154000
1715736168923
1715736183925
1715736198952
1715736213901
1715736228936
1715736243955
1715736258932
1715736274036
1715736288990
1715736303993
1715736319033
1715736333938
1715736348962
1715736364044
1715736379015
1715736394035
1715736409002
1715736423956
1715736439041
1715736454030
1715736468980
1715736484099
1715736499105
1715736514021
1715736529072
1715736544120
1715736559091
1715736574134
1715736589128
1715736604080
1715736619040
1715736634180
1715736649077
1715736664033
1715736679170
1715736694122
1715736709041
1715736724169
1715736739147
1715736753943
1715736769137
1715736784114
1715736799142
1715736814171
1715736829127
1715736844155
1715736859207
1715736874126
1715736889161
1715736904270
1715736919188
1715736934163
1715736949144
1715736964180
1715736979180
1715736994239
1715737009200
1715737024194
1715737039238
1715737054170
1715737069217
1715737084258
1715737099255
1715737114336
1715737129336
1715737144251
1715737159233
1715737174301
1715737189228
1715737204259
1715737219356
1715737234358
1715737249309
1715737264367
1715737279288
1715737294309
1715737309321
1715737324331
1715737339316
1715737354436
1715737369379
1715737384316
1715737399453
1715737414369
1715737429347
1715737444379
1715737459411
1715737474395
1715737489421
1715737504436
1715737519423
1715737534474
1715737549428
1715737564490
1715737579458
1715737594353
1715737609456
1715737624430
1715737639436
1715737654434
1715737669442
1715737684398
1715737699418
1715737714475
1715737729414
1715737744428
1715737759496
1715737774505
1715737789491
1715737804543
1715737819451
1715737834517
1715737849534
1715737864489
1715737879535
1715737894597
1715737909506
1715737924504
1715737939635
1715737954475
1715737969481
1715737984622
1715737999524
1715738014582
1715738029666
1715738044565
1715738059665
1715738074623
1715738089550
1715738104608
1715738119674
1715738134677
1715738149665
1715738164739
1715738179656
1715738194691
1715738209727
1715738224658
1715738239620
1715738254678
1715738269638
1715738284669
1715738299680
1715738314653
1715738329679
1715738344730
1715738359717
1715738374759
1715738389730
1715738404691
1715738419693
1715738434752
1715738449577
1715738464745
1715738479732
1715738494689
1715738509721
1715738524798
1715738539716
1715738554745
1715738569799
1715738584781
1715738599751
1715738614791
1715738629832
1715738644761
1715738659790
1715738674815
1715738689823
1715738704834
1715738719837
1715738734816
1715738749851
1715738764811
1715738779837
1715738794850
1715738809827
1715738824860
1715738839899
1715738854850
1715738869863
1715738884930
1715738899891
1715738914880
1715738929980
1715738944842
1715738959911
1715738974935
1715738989835
1715739004988
1715739019951
1715739034916
1715739049930
1715739064912
1715739079919
1715739094986
1715739110059
1715739125015
1715739140008
1715739154977
1715739170024
1715739184967
1715739200033
1715739214963
1715739229980
1715739244987
1715739259995
1715739275131
1715739289997
1715739305008
1715739320095
1715739335106
1715739350016
1715739365090
1715739380119
1715739395086
1715739410088
1715739425087
1715739440132
1715739455100
1715739470184
1715739485152
1715739500118
1715739515174
1715739530108
1715739545155
1715739560240
1715739575178
1715739590159
1715739605579
1715739620202
1715739635144
1715739650144
1715739665201
1715739680199
1715739695303
1715739710194
1715739725200
1715739740240
1715739755191
1715739770212
1715739785288
1715739800277
1715739815249
1715739830278
1715739845226
1715739860231
1715739875275
1715739890228
1715739905246
1715739920317
1715739935301
1715739950327
1715739965329
1715739980285
1715739995243
1715740010304
1715740025252
1715740040260
1715740055287
1715740070303
1715740085331
1715740100423
1715740115406
1715740130328
1715740145375
1715740160442
1715740175339
1715740190361
1715740205382
1715740220397
1715740235466
1715740250399
1715740265375
1715740280476
1715740295339
1715740310483
1715740325483
1715740340468
1715740355426
1715740370527
1715740385541
1715740400435
1715740415530
1715740430389
1715740445474
1715740460589
1715740475424
1715740490546
1715740505579
1715740520485
1715755541089
1715755555948
1715755570992
1715755586033
1715755601022
1715755616079
1715755631133
1715755646026
1715755661030
1715755676053
1715755691032
1715755705998
1715755721044
1715755736117
1715755751117
1715755766148
1715755781033
1715755796084
1715755811189
1715755826061
1715755841148
1715755856188
1715755871081
1715755886128
1715755901172
1715755916097
1715755931111
1715755946212
1715755961141
1715755976105
1715755991230
1715756006166
1715756021221
1715756036183
1715756051215
1715756066224
1715756081309
1715756096151
1715756111207
1715756126297
1715756141264
1715756156253
1715756171269
1715756186222
1715756201195
1715756216315
1715756231171
1715756246206
1715756261337
1715756276302
1715756291348
1715756306346
1715756321245
1715756336239
1715756351366
1715756366268
1715756381287
1715756396376
1715756411274
1715756426374
1715756441382
1715756456326
1715756471394
1715756486426
1715756501304
1715756516378
1715756531402
1715756546411
1715756561384
1715756576484
1715756591416
1715756606403
1715756621441
1715756636389
1715756651338
1715756666501
1715756681434
1715756696385
1715756711387
1715756726468
1715756741541
1715756756445
1715756771515
1715756786475
1715756801550
1715756816511
1715756831481
1715756846524
1715756861447
1715756876560
1715756891577
1715756906463
1715756921552
1715756936540
1715756951500
1715756966523
1715756981578
1715756996462
1715757011528
1715757026560
1715757041498
1715757056588
1715757071604
1715757086585
1715757101538
1715757116633
1715757131634
1715757146632
1715757161669
1715757176569
1715757191612
1715757206688
1715757221577
1715757236496
1715757251719
1715757266564
1715757281656
1715757296711
1715757311686
1715757326676
1715757341730
1715757356597
1715757371695
1715757386755
1715757401566
1715757416758
1715757431737
1715757446695
1715757461690
1715757476690
1715757491695
1715757506744
1715757521757
1715757536774
1715757551850
1715757566744
1715757581774
1715757596826
1715757611838
1715757626724
1715757641824
1715757656820
1715757671810
1715757686749
1715757701885
1715757716733
1715757731745
1715757746922
1715757761775
1715757776751
1715757791853
1715757806886
1715757821860
1715757836865
1715757851839
1715757866766
1715757881978
1715757896865
1715757911864
1715757926967
1715757941844
1715757956873
1715757971941
1715757986959
1715758001866
1715758016931
1715758031884
1715758046916
1715758061995
1715758076959
1715758091956
1715758107000
1715758121985
1715758136985
1715758151961
1715758167014
1715758182003
1715758197070
1715758211896
1715758226928
1715758242053
1715758256993
1715758271932
1715758287044
1715758301989
1715758316957
1715758332049
1715758347000
1715758362072
1715758377179
1715758392046
1715758407022
1715758422130
1715758437016
1715758452116
1715758467176
1715758482113
1715758497151
1715758512142
1715758527112
1715758542100
1715758557153
1715758572119
1715758587131
1715758602120
1715758617207
1715758632117
1715758647184
1715758662179
1715758677241
1715758692278
1715758707302
1715758722296
1715758737273
1715758752245
1715758767223
1715758782279
1715758797241
1715758812254
1715758827281
1715758842274
1715758857202
1715758872278
1715758887267
1715758902280
1715758917326
1715758932266
1715758947217
1715758962432
1715758977222
1715758992350
1715759007314
1715759022316
1715759037350
1715759052348
1715759067353
1715759082315
1715759097418
1715759112352
1715759127385
1715759142415
1715759157365
1715759172439
1715759187440
1715759202366
1715759217299
1715759232477
1715759247415
1715759262410
1715759277533
1715759292415
1715759307422
1715759322451
1715759337442
1715759352408
1715759367541
1715759382422
1715759397457
1715759412425
1715759427499
1715759442424
1715759457579
1715759472440
1715759487476
1715759502479
1715759517473
1715759532471
1715759547529
1715759562542
1715759577547
1715759592559
1715759607557
1715759622364
1715759637597
1715759652496
1715759667573
1715759682624
1715759697544
1715759712529
1715759727561
1715759742605
1715759757572
1715759772707
1715759787658
1715759802651
1715759817695
1715759832541
1715759847595
1715759862743
1715759877588
1715759892595
1715759907680
1715759922577
1715759937685
1715759952693
1715759967681
1715759982670
1715759997722
1715760012668
1715760027765
1715760042748
1715760057694
1715760072658
1715760087690
1715760102632
1715760117642
1715760132703
1715760147819
1715760162773
1715760177748
1715760192732
1715760207800
1715760222842
1715760237871
1715760252715
1715760267812
1715760282583
1715760297784
1715760312918
1715760327847
1715760342840
1715760357854
1715760372813
1715760387801
1715760402904
1715760417821
1715760432855
1715760447940
1715760462862
1715760477866
1715760492832
1715760507934
1715760522872
1715760537929
1715760552935
1715760567921
1715760582947
1715760597933
1715760613041
1715760627964
1715760642863
1715760657929
1715760672932
1715760687888
1715760702973
1715760718029
1715760732957
1715760747973
1715760763055
1715760777973
1715760792990
1715760808038
1715760822988
1715760838038
1715760853097
1715760868002
1715760883066
1715760898139
1715760913052
1715760928089
1715760943116
1715760958042
1715760973044
1715760988064
1715761003157
1715761018116
1715761033181
1715761048120
1715761063021
1715761078156
1715761093203
1715761108148
1715761123218
1715761138056
1715761153122
1715761168201
1715761183161
1715761198163
1715761213300
1715761228188
1715761243203
1715761258207
1715761273204
1715761288178
1715761303262
1715761318179
1715761333221
1715761348229
1715761363218
1715761378315
1715761393301
1715761408262
1715761423325
1715761438254
1715761453250
1715761468285
1715761483307
1715761498181
1715761513326
1715761528380
1715761543362
1715761558308
1715761573183
1715761588281
1715761603268
1715761618285
1715761633307
1715761648297
1715761663323
1715761678272
1715761693367
1715761708398
1715761723355
1715761738308
1715761753428
1715761768346
1715761783418
1715761798511
1715761813320
1715761828435
1715761843490
1715761858375
1715761873419
1715761888473
1715761903524
1715761918434
1715761933518
1715761948414
1715761963509
1715761978548
1715761993449
1715762008561
1715762023497
1715762038521
1715762053482
1715762068531
1715762083546
1715762098535
1715762113485
1715762128513
1715762143580
1715762158604
1715762173592
1715762188527
1715762203594
1715762218553
1715762233545
1715762248603
1715762263551
1715762278625
1715762293706
1715762308625
1715762323620
1715762338692
1715762353652
1715762368695
1715762383678
1715762398666
1715762413630
1715762428616
1715762443657
1715762458694
1715762473762
1715762488772
1715762503711
1715762518773
1715762533709
1715762548667
1715762563740
1715762578670
1715762593708
1715762608777
1715762623671
1715762638681
1715762653752
1715762668746
1715762683720
1715762698755
1715762713760
1715762728794
1715762743843
1715762758761
1715762773807
1715762788823
1715762803798
1715762818854
1715762833874
1715762848807
1715762863798
1715762878911
1715762893794
1715762908769
1715762923895
1715762938881
1715762953842
1715762968927
1715762983888
1715762998896
1715763013824
1715763028913
1715763043883
1715763058981
1715763073910
1715763088856
1715763104030
1715763118865
1715763134033
1715763148914
1715763163911
1715763178981
1715763194036
1715763208896
1715763223987
1715763239043
1715763253938
1715763269005
1715763284089
1715763298972
1715763314002
1715763329085
1715763343931
1715763358966
1715763374026
1715763388989
1715763403966
1715763419169
1715763434142
1715763449072
1715763464057
1715763479114
1715763494038
1715763509089
1715763524092
1715763539113
1715763554116
1715763569125
1715763584151
1715763599187
1715763614037
1715763629214
1715763644196
1715763659112
1715763674186
1715763689107
1715763704180
1715763719241
1715763734273
1715763749212
1715763764175
1715763779215
1715763794195
1715763809094
1715763824241
1715763839251
1715763854149
1715763869253
1715763884213
1715763899161
1715763914314
1715763929266
1715763944291
1715763959222
1715763974294
1715763989236
1715764004225
1715764019287
1715764034217
1715764049360
1715764064319
1715764079317
1715764094356
1715764109299
1715764124315
1715764139324
1715764154300
1715764169411
1715764184404
1715764199391
1715764214420
1715764229391
1715764244382
1715764259306
1715764274371
1715764289433
1715764304440
1715764319430
1715764334470
1715764349398
1715764364480
1715764379494
1715764394490
1715764409461
1715764424397
1715764439418
1715764454502
1715764469419
1715764484448
1715764499610
1715764514496
1715764529516
1715764544519
1715764559446
1715764574949
1715764589501
1715764604487
1715764619420
1715764634661
1715764649566
1715764664521
1715764679521
1715764694393
1715764709506
1715764724640
1715764739525
1715764754527
1715764769653
1715764784530
1715764799556
1715764814651
1715764829642
1715764844631
1715764859673
1715764874611
1715764889588
1715764904579
1715764919673
1715764934675
1715764949693
1715764964612
1715764979756
1715764994703
1715765009629
1715765024626
1715765039719
1715765054666
1715765069700
1715765084747
1715765099629
1715765114649
1715765129697
1715765144756
1715765159707
1715765174634
1715765189682
1715765204762
1715765219740
1715765234710
1715765249656
1715765264868
1715765279834
1715765294768
1715765309749
1715765324776
1715765339858
1715765354777
1715765369754
1715765384793
1715765399900
1715765414828
1715765429848
1715765444833
1715765459839
1715765474813
1715765489901
1715765504822
1715765519819
1715765534904
1715765549864
1715765564926
1715765579973
1715765594795
1715765609846
1715765625042
1715765639929
1715765654908
1715765669915
1715765684922
1715765699879
1715765715047
1715765729951
1715765745002
1715765759985
1715765774969
1715765789975
1715765804979
1715765819914
1715765834986
1715765850082
1715765865042
1715765880024
1715765895077
1715765910034
1715765924966
1715765940109
1715765955025
1715765970078
1715765985105
1715765999965
1715766015041
1715766030049
1715766045066
1715766060011
1715766075138
1715766090070
1715766105108
1715766120102
1715766135111
1715766150096
1715766165105
1715766180149
1715766195150
1715766210198
1715766225167
1715766240154
1715766255209
1715766270203
1715766285075
1715766300227
1715766315207
1715766330116
1715766345224
1715766360152
1715766375129
1715766390219
1715766405241
1715766420228
1715766435286
1715766450231
1715766465240
1715766480281
1715766495200
1715766510238
1715766525227
1715766540297
1715766555314
1715766570410
1715766585240
1715766600278
1715766615329
1715766630248
1715766645317
1715766660364
1715766675312
1715766690385
1715766705320
1715766720410
1715766735316
1715766750346
1715766765271
1715766780419
1715766795453
1715766810281
1715766825359
1715766840468
1715766855386
1715766870370
1715766885459
1715766900442
1715766915412
1715766930515
1715766945413
1715766960466
1715766975473
1715766990394
1715767005404
1715767020532
1715767035323
1715767050475
1715767065516
1715767080391
1715767095507
1715767110562
1715767125543
1715767140575
1715767155539
1715767170508
1715767185511
1715767200644
1715767215439
1715767230509
1715767245600
1715767260456
1715767275516
1715767290636
1715767305572
1715767320508
1715767335611
1715767350502
1715767365617
1715767380593
1715767395645
1715767410613
1715767425678
1715767440669
1715767455594
1715767470716
1715767485618
1715767500649
1715767515699
1715767530648
1715767545708
1715767560739
1715767575596
1715767590695
1715767605605
1715767620710
1715767635731
1715767650718
1715767665708
1715767680732
1715767695826
1715767710766
1715767725770
1715767740755
1715767755663
1715767770701
1715767785837
1715767800719
1715767815748
1715767830773
1715767845773
1715767860730
1715767875826
1715767890864
1715767905707
1715767920823
1715767935788
1715767950852
1715767965866
1715767980846
1715767995778
1715768010883
1715768025883
1715768040869
1715768055848
1715768070918
1715768085886
1715768100930
1715768115842
1715768130887
1715768145930
1715768160897
1715768175870
1715768190945
1715768205966
1715768220975
1715768235958
1715768250894
1715768265940
1715768281019
1715768295953
1715768310925
1715768325918
1715768340956
1715768356035
1715768371085
1715768386022
1715768401023
1715768416025
1715768431019
1715768446015
1715768461002
1715768476036
1715768490974
1715768506118
1715768520982
1715768535977
1715768551133
1715768566096
1715768581062
1715768596181
1715768611158
1715768626076
1715768641142
1715768656127
1715768671092
1715768686161
1715768701141
1715768716042
1715768731183
1715768746120
1715768761139
1715768776182
1715768791175
1715768806173
1715768821266
1715768836135
1715768851136
1715768866247
1715768881144
1715768896169
1715768911281
1715768926221
1715768941230
1715768956356
1715768971205
1715768986194
1715769001326
1715769016249
1715769031354
1715769046314
1715769061295
1715769076238
1715769091328
1715769106285
1715769121209
1715769136310
1715769151257
1715769166245
1715769181413
1715769196293
1715769211304
1715769226411
1715769241423
1715769256350
1715769271356
1715769286357
1715769301428
1715769316434
1715769331406
1715769346311
1715769361476
1715769376416
1715769391297
1715769406471
1715769421423
1715769436359
1715769451462
1715769466373
1715769481476
1715769496426
1715769511440
1715769526513
1715769541533
1715769556478
1715769571397
1715769586498
1715769601446
1715769616451
1715769631520
1715769646436
1715769661481
1715769676536
1715769691509
1715769706514
1715769721641
1715769736478
1715769751526
1715769766556
1715769781473
1715769796641
1715769811644
1715769826519
1715769841579
1715769856556
1715769871607
1715769886541
1715769901627
1715769916657
1715769931573
1715769946601
1715769961627
1715769976669
1715769991690
1715770006628
1715770021639
1715770036789
1715770051608
1715770066681
1715770081732
1715770096658
1715770111668
1715770126757
1715770141607
1715770156673
1715770171726
1715770186712
1715770201757
1715770216758
1715770231699
1715770246741
1715770261761
1715770276734
1715770291682
1715770306810
1715770321698
1715770336701
1715770351839
1715770366751
1715770381801
1715770396755
1715770411725
1715770426721
1715770441844
1715770456813
1715770471798
1715770486876
1715770501866
1715770516759
1715770531885
