1715725529757
1715725544652
1715725559865
1715725574811
1715725589757
1715725604855
1715725619796
1715725634729
1715725650002
1715725664855
1715725679901
1715725694913
1715725709743
1715725724843
1715725739879
1715725754736
1715725770019
1715725784942
1715725799890
1715725814957
1715725829920
1715725845074
1715725859898
1715725874935
1715725889835
1715725905045
1715725919954
1715725934987
1715725949908
1715725965048
1715725980022
1715725994930
1715726010017
1715726025028
1715726040134
1715726055064
1715726069935
1715726084975
1715726100063
1715726115006
1715726129858
1715726145178
1715726160241
1715726175003
1715726190139
1715726205081
1715726219986
1715726235117
1715726249943
1715726265048
1715726280141
1715726295099
1715726310057
1715726325082
1715726339970
1715726355025
1715726370146
1715726385077
1715726400036
1715726415118
1715726430025
1715726445138
1715726460195
1715726475141
1715726490125
1715726505217
1715726520120
1715726535181
1715726550208
1715726565213
1715726580231
1715726595320
1715726610267
1715726625161
1715726640250
1715726655095
1715726670167
1715726685253
1715726700130
1715726715180
1715726730255
1715726745170
1715726760212
1715726775308
1715726790183
1715726805111
1715726820224
1715726835209
1715726850253
1715726865237
1715726880236
1715726895274
1715726910260
1715726925166
1715726940210
1715726955384
1715726970301
1715726985196
1715727000439
1715727015343
1715727030277
1715727045282
1715727060236
1715727075383
1715727090447
1715727105281
1715727120254
1715727135537
1715727150310
1715727165379
1715727180319
1715727195356
1715727210451
1715727225540
1715727240351
1715727255396
1715727270436
1715727285356
1715727300370
1715727315430
1715727330437
1715727345381
1715727360440
1715727375399
1715727390422
1715727405412
1715727420472
1715727435413
1715727450449
1715727465480
1715727480444
1715727495655
1715727510430
1715727525487
1715727540526
1715727555455
1715727570474
1715727585520
1715727600579
1715727615454
1715727630590
1715727645476
1715727660505
1715727675535
1715727690481
1715727705454
1715727720491
1715727735443
1715727750496
1715727765729
1715727780533
1715727795559
1715727810679
1715727825563
1715727840506
1715727855649
1715727870619
1715727885654
1715727900610
1715727915503
1715727930696
1715727945680
1715727960617
1715727975595
1715727990706
1715728005568
1715728020651
1715728035675
1715728050655
1715728065707
1715728080835
1715728095640
1715728110777
1715728125689
1715728140599
1715728155641
1715728170856
1715728185685
1715728200710
1715728215678
1715728230684
1715728245801
1715728260822
1715728275769
1715728290715
1715728305821
1715728320586
1715728335728
1715728350960
1715728365785
1715728380788
1715728395862
1715728410786
1715728425773
1715728440819
1715728455867
1715728470754
1715728485887
1715728500770
1715728515847
1715728530926
1715728545822
1715728560939
1715728575905
1715728590849
1715728605875
1715728620840
1715728635817
1715728650848
1715728665892
1715728680951
1715728695867
1715728710924
1715728725937
1715728740932
1715728755991
1715728770865
1715728785931
1715728801007
1715728815933
1715728830929
1715728845950
1715728860845
1715728875955
1715728891017
1715728906041
1715728921060
1715728935996
1715728950967
1715728965936
1715728980921
1715728995955
1715729011026
1715729025997
1715729040980
1715729055991
1715729071085
1715729086014
1715729101068
1715729116062
1715729131081
1715729145986
1715729161173
1715729176043
1715729191128
1715729206114
1715729221106
1715729236212
1715729251083
1715729266065
1715729281139
1715729296163
1715729311089
1715729326091
1715729341340
1715729356166
1715729371137
1715729386229
1715729401164
1715729416167
1715729431340
1715729446178
1715729461180
1715729476196
1715729491200
1715729506281
1715729521209
1715729536142
1715729551277
1715729566271
1715729581171
1715729596098
1715729611238
1715729626207
1715729641232
1715729656245
1715729671244
1715729686325
1715729701285
1715729716253
1715729731241
1715729746252
1715729761219
1715729776401
1715729791272
1715729806327
1715729821249
1715729836394
1715729851267
1715729866434
1715729881324
1715729896361
1715729911324
1715729926551
1715729941343
1715729956352
1715729971367
1715729986432
1715730001368
1715730016419
1715730031322
1715730046501
1715730061449
1715730076407
1715730091404
1715730106517
1715730121395
1715730136478
1715730151616
1715730166453
1715730181398
1715730196513
1715730211480
1715730226366
1715730241497
1715730256501
1715730271497
1715730286617
1715730301525
1715730316418
1715730331605
1715730346436
1715730361505
1715730376576
1715730391572
1715730406569
1715730421547
1715730436499
1715730451573
1715730466642
1715730481525
1715730496603
1715730511672
1715730526572
1715730541672
1715730556750
1715730571584
1715730586513
1715730601687
1715730616549
1715730631531
1715730646647
1715730661776
1715730676583
1715730691761
1715730706634
1715730721794
1715730736757
1715730751671
1715730766758
1715730781725
1715730796765
1715730811626
1715730826729
1715730841696
1715730856715
1715730871739
1715730886712
1715730901752
1715730916672
1715730931915
1715730946800
1715730961804
1715730976814
1715730991746
1715731006912
1715731021636
1715731036771
1715731051820
1715731066818
1715731081792
1715731096813
1715731111815
1715731126783
1715731141828
1715731156786
1715731171763
1715731186967
1715731201801
1715731216930
1715731231805
1715731246810
1715731261847
1715731276914
1715731291843
1715731306882
1715731321876
1715731336972
1715731351870
1715731366921
1715731382023
1715731397010
1715731411900
1715731426941
1715731441915
1715731456996
1715731471908
1715731486903
1715731501932
1715731516919
1715731531945
1715731546987
1715731561982
1715731576902
1715731591946
1715731606923
1715731621993
1715731636933
1715731652143
1715731666947
1715731682062
1715731697061
1715731711921
1715731727171
1715731742050
1715731757052
1715731772167
1715731787167
1715731802020
1715731817084
1715731832022
1715731847042
1715731862113
1715731877068
1715731891997
1715731907142
1715731922083
1715731937158
1715731952136
1715731967073
1715731982110
1715731997206
1715732012118
1715732027063
1715732042228
1715732057120
1715732072087
1715732087210
1715732102175
1715732117170
1715732132277
1715732147201
1715732162137
1715732177209
1715732192231
1715732207332
1715732222270
1715732237189
1715732252150
1715732267348
1715732282228
1715732297202
1715732312224
1715732327016
1715732342171
1715732357173
1715732372211
1715732387232
1715732402254
1715732417196
1715732432247
1715732447296
1715732462190
1715732477275
1715732492352
1715732507253
1715732522294
1715732537344
1715732552293
1715732567207
1715732582319
1715732597308
1715732612210
1715732627382
1715732642288
1715732657364
1715732672304
1715732687272
1715732702355
1715732717301
1715732732350
1715732747386
1715732762379
1715732777379
1715732792408
1715732807417
1715732822356
1715732837404
1715732852357
1715732867429
1715732882462
1715732897442
1715732912409
1715732927441
1715732942493
1715732957405
1715732972489
1715732987490
1715733002494
1715733017479
1715733032459
1715733047435
1715733062470
1715733077549
1715733092475
1715733107513
1715733122555
1715733137564
1715733152637
1715733167661
1715733182518
1715733197756
1715733212612
1715733227575
1715733242467
1715733257537
1715733272595
1715733287610
1715733302713
1715733317612
1715733332674
1715733347668
1715733362562
1715733377625
1715733392634
1715733407679
1715733422700
1715733437695
1715733452669
1715733467836
1715733482745
1715733497711
1715733512820
1715733527729
1715733542759
1715733557678
1715733572758
1715733587742
1715733602913
1715733617726
1715733632732
1715733647669
1715733662832
1715733677683
1715733692694
1715733707721
1715733722768
1715733737677
1715733752798
1715733767756
1715733782772
1715733797956
1715733812850
1715733827801
1715733842919
1715733857799
1715733872776
1715733887780
1715733902881
1715733917977
1715733932811
1715733947898
1715733962843
1715733977811
1715733992847
1715734007871
1715734022923
1715734037845
1715734052964
1715734068091
1715734082935
1715734097862
1715734112966
1715734127918
1715734142920
1715734157934
1715734172872
1715734187986
1715734203107
1715734217957
1715734232809
1715734247932
1715734262920
1715734277995
1715734292995
1715734307991
1715734322939
1715734337969
1715734352896
1715734367933
1715734383049
1715734398001
1715734412992
1715734428084
1715734442946
1715734458060
1715734473149
1715734488060
1715734503041
1715734518169
1715734533105
1715734547976
1715734563159
1715734578025
1715734593045
1715734608177
1715734623239
1715734638053
1715734653197
1715734668094
1715734683098
1715734698212
1715734713070
1715734728092
1715734743224
1715734758106
1715734773248
1715734788331
1715734803186
1715734818207
1715734833189
1715734848159
1715734863129
1715734878257
1715734893229
1715734908232
1715734923241
1715734938185
1715734953171
1715734968397
1715734983227
1715734998264
1715735013217
1715735028255
1715735043415
1715735058291
1715735073260
1715735088392
1715735103332
1715735118247
1715735133285
1715735148464
1715735163280
1715735178275
1715735193401
1715735208267
1715735223283
1715735238353
1715735253369
1715735268338
1715735283278
1715735298311
1715735313355
1715735328367
1715735343356
1715735358366
1715735373417
1715735388358
1715735403524
1715735418451
1715735433468
1715735448355
1715735463419
1715735478372
1715735493412
1715735508456
1715735523406
1715735538398
1715735553505
1715735568492
1715735583544
1715735598446
1715735613422
1715735628427
1715735643577
1715735658418
1715735673418
1715735688468
1715735703475
1715735718471
1715735733558
1715735748485
1715735763492
1715735778513
1715735793460
1715735808508
1715735823578
1715735838506
1715735853567
1715735868621
1715735883595
1715735898534
1715735913573
1715735928503
1715735943520
1715735958649
1715735973540
1715735988607
1715736003574
1715736018603
1715736033511
1715736048606
1715736063602
1715736078608
1715736093738
1715736108549
1715736123611
1715736138699
1715736153669
1715736168614
1715736183644
1715736198657
1715736213579
1715736228633
1715736243636
1715736258590
1715736273844
1715736288681
1715736303690
1715736318705
1715736333614
1715736348694
1715736363674
1715736378687
1715736393809
1715736408686
1715736423658
1715736438741
1715736453800
1715736468731
1715736483782
1715736498756
1715736513760
1715736528807
1715736543789
1715736558805
1715736573797
1715736588970
1715736603767
1715736618822
1715736633824
1715736648783
1715736663712
1715736678860
1715736693833
1715736708720
1715736723845
1715736738842
1715736753822
1715736768958
1715736783778
1715736798876
1715736813857
1715736828782
1715736843806
1715736858984
1715736873998
1715736888826
1715736903957
1715736918836
1715736933976
1715736948860
1715736964001
1715736978849
1715736993942
1715737008869
1715737023885
1715737038917
1715737053845
1715737068895
1715737083947
1715737098953
1715737113962
1715737129127
1715737144110
1715737158918
1715737174039
1715737188922
1715737203948
1715737219017
1715737234058
1715737249004
1715737264060
1715737278942
1715737294059
1715737309019
1715737324017
1715737338996
1715737354106
1715737369095
1715737384064
1715737399079
1715737414029
1715737429044
1715737444068
1715737459097
1715737474065
1715737489294
1715737504135
1715737519105
1715737534161
1715737549094
1715737564143
1715737579217
1715737594089
1715737609157
1715737624183
1715737639118
1715737654184
1715737669167
1715737684234
1715737699127
1715737714309
1715737729148
1715737744165
1715737759205
1715737774158
1715737789198
1715737804193
1715737819158
1715737834273
1715737849287
1715737864176
1715737879162
1715737894261
1715737909260
1715737924142
1715737939378
1715737954144
1715737969271
1715737984290
1715737999243
1715738014269
1715738029356
1715738044274
1715738059485
1715738074283
1715738089426
1715738104320
1715738119395
1715738134269
1715738149340
1715738164479
1715738179409
1715738194359
1715738209386
1715738224330
1715738239329
1715738254332
1715738269299
1715738284348
1715738299342
1715738314310
1715738329307
1715738344393
1715738359326
1715738374386
1715738389403
1715738404343
1715738419327
1715738434414
1715738449230
1715738464395
1715738479410
1715738494365
1715738509344
1715738524482
1715738539381
1715738554445
1715738569440
1715738584376
1715738599414
1715738614454
1715738629493
1715738644467
1715738659483
1715738674453
1715738689506
1715738704513
1715738719499
1715738734493
1715738749483
1715738764470
1715738779542
1715738794509
1715738809528
1715738824504
1715738839581
1715738854497
1715738869541
1715738884589
1715738899542
1715738914537
1715738929618
1715738944490
1715738959576
1715738974623
1715738989537
1715739004648
1715739019633
1715739034587
1715739049644
1715739064582
1715739079615
1715739094666
1715739109662
1715739124661
1715739139652
1715739154682
1715739169641
1715739184700
1715739199761
1715739214822
1715739229753
1715739244719
1715739259700
1715739274725
1715739289681
1715739304701
1715739319758
1715739334789
1715739349699
1715739364772
1715739379811
1715739394934
1715739409751
1715739424798
1715739439767
1715739454850
1715739469844
1715739484823
1715739499781
1715739514830
1715739529767
1715739544956
1715739559827
1715739574858
1715739589860
1715739604922
1715739619848
1715739634823
1715739649890
1715739664911
1715739679911
1715739694963
1715739709850
1715739724857
1715739739916
1715739754920
1715739769969
1715739784952
1715739799925
1715739814926
1715739830011
1715739844891
1715739859894
1715739874931
1715739890062
1715739904955
1715739920017
1715739935068
1715739949980
1715739965040
1715739979999
1715739994916
1715740010031
1715740024952
1715740039955
1715740054994
1715740070018
1715740085095
1715740100081
1715740115075
1715740130023
1715740145198
1715740160247
1715740175176
1715740190102
1715740205074
1715740220067
1715740235169
1715740250133
1715740265005
1715740280236
1715740295113
1715740310203
1715740325159
1715740340191
1715740355147
1715740370163
1715740385185
1715740400165
1715740415198
1715740430129
1715740445250
1715740460199
1715740475134
1715740490294
1715740505251
1715740520183
1715755540740
1715755555704
1715755570675
1715755585794
1715755600644
1715755615758
1715755630784
1715755645686
1715755660697
1715755675810
1715755690680
1715755705704
1715755720680
1715755735840
1715755750805
1715755765960
1715755780784
1715755795822
1715755810893
1715755825712
1715755840832
1715755855883
1715755870762
1715755885886
1715755900893
1715755915788
1715755930861
1715755945894
1715755960821
1715755975807
1715755990900
1715756005858
1715756020883
1715756035878
1715756050902
1715756065898
1715756080994
1715756095883
1715756110913
1715756125980
1715756141056
1715756155970
1715756170964
1715756185884
1715756200877
1715756216026
1715756230823
1715756245922
1715756261011
1715756275979
1715756290946
1715756306003
1715756320938
1715756336047
1715756351052
1715756366008
1715756380995
1715756396100
1715756410970
1715756426041
1715756441267
1715756456006
1715756471064
1715756486102
1715756500995
1715756516061
1715756531116
1715756546114
1715756561113
1715756576173
1715756591111
1715756606082
1715756621118
1715756636128
1715756651139
1715756666181
1715756681156
1715756696037
1715756711092
1715756726103
1715756741235
1715756756096
1715756771199
1715756786134
1715756801274
1715756816248
1715756831124
1715756846210
1715756861205
1715756876213
1715756891262
1715756906194
1715756921239
1715756936255
1715756951158
1715756966273
1715756981411
1715756996190
1715757011205
1715757026240
1715757041314
1715757056268
1715757071349
1715757086267
1715757101192
1715757116321
1715757131297
1715757146336
1715757161411
1715757176243
1715757191337
1715757206413
1715757221328
1715757236253
1715757251398
1715757266264
1715757281356
1715757296425
1715757311485
1715757326344
1715757341392
1715757356421
1715757371525
1715757386549
1715757401241
1715757416432
1715757431479
1715757446365
1715757461357
1715757476366
1715757491350
1715757506400
1715757521442
1715757536463
1715757551471
1715757566596
1715757581461
1715757596523
1715757611524
1715757626408
1715757641493
1715757656519
1715757671441
1715757686412
1715757701586
1715757716452
1715757731457
1715757746583
1715757761455
1715757776438
1715757791636
1715757806529
1715757821562
1715757836573
1715757851555
1715757866450
1715757881644
1715757896610
1715757911555
1715757926614
1715757941512
1715757956573
1715757971651
1715757986576
1715758001595
1715758016629
1715758031574
1715758046594
1715758061653
1715758076648
1715758091637
1715758106639
1715758121680
1715758136660
1715758151664
1715758166646
1715758181695
1715758196787
1715758211628
1715758226637
1715758241772
1715758256665
1715758271647
1715758286841
1715758301616
1715758316597
1715758331720
1715758346666
1715758361762
1715758376867
1715758391752
1715758406758
1715758421825
1715758436665
1715758451836
1715758466839
1715758481846
1715758496776
1715758511816
1715758526840
1715758541760
1715758556827
1715758571761
1715758586718
1715758601838
1715758616975
1715758631771
1715758646845
1715758661854
1715758677006
1715758691978
1715758706946
1715758721923
1715758736978
1715758751947
1715758766910
1715758782104
1715758796916
1715758812004
1715758827083
1715758841890
1715758856906
1715758871954
1715758886957
1715758902010
1715758917024
1715758931942
1715758946881
1715758962102
1715758976971
1715758992118
1715759007001
1715759022007
1715759037014
1715759052044
1715759067032
1715759081991
1715759097127
1715759112005
1715759127091
1715759142091
1715759157037
1715759172073
1715759187116
1715759202107
1715759217014
1715759232133
1715759247123
1715759262119
1715759277225
1715759292102
1715759307062
1715759322168
1715759337105
1715759352238
1715759367203
1715759382145
1715759397123
1715759412131
1715759427199
1715759442083
1715759457228
1715759472223
1715759487194
1715759502181
1715759517164
1715759532197
1715759547271
1715759562205
1715759577280
1715759592187
1715759607312
1715759622040
1715759637279
1715759652189
1715759667240
1715759682281
1715759697238
1715759712249
1715759727288
1715759742371
1715759757290
1715759772407
1715759787385
1715759802318
1715759817408
1715759832216
1715759847517
1715759862410
1715759877280
1715759892310
1715759907372
1715759922225
1715759937372
1715759952394
1715759967416
1715759982345
1715759997368
1715760012488
1715760027559
1715760042452
1715760057376
1715760072360
1715760087389
1715760102338
1715760117326
1715760132470
1715760147590
1715760162460
1715760177509
1715760192450
1715760207459
1715760222484
1715760237660
1715760252454
1715760267527
1715760282358
1715760297454
1715760312621
1715760327624
1715760342595
1715760357598
1715760372549
1715760387503
1715760402700
1715760417519
1715760432671
1715760447613
1715760462651
1715760477520
1715760492504
1715760507628
1715760522578
1715760537563
1715760552544
1715760567608
1715760582737
1715760597604
1715760612759
1715760627645
1715760642547
1715760657605
1715760672647
1715760687587
1715760702671
1715760717702
1715760732632
1715760747610
1715760762793
1715760777642
1715760792647
1715760807764
1715760822749
1715760837696
1715760852821
1715760867694
1715760882782
1715760897852
1715760912820
1715760927736
1715760942797
1715760957797
1715760972894
1715760987783
1715761002839
1715761017810
1715761032842
1715761047805
1715761062826
1715761077801
1715761092880
1715761107917
1715761122905
1715761137856
1715761152797
1715761167879
1715761182787
1715761197824
1715761213014
1715761227798
1715761242898
1715761257990
1715761272881
1715761287998
1715761302962
1715761317850
1715761332943
1715761347901
1715761362924
1715761378128
1715761392928
1715761407970
1715761422999
1715761437901
1715761453062
1715761467974
1715761482977
1715761497844
1715761513017
1715761528087
1715761542985
1715761558033
1715761572871
1715761587968
1715761602937
1715761617922
1715761632968
1715761647985
1715761663016
1715761677948
1715761693031
1715761708072
1715761723109
1715761738036
1715761753175
1715761768063
1715761783077
1715761798276
1715761812963
1715761828117
1715761843163
1715761858038
1715761873166
1715761888158
1715761903191
1715761918229
1715761933245
1715761948121
1715761963127
1715761978216
1715761993133
1715762008235
1715762023201
1715762038231
1715762053255
1715762068269
1715762083162
1715762098230
1715762113192
1715762128250
1715762143250
1715762158316
1715762173290
1715762188196
1715762203268
1715762218282
1715762233251
1715762248285
1715762263241
1715762278275
1715762293405
1715762308312
1715762323295
1715762338379
1715762353330
1715762368405
1715762383443
1715762398374
1715762413334
1715762428304
1715762443351
1715762458341
1715762473573
1715762488441
1715762503363
1715762518482
1715762533429
1715762548363
1715762563468
1715762578336
1715762593351
1715762608457
1715762623361
1715762638427
1715762653414
1715762668438
1715762683363
1715762698444
1715762713411
1715762728478
1715762743670
1715762758555
1715762773497
1715762788478
1715762803520
1715762818497
1715762833595
1715762848470
1715762863520
1715762878650
1715762893557
1715762908607
1715762923565
1715762938587
1715762953527
1715762968645
1715762983713
1715762998561
1715763013636
1715763028615
1715763043591
1715763058626
1715763073579
1715763088552
1715763103884
1715763118585
1715763133828
1715763148567
1715763163572
1715763178729
1715763193712
1715763208706
1715763223664
1715763238712
1715763253604
1715763268803
1715763283720
1715763298641
1715763313668
1715763328802
1715763343642
1715763358653
1715763373738
1715763388694
1715763403665
1715763418815
1715763433959
1715763448715
1715763463756
1715763478845
1715763493767
1715763508858
1715763523797
1715763538864
1715763553739
1715763568795
1715763583782
1715763599009
1715763613762
1715763628973
1715763643861
1715763658757
1715763673816
1715763688760
1715763703874
1715763718921
1715763733984
1715763748931
1715763763872
1715763778873
1715763793990
1715763808861
1715763823918
1715763838990
1715763853818
1715763868904
1715763883891
1715763898976
1715763913998
1715763928994
1715763943974
1715763958894
1715763973938
1715763988903
1715764004063
1715764019000
1715764033909
1715764049072
1715764064010
1715764079019
1715764094063
1715764108989
1715764124015
1715764139067
1715764153991
1715764169070
1715764184095
1715764199070
1715764214032
1715764229047
1715764244051
1715764259073
1715764274297
1715764289141
1715764304224
1715764319098
1715764334149
1715764349072
1715764364348
1715764379179
1715764394173
1715764409230
1715764424034
1715764439074
1715764454177
1715764469082
1715764484135
1715764499230
1715764514143
1715764529146
1715764544189
1715764559127
1715764574583
1715764589194
1715764604147
1715764619097
1715764634222
1715764649226
1715764664122
1715764679179
1715764694046
1715764709126
1715764724304
1715764739154
1715764754164
1715764769296
1715764784153
1715764799207
1715764814308
1715764829271
1715764844261
1715764859338
1715764874274
1715764889257
1715764904247
1715764919316
1715764934341
1715764949333
1715764964253
1715764979346
1715764994321
1715765009299
1715765024332
1715765039380
1715765054325
1715765069346
1715765084402
1715765099298
1715765114289
1715765129370
1715765144393
1715765159353
1715765174303
1715765189348
1715765204383
1715765219404
1715765234416
1715765249304
1715765264496
1715765279460
1715765294427
1715765309406
1715765324425
1715765339470
1715765354677
1715765369393
1715765384478
1715765399560
1715765414476
1715765429510
1715765444511
1715765459564
1715765474637
1715765489583
1715765504496
1715765519564
1715765534555
1715765549533
1715765564562
1715765579653
1715765594657
1715765609554
1715765624718
1715765639592
1715765654597
1715765669578
1715765684579
1715765699549
1715765714728
1715765729612
1715765744665
1715765759686
1715765774678
1715765789652
1715765804659
1715765819788
1715765834668
1715765849784
1715765864863
1715765879722
1715765894773
1715765909661
1715765924640
1715765939768
1715765954660
1715765969685
1715765984953
1715765999685
1715766014708
1715766029730
1715766044671
1715766059713
1715766074787
1715766089754
1715766104746
1715766119758
1715766134783
1715766149752
1715766164818
1715766179817
1715766194805
1715766209878
1715766224890
1715766239825
1715766254901
1715766269887
1715766284761
1715766299872
1715766314917
1715766329805
1715766344951
1715766359879
1715766374857
1715766389910
1715766404886
1715766419906
1715766434981
1715766449905
1715766464884
1715766479941
1715766494900
1715766509972
1715766524943
1715766539951
1715766555048
1715766570069
1715766585110
1715766600040
1715766615025
1715766629912
1715766645013
1715766660057
1715766675010
1715766690087
1715766705037
1715766720030
1715766735071
1715766750042
1715766764993
1715766780095
1715766795144
1715766809939
1715766825068
1715766840116
1715766855140
1715766870051
1715766885092
1715766900105
1715766915118
1715766930267
1715766945152
1715766960137
1715766975202
1715766990146
1715767005090
1715767020218
1715767035065
1715767050195
1715767065196
1715767080079
1715767095270
1715767110251
1715767125190
1715767140238
1715767155220
1715767170229
1715767185236
1715767200335
1715767215173
1715767230200
1715767245269
1715767260187
1715767275188
1715767290351
1715767305274
1715767320202
1715767335320
1715767350297
1715767365286
1715767380245
1715767395261
1715767410305
1715767425347
1715767440300
1715767455296
1715767470357
1715767485328
1715767500489
1715767515365
1715767530374
1715767545422
1715767560378
1715767575294
1715767590384
1715767605334
1715767620336
1715767635396
1715767650393
1715767665395
1715767680520
1715767695464
1715767710444
1715767725426
1715767740578
1715767755360
1715767770372
1715767785551
1715767800396
1715767815501
1715767830438
1715767845485
1715767860452
1715767875564
1715767890523
1715767905362
1715767920561
1715767935477
1715767950564
1715767965608
1715767980495
1715767995462
1715768010647
1715768025616
1715768040514
1715768055547
1715768070631
1715768085665
1715768100767
1715768115581
1715768130551
1715768145604
1715768160654
1715768175644
1715768190678
1715768205653
1715768220654
1715768235674
1715768250605
1715768265606
1715768280694
1715768295586
1715768310579
1715768325637
1715768340659
1715768355718
1715768370741
1715768385704
1715768400727
1715768415705
1715768430853
1715768445703
1715768460706
1715768475775
1715768490690
1715768505794
1715768520860
1715768535626
1715768550826
1715768565805
1715768580984
1715768595837
1715768610838
1715768625774
1715768640983
1715768655772
1715768670754
1715768685884
1715768700830
1715768715732
1715768730883
1715768745808
1715768760783
1715768775867
1715768790833
1715768805833
1715768820924
1715768835769
1715768850849
1715768865900
1715768880856
1715768895909
1715768911051
1715768925918
1715768940871
1715768956024
1715768970919
1715768985930
1715769001016
1715769015882
1715769031027
1715769046004
1715769060995
1715769075880
1715769091149
1715769105993
1715769120935
1715769135998
1715769151068
1715769165955
1715769181083
1715769195970
1715769210976
1715769226126
1715769241101
1715769256072
1715769271053
1715769286056
1715769301032
1715769316146
1715769331092
1715769346150
1715769361117
1715769376156
1715769390970
1715769406155
1715769421123
1715769436056
1715769451184
1715769466183
1715769481131
1715769496090
1715769511119
1715769526129
1715769541200
1715769556120
1715769571053
1715769586153
1715769601081
1715769616108
1715769631147
1715769646065
1715769661148
1715769676171
1715769691138
1715769706178
1715769721216
1715769736108
1715769751165
1715769766197
1715769781127
1715769796270
1715769811278
1715769826174
1715769841244
1715769856229
1715769871256
1715769886233
1715769901283
1715769916276
1715769931187
1715769946289
1715769961282
1715769976302
1715769991342
1715770006285
1715770021290
1715770036343
1715770051272
1715770066342
1715770081394
1715770096297
1715770111305
1715770126418
1715770141282
1715770156304
1715770171397
1715770186381
1715770201385
1715770216380
1715770231348
1715770246393
1715770261398
1715770276387
1715770291348
1715770306466
1715770321341
1715770336370
1715770351471
1715770366369
1715770381436
1715770396393
1715770411357
1715770426394
1715770441515
1715770456456
1715770471414
1715770486536
1715770501532
1715770516440
1715770531545
