487
137
179
113
154
496
165
92
207
108
465
151
190
107
216
459
158
81
222
177
469
168
92
207
141
497
173
82
175
140
496
156
81
167
145
526
150
77
177
127
498
124
86
184
166
517
161
183
107
204
504
152
80
189
116
448
106
139
272
110
401
236
89
225
156
510
153
183
113
119
395
214
121
186
113
533
157
91
217
163
416
231
98
213
126
474
91
101
137
269
331
204
124
68
221
516
151
192
125
89
467
123
149
299
131
466
90
103
137
262
494
152
84
217
232
475
150
189
104
173
432
218
92
169
147
393
172
121
73
191
482
108
95
315
110
494
153
81
173
117
533
154
88
219
143
472
199
200
138
135
422
195
114
193
191
363
186
119
177
132
486
166
181
99
137
487
154
89
202
144
510
180
197
182
160
482
174
198
150
218
501
149
93
176
149
464
140
108
177
135
468
175
79
180
114
526
155
66
189
121
434
140
143
273
150
514
156
182
113
160
462
80
78
77
141
478
144
88
211
188
457
159
194
109
97
461
155
86
169
134
467
189
173
128
213
539
205
87
255
117
497
154
185
127
130
490
167
85
204
115
503
151
92
175
155
501
160
198
138
147
395
221
97
221
175
522
140
82
189
217
523
153
85
165
133
421
217
96
239
179
511
156
191
170
238
492
132
112
186
158
530
153
200
128
150
473
148
185
141
190
490
165
187
77
156
437
198
107
190
127
418
137
85
101
310
446
123
141
336
128
438
168
120
173
108
485
156
188
152
167
389
215
92
163
149
485
159
90
219
206
503
174
188
136
180
369
177
134
91
198
401
224
92
174
158
520
143
192
165
224
512
166
76
197
142
436
212
101
185
150
493
151
80
176
162
407
168
115
174
75
411
175
117
182
124
468
159
91
190
243
400
183
125
176
107
485
143
191
120
139
560
133
182
140
123
509
148
79
160
104
403
232
98
195
132
535
148
82
213
132
513
153
86
218
116
498
154
86
211
114
495
150
83
188
167
454
137
85
303
221
435
228
191
79
148
405
124
104
129
277
482
157
99
191
141
503
144
180
112
158
380
184
138
186
112
395
223
113
229
142
497
156
95
175
118
411
227
86
171
115
413
175
117
178
102
419
184
124
183
120
473
154
214
127
234
499
157
88
223
125
