512
237
133
238
240
538
231
124
258
312
515
239
132
175
103
535
221
158
224
377
496
219
171
235
310
489
127
194
177
279
503
236
185
147
257
499
237
127
215
218
508
258
100
249
212
542
207
130
302
306
495
259
179
212
271
503
236
175
225
348
501
244
151
224
284
514
249
144
234
254
507
212
169
191
244
494
160
260
237
294
477
245
127
178
234
488
250
159
262
398
501
252
146
220
244
456
141
212
163
177
496
264
132
244
358
477
239
172
150
140
485
271
195
252
285
632
179
232
206
256
494
245
161
209
238
511
241
133
234
168
503
260
150
225
254
513
238
154
255
251
477
290
155
233
123
477
134
207
171
222
500
231
130
232
230
513
253
140
275
309
520
248
170
294
370
515
260
169
119
116
519
247
179
248
269
475
240
151
253
286
515
245
163
223
360
485
244
162
205
191
497
273
173
247
299
473
253
165
218
268
513
224
156
274
366
455
267
139
241
273
515
248
150
246
297
538
233
192
169
311
501
222
178
225
237
479
250
171
237
319
540
226
170
216
335
476
239
156
208
308
471
287
117
220
189
498
219
159
263
359
518
264
190
214
241
484
263
111
160
146
507
227
108
186
276
496
238
133
190
230
543
223
170
224
269
490
277
185
228
368
529
245
158
248
343
508
232
146
157
101
509
262
143
142
245
505
227
172
218
387
527
240
168
184
269
481
245
144
126
300
554
223
153
241
284
494
228
173
237
317
467
247
161
294
185
541
208
134
268
312
478
229
129
288
253
528
225
177
187
287
521
217
130
268
234
548
223
220
165
303
535
231
151
248
244
530
245
112
227
326
544
255
151
200
239
504
204
149
321
329
507
129
204
255
215
475
246
132
227
275
559
221
191
217
267
498
272
139
212
247
509
129
220
152
175
477
250
160
243
326
473
119
219
176
220
504
233
145
211
330
468
139
272
248
297
518
227
159
222
290
527
225
130
258
224
514
226
121
263
179
515
268
153
252
202
485
239
182
191
123
522
241
146
212
277
507
227
132
305
277
502
239
111
211
188
498
234
156
137
181
448
170
193
152
215
484
225
191
202
272
495
278
137
272
270
470
256
129
187
316
551
221
179
187
248
501
255
170
231
356
559
231
187
149
165
483
273
176
250
235
