1715740535947
1715740550871
1715740565861
1715740580936
1715740595912
1715740610884
1715740625869
1715740640928
1715740655822
1715740670966
1715740685922
1715740700910
1715740715935
1715740730971
1715740745876
1715740760982
1715740775967
1715740790853
1715740805934
1715740820913
1715740835988
1715740850937
1715740866021
1715740880885
1715740896005
1715740911068
1715740925978
1715740941071
1715740956053
1715740971031
1715740986019
1715741001001
1715741016080
1715741031046
1715741046047
1715741061022
1715741076054
1715741091068
1715741106083
1715741121056
1715741136166
1715741151037
1715741166017
1715741181040
1715741196007
1715741211076
1715741226232
1715741241111
1715741256154
1715741271114
1715741286063
1715741301090
1715741316219
1715741331088
1715741346163
1715741361243
1715741376181
1715741391131
1715741406206
1715741421092
1715741436168
1715741451228
1715741466182
1715741481156
1715741496245
1715741511189
1715741526206
1715741541219
1715741556204
1715741571108
1715741586316
1715741601100
1715741616180
1715741631292
1715741646149
1715741661202
1715741676318
1715741691240
1715741706252
1715741721270
1715741736199
1715741751202
1715741766289
1715741781285
1715741796251
1715741811256
1715741826268
1715741841311
1715741856348
1715741871374
1715741886349
1715741901430
1715741916215
1715741931311
1715741946382
1715741961361
1715741976383
1715741991395
1715742006369
1715742021427
1715742036436
1715742051418
1715742066370
1715742081426
1715742096463
1715742111382
1715742126419
1715742141413
1715742156453
1715742171410
1715742186365
1715742201366
1715742216462
1715742231407
1715742246430
1715742261461
1715742276473
1715742291454
1715742306509
1715742321412
1715742336452
1715742351509
1715742366442
1715742381521
1715742396647
1715742411541
1715742426455
1715742441477
1715742456470
1715742471520
1715742486596
1715742501438
1715742516530
1715742531602
1715742546596
1715742561479
1715742576584
1715742591500
1715742606602
1715742621599
1715742636598
1715742651556
1715742666587
1715742681627
1715742696628
1715742711772
1715742726628
1715742741584
1715742756716
1715742771658
1715742786621
1715742801718
1715742816688
1715742831679
1715742846726
1715742861744
1715742876652
1715742891664
1715742906682
1715742921723
1715742936758
1715742951674
1715742966717
1715742981772
1715742996664
1715743011744
1715743026804
1715743041769
1715743056821
1715743071818
1715743086788
1715743101707
1715743116815
1715743131709
1715743146767
1715743161856
1715743176819
1715743191820
1715743206838
1715743221652
1715743236732
1715743251861
1715743266820
1715743281872
1715743296949
1715743311900
1715743326782
1715743341930
1715743356824
1715743371931
1715743386940
1715743401891
1715743416904
1715743431863
1715743446796
1715743461993
1715743476872
1715743491862
1715743506899
1715743521937
1715743536901
1715743551906
1715743566947
1715743582015
1715743596959
1715743612027
1715743626931
1715743641866
1715743656960
1715743671989
1715743686952
1715743702032
1715743716983
1715743731970
1715743747060
1715743762056
1715743776955
1715743792047
1715743807074
1715743822024
1715743837098
1715743852077
1715743867042
1715743882133
1715743896986
1715743912069
1715743927121
1715743942027
1715743957085
1715743972098
1715743986996
1715744002130
1715744017114
1715744032131
1715744047140
1715744062185
1715744077126
1715744092149
1715744107234
1715744122171
1715744137088
1715744152243
1715744167086
1715744182152
1715744197218
1715744212018
1715744227146
1715744242197
1715744257120
1715744272275
1715744287235
1715744302216
1715744317211
1715744332192
1715744347238
1715744362196
1715744377339
1715744392219
1715744407269
1715744422284
1715744437293
1715744452197
1715744467347
1715744482308
1715744497204
1715744512280
1715744527238
1715744542269
1715744557323
1715744572216
1715744587336
1715744602300
1715744617281
1715744632245
1715744647344
1715744662348
1715744677299
1715744692425
1715744707332
1715744722325
1715744737353
1715744752286
1715744767383
1715744782462
1715744797314
1715744812396
1715744827349
1715744842284
1715744857497
1715744872440
1715744887383
1715744902361
1715744917484
1715744932380
1715744947372
1715744962386
1715744977453
1715744992437
1715745007484
1715745022486
1715745037548
1715745052468
1715745067502
1715745082520
1715745097483
1715745112565
1715745127548
1715745142607
1715745157577
1715745172489
1715745187565
1715745202434
1715745217591
1715745232651
1715745247556
1715745262524
1715745277600
1715745292555
1715745307482
1715745322581
1715745337616
1715745352583
1715745367510
1715745382578
1715745397544
1715745412609
1715745427532
1715745442668
1715745457579
1715745472622
1715745487621
1715745502751
1715745517630
1715745532664
1715745547691
1715745562614
1715745577744
1715745592725
1715745607725
1715745622647
1715745637691
1715745652715
1715745667690
1715745682760
1715745697627
1715745712734
1715745727715
1715745742703
1715745757809
1715745772779
1715745787674
1715745802771
1715745817774
1715745832707
1715745847863
1715745862875
1715745877756
1715745892822
1715745907832
1715745922713
1715745937818
1715745952853
1715745967881
1715745982771
1715745997850
1715746012908
1715746027811
1715746042854
1715746057817
1715746072887
1715746087852
1715746102764
1715746117934
1715746132951
1715746147918
1715746162863
1715746177928
1715746192942
1715746207923
1715746222958
1715746237834
1715746252992
1715746268049
1715746282826
1715746297926
1715746312998
1715746327915
1715746342980
1715746357998
1715746372922
1715746387962
1715746402957
1715746417916
1715746433030
1715746448035
1715746463000
1715746477966
1715746493034
1715746508004
1715746523042
1715746538123
1715746552990
1715746567973
1715746583077
1715746597945
1715746612995
1715746628067
1715746643015
1715746658007
1715746673074
1715746688014
1715746703043
1715746718077
1715746733068
1715746747988
1715746763127
1715746778037
1715746793071
1715746808149
1715746823096
1715746838197
1715746853176
1715746868173
1715746883147
1715746898104
1715746913125
1715746928104
1715746943199
1715746958134
1715746973163
1715746988240
1715747003139
1715747018178
1715747033173
1715747048202
1715747063165
1715747078320
1715747093224
1715747108207
1715747123218
1715747138186
1715747153178
1715747168274
1715747183209
1715747198208
1715747213243
1715747228232
1715747243192
1715747258228
1715747273222
1715747288241
1715747303303
1715747318272
1715747333273
1715747348319
1715747363270
1715747378237
1715747393323
1715747408329
1715747423324
1715747438435
1715747453322
1715747468296
1715747483382
1715747498363
1715747513354
1715747528421
1715747543334
1715747558343
1715747573389
1715747588356
1715747603367
1715747618333
1715747633382
1715747648428
1715747663351
1715747678339
1715747693458
1715747708476
1715747723340
1715747738361
1715747753404
1715747768379
1715747783481
1715747798477
1715747813403
1715747828441
1715747843532
1715747858432
1715747873458
1715747888514
1715747903548
1715747918484
1715747933651
1715747948485
1715747963536
1715747978496
1715747993510
1715748008519
1715748023628
1715748038533
1715748053473
1715748068540
1715748083556
1715748098547
1715748113675
1715748128578
1715748143540
1715748158635
1715748173567
1715748188657
1715748203554
1715748218623
1715748233635
1715748248647
1715748263571
1715748278585
1715748293640
1715748308581
1715748323567
1715748338723
1715748353687
1715748368672
1715748383788
1715748398580
1715748413714
1715748428769
1715748443741
1715748458742
1715748473673
1715748488652
1715748503695
1715748518827
1715748533710
1715748548779
1715748563728
1715748579933
1715748593739
1715748608783
1715748623704
1715748638747
1715748653757
1715748668723
1715748683850
1715748698750
1715748713743
1715748728737
1715748743700
1715748758785
1715748773795
1715748788850
1715748803808
1715748818849
1715748833933
1715748848838
1715748863805
1715748878847
1715748893891
1715748908810
1715748923919
1715748938858
1715748953820
1715748968949
1715748983900
1715748998921
1715749013859
1715749028832
1715749043895
1715749058957
1715749073864
1715749088862
1715749104017
1715749118978
1715749134002
1715749148960
1715749163881
1715749179006
1715749194101
1715749208866
1715749223987
1715749238972
1715749253973
1715749268988
1715749284001
1715749298939
1715749313976
1715749329060
1715749344005
1715749359032
1715749374039
1715749389041
1715749404006
1715749419053
1715749433954
1715749449055
1715749464149
1715749479035
1715749494050
1715749509145
1715749523961
1715749539074
1715749554152
1715749569053
1715749584050
1715749599092
1715749614125
1715749629187
1715749644187
1715749659056
1715749674021
1715749689196
1715749704089
1715749719030
1715749734203
1715749749195
1715749764091
1715749779240
1715749794155
1715749809179
1715749824186
1715749839169
1715749854172
1715749869251
1715749884250
1715749899202
1715749914207
1715749929084
1715749944325
1715749959368
1715749974240
1715749989337
1715750004232
1715750019266
1715750034207
1715750049251
1715750064127
1715750079361
1715750094269
1715750109207
1715750124247
1715750139308
1715750154248
1715750169340
1715750184363
1715750199305
1715750214345
1715750229305
1715750244374
1715750259318
1715750274444
1715750289350
1715750304265
1715750319432
1715750334327
1715750349387
1715750364299
1715750379415
1715750394433
1715750409389
1715750424400
1715750439345
1715750454424
1715750469470
1715750484473
1715750499444
1715750514419
1715750529401
1715750544524
1715750559234
1715750574478
1715750589552
1715750604454
1715750619491
1715750634514
1715750649396
1715750664495
1715750679550
1715750694446
1715750709516
1715750724563
1715750739445
1715750754493
1715750769522
1715750784536
1715750799515
1715750814580
1715750829541
1715750844567
1715750859521
1715750874530
1715750889502
1715750904584
1715750919525
1715750934527
1715750949649
1715750964621
1715750979548
1715750994698
1715751009577
1715751024587
1715751039634
1715751054515
1715751069559
1715751084704
1715751099561
1715751114661
1715751129707
1715751144661
1715751159555
1715751174753
1715751189577
1715751204616
1715751219756
1715751234708
1715751249621
1715751264742
1715751279621
1715751294737
1715751309761
1715751324708
1715751339747
1715751354734
1715751369758
1715751384730
1715751399849
1715751414715
1715751429732
1715751444738
1715751459795
1715751474795
1715751489732
1715751504751
1715751519842
1715751534781
1715751549734
1715751564772
1715751579916
1715751594770
1715751609732
1715751624856
1715751639781
1715751654858
1715751669845
1715751684831
1715751699816
1715751714859
1715751729828
1715751744873
1715751759851
1715751774957
1715751789947
1715751804945
1715751819816
1715751834907
1715751849966
1715751864915
1715751879831
1715751894953
1715751909941
1715751924946
1715751939977
1715751954987
1715751970001
1715751984993
1715751999913
1715752015014
1715752029974
1715752044964
1715752060033
1715752075111
1715752089965
1715752105042
1715752120042
1715752135013
1715752150058
1715752165005
1715752179983
1715752195022
1715752210100
1715752225083
1715752240024
1715752255142
1715752270005
1715752285029
1715752300148
1715752315119
1715752330113
1715752345176
1715752360076
1715752375119
1715752390154
1715752405099
1715752420103
1715752435228
1715752450058
1715752465155
1715752480243
1715752495074
1715752510130
1715752525169
1715752540236
1715752555169
1715752570239
1715752585260
1715752600143
1715752615237
1715752630224
1715752645252
1715752660281
1715752675157
1715752690242
1715752705286
1715752720260
1715752735239
1715752750200
1715752765290
1715752780361
1715752795381
1715752810336
1715752825271
1715752840346
1715752855318
1715752870322
1715752885375
1715752900328
1715752915378
1715752930458
1715752945305
1715752960324
1715752975362
1715752990406
1715753005389
1715753020471
1715753035402
1715753050280
1715753065473
1715753080351
1715753095344
1715753110486
1715753125538
1715753140402
1715753155509
1715753170374
1715753185500
1715753200400
1715753215452
1715753230516
1715753245357
1715753260424
1715753275532
1715753290544
1715753305489
1715753320456
1715753335545
1715753350468
1715753365522
1715753380567
1715753395491
1715753410508
1715753425547
1715753440576
1715753455485
1715753470635
1715753485505
1715753500531
1715753515595
1715753530500
1715753545616
1715753560647
1715753575515
1715753590632
1715753605610
1715753620577
1715753635670
1715753650679
1715753665539
1715753680590
1715753695683
1715753710617
1715753725672
1715753740684
1715753755627
1715753770671
1715753785701
1715753800634
1715753815663
1715753830729
1715753845737
1715753860592
1715753875678
1715753890633
1715753905661
1715753920652
1715753935663
1715753950691
1715753965866
1715753980717
1715753995793
1715754010821
1715754025757
1715754040784
1715754055895
1715754070735
1715754085770
1715754100767
1715754115818
1715754130784
1715754145823
1715754160828
1715754175887
1715754190884
1715754205896
1715754220830
1715754235860
1715754250791
1715754265930
1715754280843
1715754295869
1715754310943
1715754325970
1715754340871
1715754355855
1715754370932
1715754385856
1715754400944
1715754415878
1715754430931
1715754445858
1715754460990
1715754475963
1715754490895
1715754505968
1715754520891
1715754535967
1715754551088
1715754565994
1715754581042
1715754595988
1715754610993
1715754625928
1715754640981
1715754655981
1715754670998
1715754685921
1715754701058
1715754716007
1715754731098
1715754745991
1715754761007
1715754776111
1715754791074
1715754806018
1715754821120
1715754836093
1715754851110
1715754866140
1715754881094
1715754896024
1715754911031
1715754926000
1715754941053
1715754956176
1715754971006
1715754986091
1715755001066
1715755016110
1715755031148
1715755046206
1715755061081
1715755076179
1715755091133
1715755106195
1715755121140
1715755136148
1715755151179
1715755166166
1715755181201
1715755196159
1715755211244
1715755226239
1715755241174
1715755256238
1715755271301
1715755286257
1715755301214
1715755316288
1715755331309
1715755346212
1715755361248
1715755376253
1715755391294
1715755406226
1715755421222
1715755436273
1715755451309
1715755466180
1715755481262
1715755496348
1715755511306
1715755526276