1715740536321
1715740536629
1715740536970
1715740537201
1715740537515
1715740537830
1715740551090
1715740551423
1715740551743
1715740551944
1715740552369
1715740552672
1715740566093
1715740566402
1715740566640
1715740566845
1715740567260
1715740567545
1715740581214
1715740581519
1715740581762
1715740581954
1715740582314
1715740582596
1715740596128
1715740596505
1715740596808
1715740597031
1715740597428
1715740597676
1715740611110
1715740611437
1715740611690
1715740612054
1715740612388
1715740612718
1715740626095
1715740626447
1715740626699
1715740626965
1715740627281
1715740627589
1715740641119
1715740641480
1715740641725
1715740641939
1715740642470
1715740642804
1715740656031
1715740656402
1715740656657
1715740656993
1715740657355
1715740657681
1715740671196
1715740671505
1715740671765
1715740671952
1715740672076
1715740672347
1715740686135
1715740686466
1715740686703
1715740686992
1715740687284
1715740687589
1715740701145
1715740701473
1715740701728
1715740701909
1715740702112
1715740702372
1715740716154
1715740716509
1715740716759
1715740716973
1715740717244
1715740717571
1715740731210
1715740731532
1715740731829
1715740732039
1715740732341
1715740732748
1715740746097
1715740746453
1715740746740
1715740746960
1715740747300
1715740747575
1715740761228
1715740761573
1715740761841
1715740762178
1715740762515
1715740762805
1715740776183
1715740776538
1715740776784
1715740777000
1715740777298
1715740777670
1715740791085
1715740791408
1715740791708
1715740792017
1715740792335
1715740792674
1715740806161
1715740806498
1715740806744
1715740807001
1715740807323
1715740807678
1715740821149
1715740821486
1715740821754
1715740822058
1715740822352
1715740822637
1715740836239
1715740836553
1715740836797
1715740837036
1715740837243
1715740837574
1715740851174
1715740851534
1715740851814
1715740852158
1715740852513
1715740852768
1715740866250
1715740866582
1715740866835
1715740867072
1715740867305
1715740867766
1715740881117
1715740881472
1715740881734
1715740881939
1715740882257
1715740882689
1715740896209
1715740896548
1715740896801
1715740897042
1715740897397
1715740897719
1715740911293
1715740911619
1715740911858
1715740912189
1715740912537
1715740912874
1715740926179
1715740926513
1715740926757
1715740926986
1715740927237
1715740927592
1715740941282
1715740941612
1715740941858
1715740942178
1715740942443
1715740942754
1715740956278
1715740956651
1715740956900
1715740957077
1715740957267
1715740957691
1715740971309
1715740971622
1715740971859
1715740972080
1715740972571
1715740973053
1715740986260
1715740986588
1715740986883
1715740987165
1715740987485
1715740987822
1715741001230
1715741001561
1715741001855
1715741002210
1715741002549
1715741002892
1715741016331
1715741016660
1715741016950
1715741017185
1715741017583
1715741017909
1715741031274
1715741031590
1715741031856
1715741032109
1715741032601
1715741032935
1715741046265
1715741046588
1715741046844
1715741047118
1715741047433
1715741047833
1715741061259
1715741061617
1715741061903
1715741062097
1715741062358
1715741062699
1715741076304
1715741076658
1715741076898
1715741077140
1715741077299
1715741077429
1715741091291
1715741091630
1715741091879
1715741092084
1715741092339
1715741092808
1715741106295
1715741106654
1715741106882
1715741107148
1715741107503
1715741107819
1715741121270
1715741121608
1715741121850
1715741122095
1715741122498
1715741122887
1715741136380
1715741136701
1715741136942
1715741137133
1715741137291
1715741137714
1715741151258
1715741151600
1715741151901
1715741152108
1715741152381
1715741152790
1715741166229
1715741166558
1715741166844
1715741167110
1715741167279
1715741167632
1715741181252
1715741181576
1715741181831
1715741182178
1715741182619
1715741182928
1715741196265
1715741196616
1715741196917
1715741197208
1715741197542
1715741197849
1715741211297
1715741211666
1715741211950
1715741212208
1715741212541
1715741212840
1715741226443
1715741226759
1715741227029
1715741227265
1715741227640
1715741227969
1715741241317
1715741241674
1715741241919
1715741242244
1715741242620
1715741242943
1715741256408
1715741256740
1715741256982
1715741257206
1715741257472
1715741257837
1715741271313
1715741271660
1715741271896
1715741272102
1715741272415
1715741272727
1715741286294
1715741286631
1715741286893
1715741287150
1715741287642
1715741287940
1715741301298
1715741301647
1715741301905
1715741302072
1715741302333
1715741302752
1715741316435
1715741316769
1715741317072
1715741317289
1715741317631
1715741317947
1715741331325
1715741331623
1715741331869
1715741332189
1715741332579
1715741332868
1715741346395
1715741346767
1715741347022
1715741347298
1715741347637
1715741347972
1715741361449
1715741361775
1715741362018
1715741362203
1715741362433
1715741362842
1715741376384
1715741376726
1715741376974
1715741377225
1715741377578
1715741377853
1715741391340
1715741391657
1715741391927
1715741392138
1715741392377
1715741392750
1715741406412
1715741406754
1715741406998
1715741407263
1715741407615
1715741407968
1715741421303
1715741421629
1715741421882
1715741422205
1715741422566
1715741422955
1715741436628
1715741436978
1715741437305
1715741437711
1715741437969
1715741438145
1715741451449
1715741451790
1715741452051
1715741452234
1715741452599
1715741452967
1715741466394
1715741466727
1715741466959
1715741467190
1715741467543
1715741468010
1715741481376
1715741481699
1715741481956
1715741482280
1715741482725
1715741483002
1715741496465
1715741496795
1715741497042
1715741497225
1715741497381
1715741497840
1715741511422
1715741511729
1715741512002
1715741512271
1715741512607
1715741512869
1715741526472
1715741526770
1715741527015
1715741527263
1715741527603
1715741527904
1715741541458
1715741541748
1715741542021
1715741542241
1715741542666
1715741543014
1715741556428
1715741556763
1715741557034
1715741557321
1715741557653
1715741557975
1715741571311
1715741571653
1715741571897
1715741572133
1715741572585
1715741572918
1715741586596
1715741587029
1715741587220
1715741587513
1715741587894
1715741588138
1715741601363
1715741601663
1715741601920
1715741602137
1715741602594
1715741602950
1715741616442
1715741616734
1715741616976
1715741617168
1715741617334
1715741617777
1715741631537
1715741631860
1715741632081
1715741632355
1715741632726
1715741633071
1715741646388
1715741646738
1715741646983
1715741647172
1715741647587
1715741647856
1715741661433
1715741661763
1715741661980
1715741662170
1715741662388
1715741662821
1715741676524
1715741676877
1715741677111
1715741677366
1715741677819
1715741678092
1715741691464
1715741691787
1715741692079
1715741692431
1715741692767
1715741693114
1715741706538
1715741706827
1715741707094
1715741707370
1715741707672
1715741708086
1715741721491
1715741721796
1715741721926
1715741722223
1715741722409
1715741722576
1715741736479
1715741736775
1715741737020
1715741737338
1715741737568
1715741737932
1715741751409
1715741751745
1715741752016
1715741752357
1715741752675
1715741752931
1715741766539
1715741766903
1715741767133
1715741767345
1715741767641
1715741767973
1715741781508
1715741781839
1715741782125
1715741782343
1715741782744
1715741783077
1715741796509
1715741796805
1715741797057
1715741797281
1715741797548
1715741797853
1715741811462
1715741811790
1715741812024
1715741812380
1715741812786
1715741813057
1715741826508
1715741826846
1715741827091
1715741827422
1715741827704
1715741828040
1715741841566
1715741841960
1715741842162
1715741842387
1715741842681
1715741843032
1715741856560
1715741856929
1715741857161
1715741857356
1715741857593
1715741857982
1715741871588
1715741871912
1715741872217
1715741872538
1715741872855
1715741873186
1715741886577
1715741886908
1715741887157
1715741887350
1715741887575
1715741887968
1715741901656
1715741902003
1715741902254
1715741902471
1715741902648
1715741903032
1715741916460
1715741916836
1715741917090
1715741917296
1715741917640
1715741917954
1715741931526
1715741931850
1715741932107
1715741932323
1715741932745
1715741933165
1715741946595
1715741946975
1715741947234
1715741947576
1715741947891
1715741948243
1715741961594
1715741961894
1715741962143
1715741962379
1715741962670
1715741963134
1715741976605
1715741976944
1715741977178
1715741977519
1715741977862
1715741978179
1715741991653
1715741991955
1715741992211
1715741992471
1715741992777
1715741993191
1715742006601
1715742006934
1715742007165
1715742007362
1715742007590
1715742008044
1715742021679
1715742022057
1715742022322
1715742022517
1715742022974
1715742023317
1715742036675
1715742037021
1715742037262
1715742037515
1715742037835
1715742038151
1715742051631
1715742051960
1715742052207
1715742052413
1715742052884
1715742053196
1715742066604
1715742066948
1715742067200
1715742067448
1715742067892
1715742068192
1715742081693
1715742082004
1715742082257
1715742082489
1715742082857
1715742083160
1715742096718
1715742097057
1715742097284
1715742097503
1715742097823
1715742098296
1715742111591
1715742111943
1715742112187
1715742112398
1715742112710
1715742113143
1715742126634
1715742126986
1715742127211
1715742127434
1715742127735
1715742128146
1715742141654
1715742141964
1715742142207
1715742142435
1715742142805
1715742143209
1715742156666
1715742156997
1715742157317
1715742157543
1715742157929
1715742158284
1715742171624
1715742171995
1715742172395
1715742172616
1715742173020
1715742173336
1715742186595
1715742186894
1715742187215
1715742187546
1715742187928
1715742188156
1715742201606
1715742201972
1715742202234
1715742202522
1715742202834
1715742203044
1715742216707
1715742217070
1715742217345
1715742217592
1715742217942
1715742218311
1715742231626
1715742231953
1715742232275
1715742232535
1715742232882
1715742233234
1715742246647
1715742246983
1715742247231
1715742247481
1715742247781
1715742248174
1715742261669
1715742262004
1715742262238
1715742262467
1715742262809
1715742263141
1715742276701
1715742277066
1715742277301
1715742277510
1715742277890
1715742278293
1715742291661
1715742292016
1715742292249
1715742292466
1715742292751
1715742293116
1715742306718
1715742307079
1715742307335
1715742307597
1715742308018
1715742308373
1715742321627
1715742321973
1715742322196
1715742322448
1715742322731
1715742323052
1715742336843
1715742337180
1715742337469
1715742337747
1715742338074
1715742338374
1715742351725
1715742352068
1715742352371
1715742352685
1715742352946
1715742353275
1715742366680
1715742367004
1715742367309
1715742367563
1715742368022
1715742368318
1715742381736
1715742382062
1715742382307
1715742382526
1715742382885
1715742383360
1715742396868
1715742397225
1715742397473
1715742397709
1715742397982
1715742398359
1715742411767
1715742412120
1715742412368
1715742412633
1715742412938
1715742413344
1715742426687
1715742426995
1715742427255
1715742427612
1715742428000
1715742428265
1715742441723
1715742442066
1715742442323
1715742442626
1715742442984
1715742443350
1715742456676
1715742457018
1715742457260
1715742457542
1715742457817
1715742458147
1715742471744
1715742472093
1715742472328
1715742472547
1715742472816
1715742473142
1715742486834
1715742487146
1715742487394
1715742487750
1715742488056
1715742488444
1715742501648
1715742501993
1715742502232
1715742502448
1715742502950
1715742503268
1715742516749
1715742517089
1715742517334
1715742517558
1715742518009
1715742518354
1715742531815
1715742532159
1715742532398
1715742532676
1715742533124
1715742533421
1715742546824
1715742547130
1715742547387
1715742547714
1715742548121
1715742548431
1715742561726
1715742562069
1715742562390
1715742562683
1715742562978
1715742563327
1715742576796
1715742577141
1715742577394
1715742577740
1715742578076
1715742578410
1715742591732
1715742592046
1715742592301
1715742592618
1715742592817
1715742593143
1715742606837
1715742607183
1715742607444
1715742607729
1715742608033
1715742608403
1715742621819
1715742622170
1715742622459
1715742622684
1715742623011
1715742623352
1715742636816
1715742637166
1715742637423
1715742637703
1715742638005
1715742638377
1715742651788
1715742652154
1715742652443
1715742652766
1715742653107
1715742653382
1715742666812
1715742667161
1715742667393
1715742667612
1715742667925
1715742668268
1715742681850
1715742682152
1715742682408
1715742682688
1715742683011
1715742683291
1715742696839
1715742697170
1715742697464
1715742697752
1715742698102
1715742698401
1715742712029
1715742712330
1715742712581
1715742712744
1715742712966
1715742713388
1715742726853
1715742727182
1715742727507
1715742727784
1715742728114
1715742728442
1715742741799
1715742742133
1715742742412
1715742742719
1715742743039
1715742743402
1715742756954
1715742757261
1715742757503
1715742757704
1715742757846
1715742758331
1715742771884
1715742772216
1715742772441
1715742772655
1715742772897
1715742773276
1715742786859
1715742787189
1715742787432
1715742787745
1715742788090
1715742788392
1715742801955
1715742802266
1715742802492
1715742802775
1715742803254
1715742803571
1715742816924
1715742817253
1715742817506
1715742817749
1715742818062
1715742818421
1715742831915
1715742832228
1715742832485
1715742832825
1715742833208
1715742833491
1715742846986
1715742847295
1715742847533
1715742847777
1715742848113
1715742848424
1715742861956
1715742862284
1715742862531
1715742862739
1715742862949
1715742863322
1715742876903
1715742877264
1715742877497
1715742877746
1715742878164
1715742878542
1715742891898
1715742892216
1715742892451
1715742892653
1715742892954
1715742893410
1715742906914
1715742907221
1715742907464
1715742907778
1715742908159
1715742908483
1715742921954
1715742922288
1715742922529
1715742922784
1715742923119
1715742923527
1715742937033
1715742937398
1715742937641
1715742937833
1715742938096
1715742938434
1715742951949
1715742952290
1715742952533
1715742952778
1715742953038
1715742953438
1715742966945
1715742967237
1715742967482
1715742967694
1715742967844
1715742968297
1715742982017
1715742982328
1715742982576
1715742982939
1715742983303
1715742983620
1715742996874
1715742997232
1715742997505
1715742997776
1715742998121
1715742998442
1715743011950
1715743012310
1715743012543
1715743012788
1715743013159
1715743013564
1715743027050
1715743027373
1715743027675
1715743027899
1715743028335
1715743028651
1715743041986
1715743042351
1715743042604
1715743042837
1715743043217
1715743043510
1715743057040
1715743057382
1715743057622
1715743057873
1715743058286
1715743058635
1715743072037
1715743072352
1715743072611
1715743072820
1715743073087
1715743073397
1715743087022
1715743087323
1715743087581
1715743087884
1715743088204
1715743088601
1715743101930
1715743102252
1715743102503
1715743102846
1715743103199
1715743103501
1715743117032
1715743117350
1715743117615
1715743117833
1715743118009
1715743118212
1715743131918
1715743132252
1715743132501
1715743132772
1715743133083
1715743133396
1715743147003
1715743147297
1715743147587
1715743147903
1715743148206
1715743148611
1715743162078
1715743162421
1715743162668
1715743162919
1715743163281
1715743163564
1715743177045
1715743177411
1715743177650
1715743177914
1715743178199
1715743178533
1715743192066
1715743192397
1715743192634
1715743192840
1715743193020
1715743193383
1715743207053
1715743207369
1715743207626
1715743207934
1715743208263
1715743208541
1715743221907
1715743222225
1715743222530
1715743222844
1715743223164
1715743223484
1715743237118
1715743237444
1715743237669
1715743238096
1715743238435
1715743238833
1715743252104
1715743252429
1715743252670
1715743252969
1715743253326
1715743253692
1715743267036
1715743267366
1715743267614
1715743267854
1715743268207
1715743268585
1715743282094
1715743282434
1715743282724
1715743282933
1715743283348
1715743283729
1715743297175
1715743297522
1715743297823
1715743298069
1715743298429
1715743298766
1715743312119
1715743312481
1715743312764
1715743313042
1715743313466
1715743313730
1715743327032
1715743327361
1715743327603
1715743327839
1715743328109
1715743328466
1715743342145
1715743342501
1715743342736
1715743342972
1715743343301
1715743343696
1715743357051
1715743357390
1715743357633
1715743357844
1715743358330
1715743358668
1715743372144
1715743372488
1715743372726
1715743372958
1715743373294
1715743373556
1715743387155
1715743387484
1715743387723
1715743388061
1715743388390
1715743388704
1715743402098
1715743402444
1715743402676
1715743402884
1715743403240
1715743403590
1715743417101
1715743417434
1715743417681
1715743417954
1715743418344
1715743418638
1715743432056
1715743432400
1715743432652
1715743432905
1715743433193
1715743433509
1715743447017
1715743447326
1715743447457
1715743447723
1715743447910
1715743448056
1715743462229
1715743462529
1715743462777
1715743463013
1715743463368
1715743463695
1715743477092
1715743477415
1715743477647
1715743477949
1715743478351
1715743478695
1715743492057
1715743492433
1715743492643
1715743492835
1715743493084
1715743493519
1715743507123
1715743507447
1715743507716
1715743508017
1715743508445
1715743508731
1715743522141
1715743522466
1715743522707
1715743523024
1715743523455
1715743523728
1715743537295
1715743537606
1715743537871
1715743538143
1715743538521
1715743538897
1715743552115
1715743552460
1715743552751
1715743553022
1715743553358
1715743553703
1715743567153
1715743567504
1715743567754
1715743568104
1715743568398
1715743568689
1715743582224
1715743582563
1715743582801
1715743583051
1715743583339
1715743583678
1715743597198
1715743597533
1715743597774
1715743597999
1715743598288
1715743598654
1715743612238
1715743612593
1715743612828
1715743613083
1715743613538
1715743613848
1715743627152
1715743627516
1715743627743
1715743627967
1715743628313
1715743628677
1715743642055
1715743642399
1715743642642
1715743642957
1715743643326
1715743643675
1715743657169
1715743657489
1715743657785
1715743657976
1715743658269
1715743658705
1715743672201
1715743672536
1715743672793
1715743673042
1715743673241
1715743673646
1715743687201
1715743687547
1715743687797
1715743688144
1715743688509
1715743688787
1715743702274
1715743702591
1715743702843
1715743703164
1715743703506
1715743703843
1715743717215
1715743717581
1715743717812
1715743717976
1715743718202
1715743718615
1715743732201
1715743732537
1715743732775
1715743733120
1715743733475
1715743733818
1715743747289
1715743747656
1715743747909
1715743748137
1715743748442
1715743748824
1715743762288
1715743762627
1715743762874
1715743763089
1715743763393
1715743763840
1715743777207
1715743777542
1715743777836
1715743778202
1715743778540
1715743778799
1715743792260
1715743792584
1715743792838
1715743793037
1715743793434
1715743793853
1715743807299
1715743807637
1715743807882
1715743808122
1715743808313
1715743808673
1715743822273
1715743822607
1715743822862
1715743823136
1715743823607
1715743824071
1715743837326
1715743837681
1715743837934
1715743838192
1715743838497
1715743838856
1715743852320
1715743852612
1715743852864
1715743853069
1715743853432
1715743853773
1715743867270
1715743867591
1715743867894
1715743868124
1715743868568
1715743868868
1715743882346
1715743882677
1715743882927
1715743883111
1715743883384
1715743883778
1715743897221
1715743897582
1715743897873
1715743898118
1715743898491
1715743898777
1715743912284
1715743912650
1715743912870
1715743913119
1715743913490
1715743913906
1715743927327
1715743927661
1715743927896
1715743928095
1715743928298
1715743928702
1715743942268
1715743942590
1715743942836
1715743943188
1715743943521
1715743943828
1715743957345
1715743957646
1715743957898
1715743958103
1715743958510
1715743958832
1715743972320
1715743972637
1715743972878
1715743973158
1715743973503
1715743973804
1715743987223
1715743987561
1715743987822
1715743988075
1715743988361
1715743988675
1715744002338
1715744002685
1715744002924
1715744003119
1715744003299
1715744003724
1715744017360
1715744017705
1715744017938
1715744018212
1715744018489
1715744018812
1715744032360
1715744032661
1715744032903
1715744033105
1715744033235
1715744033461
1715744047351
1715744047688
1715744047942
1715744048190
1715744048546
1715744048926
1715744062419
1715744062712
1715744062989
1715744063176
1715744063323
1715744063678
1715744077381
1715744077676
1715744077912
1715744078163
1715744078333
1715744078693
1715744092371
1715744092700
1715744092992
1715744093228
1715744093688
1715744094008
1715744107460
1715744107808
1715744108052
1715744108243
1715744108512
1715744108925
1715744122413
1715744122742
1715744123049
1715744123230
1715744123534
1715744123975
1715744137304
1715744137644
1715744137893
1715744138220
1715744138645
1715744138935
1715744152476
1715744152822
1715744153083
1715744153299
1715744153546
1715744153894
1715744167310
1715744167655
1715744167892
1715744168174
1715744168496
1715744168775
1715744182388
1715744182722
1715744182968
1715744183218
1715744183711
1715744184008
1715744197421
1715744197753
1715744197995
1715744198322
1715744198673
1715744198985
1715744212261
1715744212606
1715744212840
1715744213065
1715744213431
1715744213800
1715744227374
1715744227708
1715744227961
1715744228297
1715744228635
1715744229006
1715744242403
1715744242727
1715744242994
1715744243150
1715744243398
1715744243847
1715744257367
1715744257718
1715744257974
1715744258198
1715744258654
1715744258990
1715744272479
1715744272802
1715744273074
1715744273322
1715744273717
1715744274049
1715744287481
1715744287848
1715744288094
1715744288298
1715744288602
1715744288952
1715744302455
1715744302935
1715744303100
1715744303284
1715744303512
1715744303831
1715744317429
1715744317795
1715744318087
1715744318345
1715744318709
1715744319036
1715744332421
1715744332764
1715744332999
1715744333270
1715744333650
1715744334009
1715744347498
1715744347816
1715744348055
1715744348311
1715744348809
1715744349248
1715744362445
1715744362813
1715744363057
1715744363216
1715744363432
1715744363826
1715744377550
1715744377925
1715744378187
1715744378419
1715744378785
1715744379134
1715744392438
1715744392806
1715744393129
1715744393352
1715744393706
1715744394048
1715744407496
1715744407862
1715744408125
1715744408421
1715744408699
1715744409047
1715744422495
1715744422831
1715744423096
1715744423281
1715744423570
1715744424030
1715744437659
1715744437971
1715744438192
1715744438441
1715744438791
1715744439079
1715744452415
1715744452779
1715744453008
1715744453207
1715744453321
1715744453794
1715744467548
1715744467867
1715744468176
1715744468370
1715744468744
1715744469151
1715744482516
1715744482838
1715744483131
1715744483339
1715744483671
1715744484014
1715744497405
1715744497743
1715744497979
1715744498203
1715744498656
1715744499024
1715744512503
1715744512841
1715744513089
1715744513295
1715744513509
1715744513836
1715744527474
1715744527806
1715744528042
1715744528266
1715744528645
1715744528967
1715744542497
1715744542846
1715744543095
1715744543333
1715744543679
1715744544034
1715744557552
1715744557843
1715744558116
1715744558392
1715744558696
1715744559051
1715744572442
1715744572808
1715744573037
1715744573379
1715744573749
1715744574039
1715744587541
1715744587873
1715744588138
1715744588458
1715744588799
1715744589106
1715744602544
1715744602843
1715744603092
1715744603358
1715744603688
1715744603989
1715744617504
1715744617841
1715744618099
1715744618379
1715744618616
1715744619020
1715744632452
1715744632818
1715744633055
1715744633323
1715744633656
1715744634027
1715744647571
1715744647960
1715744648281
1715744648470
1715744648935
1715744649209
1715744662573
1715744662910
1715744663161
1715744663381
1715744663659
1715744664115
1715744677509
1715744677872
1715744678101
1715744678364
1715744678695
1715744679100
1715744692630
1715744692978
1715744693221
1715744693399
1715744693550
1715744693991
1715744707581
1715744707904
1715744708146
1715744708389
1715744708640
1715744709112
1715744722532
1715744722850
1715744723157
1715744723426
1715744723903
1715744724197
1715744737595
1715744737915
1715744738155
1715744738365
1715744738589
1715744738958
1715744752515
1715744752883
1715744753186
1715744753450
1715744753905
1715744754174
1715744767607
1715744767926
1715744768182
1715744768398
1715744768637
1715744768995
1715744782713
1715744783082
1715744783325
1715744783508
1715744783697
1715744784058
1715744797550
1715744797855
1715744798146
1715744798424
1715744798738
1715744799087
1715744812617
1715744812968
1715744813211
1715744813410
1715744813838
1715744814221
1715744827582
1715744827939
1715744828166
1715744828444
1715744828880
1715744829217
1715744842506
1715744842835
1715744843149
1715744843467
1715744843792
1715744844070
1715744857713
1715744858082
1715744858326
1715744858612
1715744859027
1715744859431
1715744872677
1715744873007
1715744873230
1715744873422
1715744873544
1715744873796
1715744887602
1715744887935
1715744888167
1715744888375
1715744888682
1715744889024
1715744902576
1715744902941
1715744903191
1715744903397
1715744903617
1715744904024
1715744917706
1715744918030
1715744918319
1715744918577
1715744918947
1715744919273
1715744932611
1715744932917
1715744933157
1715744933525
1715744933861
1715744934123
1715744947594
1715744947926
1715744948184
1715744948434
1715744948753
1715744949093
1715744962576
1715744962923
1715744963241
1715744963538
1715744963841
1715744964217
1715744977715
1715744977988
1715744978286
1715744978543
1715744978816
1715744979156
1715744992662
1715744993011
1715744993262
1715744993471
1715744993709
1715744994068
1715745007708
1715745008064
1715745008306
1715745008535
1715745008803
1715745009238
1715745022682
1715745023048
1715745023289
1715745023517
1715745023800
1715745024145
1715745037786
1715745038142
1715745038371
1715745038555
1715745039003
1715745039317
1715745052683
1715745053041
1715745053274
1715745053481
1715745053944
1715745054307
1715745067738
1715745068102
1715745068357
1715745068564
1715745068973
1715745069275
1715745082742
1715745083082
1715745083368
1715745083654
1715745084003
1715745084373
1715745097708
1715745098064
1715745098345
1715745098688
1715745098996
1715745099313
1715745112776
1715745113123
1715745113372
1715745113617
1715745113929
1715745114370
1715745127757
1715745128086
1715745128391
1715745128577
1715745129042
1715745129375
1715745142818
1715745143165
1715745143424
1715745143617
1715745143776
1715745144053
1715745157816
1715745158111
1715745158367
1715745158627
1715745159018
1715745159388
1715745172701
1715745173092
1715745173324
1715745173582
1715745173998
1715745174333
1715745187774
1715745188098
1715745188353
1715745188550
1715745188825
1715745189304
1715745202655
1715745202999
1715745203248
1715745203415
1715745203694
1715745204126
1715745217803
1715745218138
1715745218425
1715745218649
1715745219048
1715745219370
1715745232879
1715745233224
1715745233461
1715745233739
1715745234094
1715745234436
1715745247766
1715745248101
1715745248351
1715745248604
1715745248958
1715745249244
1715745262732
1715745263058
1715745263305
1715745263577
1715745263847
1715745264227
1715745277825
1715745278168
1715745278406
1715745278668
1715745278931
1715745279373
1715745292747
1715745293104
1715745293341
1715745293534
1715745293744
1715745294104
1715745307662
1715745308022
1715745308308
1715745308599
1715745309021
1715745309289
1715745322838
1715745323159
1715745323408
1715745323659
1715745323993
1715745324279
1715745337970
1715745338296
1715745338534
1715745338700
1715745339129
1715745339443
1715745352847
1715745353137
1715745353417
1715745353740
1715745354077
1715745354369
1715745367772
1715745368096
1715745368323
1715745368649
1715745368886
1715745369078
1715745382795
1715745383125
1715745383370
1715745383610
1715745383866
1715745384253
1715745397778
1715745398096
1715745398345
1715745398617
1715745398869
1715745399180
1715745412848
1715745413195
1715745413437
1715745413774
1715745414130
1715745414462
1715745427779
1715745428098
1715745428379
1715745428608
1715745428935
1715745429298
1715745442886
1715745443229
1715745443474
1715745443629
1715745443946
1715745444328
1715745457810
1715745458179
1715745458442
1715745458663
1715745458929
1715745459406
1715745472853
1715745473163
1715745473434
1715745473681
1715745473977
1715745474426
1715745487883
1715745488231
1715745488460
1715745488674
1715745488860
1715745489272
1715745502992
1715745503318
1715745503560
1715745503726
1715745503916
1715745504183
1715745517892
1715745518213
1715745518495
1715745518740
1715745519183
1715745519600
1715745532884
1715745533234
1715745533490
1715745533781
1715745534162
1715745534469
1715745547913
1715745548251
1715745548564
1715745548759
1715745549236
1715745549569
1715745562858
1715745563200
1715745563455
1715745563666
1715745563956
1715745564307
1715745577980
1715745578291
1715745578539
1715745578745
1715745579062
1715745579396
1715745592994
1715745593292
1715745593533
1715745593829
1715745594219
1715745594541
1715745607911
1715745608257
1715745608563
1715745608876
1715745609060
1715745609296
1715745622873
1715745623183
1715745623453
1715745623831
1715745624165
1715745624447
1715745637911
1715745638239
1715745638474
1715745638699
1715745639165
1715745639509
1715745652928
1715745653253
1715745653481
1715745653746
1715745654179
1715745654477
1715745667892
1715745668242
1715745668538
1715745668841
1715745669086
1715745669366
1715745682994
1715745683282
1715745683598
1715745683901
1715745684224
1715745684548
1715745697840
1715745698188
1715745698417
1715745698784
1715745699151
1715745699511
1715745712969
1715745713264
1715745713515
1715745713731
1715745714088
1715745714447
1715745727936
1715745728300
1715745728508
1715745728788
1715745729127
1715745729442
1715745742941
1715745743261
1715745743504
1715745743767
1715745744192
1715745744461
1715745758091
1715745758401
1715745758643
1715745758853
1715745759210
1715745759553
1715745773011
1715745773338
1715745773584
1715745773839
1715745774336
1715745774641
1715745787882
1715745788226
1715745788480
1715745788775
1715745789115
1715745789481
1715745802997
1715745803351
1715745803579
1715745803884
1715745804265
1715745804563
1715745818012
1715745818334
1715745818577
1715745818837
1715745819091
1715745819514
1715745832925
1715745833251
1715745833508
1715745833787
1715745834114
1715745834452
1715745848078
1715745848409
1715745848685
1715745848971
1715745849350
1715745849663
1715745863116
1715745863453
1715745863711
1715745863963
1715745864233
1715745864544
1715745878005
1715745878347
1715745878568
1715745878799
1715745879186
1715745879465
1715745893061
1715745893435
1715745893713
1715745894015
1715745894359
1715745894671
1715745908084
1715745908413
1715745908648
1715745908960
1715745909309
1715745909623
1715745922970
1715745923284
1715745923561
1715745923866
1715745924279
1715745924555
1715745938043
1715745938373
1715745938629
1715745938878
1715745939194
1715745939547
1715745953086
1715745953445
1715745953666
1715745953885
1715745954317
1715745954672
1715745968074
1715745968439
1715745968697
1715745968906
1715745969199
1715745969658
1715745982989
1715745983313
1715745983563
1715745983831
1715745984016
1715745984392
1715745998082
1715745998385
1715745998622
1715745998905
1715745999293
1715745999612
1715746013152
1715746013464
1715746013725
1715746013954
1715746014398
1715746014735
1715746028051
1715746028370
1715746028608
1715746028883
1715746029235
1715746029622
1715746043106
1715746043401
1715746043646
1715746044035
1715746044345
1715746044695
1715746058066
1715746058386
1715746058655
1715746058980
1715746059388
1715746059686
1715746073126
1715746073485
1715746073705
1715746073916
1715746074222
1715746074597
1715746088078
1715746088415
1715746088687
1715746089016
1715746089319
1715746089700
1715746103024
1715746103394
1715746103608
1715746103832
1715746104159
1715746104518
1715746118188
1715746118490
1715746118736
1715746119071
1715746119479
1715746119810
1715746133194
1715746133530
1715746133800
1715746134064
1715746134477
1715746134782
1715746148115
1715746148457
1715746148758
1715746149036
1715746149428
1715746149709
1715746163073
1715746163396
1715746163684
1715746163990
1715746164194
1715746164548
1715746178183
1715746178507
1715746178731
1715746178949
1715746179250
1715746179572
1715746193152
1715746193491
1715746193737
1715746193937
1715746194252
1715746194635
1715746208145
1715746208473
1715746208735
1715746209073
1715746209436
1715746209748
1715746223172
1715746223508
1715746223769
1715746224041
1715746224523
1715746224807
1715746238204
1715746238525
1715746238782
1715746239180
1715746239574
1715746239906
1715746253233
1715746253590
1715746253898
1715746254089
1715746254373
1715746254790
1715746268296
1715746268588
1715746268844
1715746269040
1715746269468
1715746269826
1715746283062
1715746283428
1715746283662
1715746283841
1715746284212
1715746284596
1715746298160
1715746298494
1715746298745
1715746298962
1715746299211
1715746299632
1715746313218
1715746313564
1715746313806
1715746313993
1715746314196
1715746314584
1715746328125
1715746328448
1715746328704
1715746328948
1715746329356
1715746329669
1715746343246
1715746343562
1715746343809
1715746344023
1715746344322
1715746344649
1715746358223
1715746358553
1715746358803
1715746359033
1715746359278
1715746359602
1715746373138
1715746373495
1715746373721
1715746374014
1715746374433
1715746374757
1715746388179
1715746388508
1715746388745
1715746388964
1715746389281
1715746389635
1715746403182
1715746403489
1715746403755
1715746404018
1715746404354
1715746404720
1715746418128
1715746418479
1715746418720
1715746418935
1715746419388
1715746419742
1715746433281
1715746433573
1715746433829
1715746434060
1715746434369
1715746434661
1715746448254
1715746448593
1715746448832
1715746449008
1715746449141
1715746449462
1715746463261
1715746463560
1715746463845
1715746464026
1715746464143
1715746464572
1715746478204
1715746478538
1715746478777
1715746479134
1715746479503
1715746479808
1715746493269
1715746493614
1715746493858
1715746494121
1715746494540
1715746494861
1715746508251
1715746508555
1715746508806
1715746509028
1715746509165
1715746509444
1715746523248
1715746523589
1715746523838
1715746524127
1715746524604
1715746524882
1715746538542
1715746538980
1715746539353
1715746539727
1715746540004
1715746540261
1715746553190
1715746553520
1715746553771
1715746554159
1715746554457
1715746554816
1715746568184
1715746568534
1715746568773
1715746568971
1715746569331
1715746569688
1715746583280
1715746583609
1715746583859
1715746584120
1715746584537
1715746584890
1715746598160
1715746598502
1715746598729
1715746598957
1715746599339
1715746599684
1715746613217
1715746613527
1715746613796
1715746614113
1715746614410
1715746614748
1715746628316
1715746628673
1715746628906
1715746629110
1715746629485
1715746629935
1715746643234
1715746643615
1715746643878
1715746644119
1715746644600
1715746644889
1715746658210
1715746658574
1715746658833
1715746659145
1715746659507
1715746659827
1715746673338
1715746673680
1715746673924
1715746674153
1715746674447
1715746674879
1715746688250
1715746688560
1715746688817
1715746689230
1715746689555
1715746689808
1715746703277
1715746703615
1715746703902
1715746704241
1715746704529
1715746704898
1715746718300
1715746718657
1715746718904
1715746719213
1715746719569
1715746719960
1715746733273
1715746733601
1715746733840
1715746734143
1715746734543
1715746734863
1715746748197
1715746748540
1715746748801
1715746749008
1715746749353
1715746749641
1715746763360
1715746763727
1715746763953
1715746764204
1715746764543
1715746764954
1715746778255
1715746778591
1715746778863
1715746779062
1715746779463
1715746779793
1715746793318
1715746793669
1715746793916
1715746794160
1715746794556
1715746794865
1715746808370
1715746808694
1715746808987
1715746809217
1715746809537
1715746809835
1715746823308
1715746823638
1715746823877
1715746824184
1715746824661
1715746825044
1715746838412
1715746838789
1715746839082
1715746839291
1715746839722
1715746840050
1715746853398
1715746853767
1715746854003
1715746854213
1715746854496
1715746854841
1715746868380
1715746868702
1715746869016
1715746869299
1715746869667
1715746869977
1715746883369
1715746883695
1715746883957
1715746884201
1715746884665
1715746884984
1715746898314
1715746898668
1715746898965
1715746899280
1715746899569
1715746899914
1715746913344
1715746913689
1715746913927
1715746914177
1715746914553
1715746914838
1715746928299
1715746928658
1715746928942
1715746929247
1715746929632
1715746929904
1715746943424
1715746943794
1715746944086
1715746944314
1715746944569
1715746944871
1715746958355
1715746958694
1715746958976
1715746959316
1715746959617
1715746959942
1715746973394
1715746973712
1715746973965
1715746974210
1715746974411
1715746974755
1715746988466
1715746988778
1715746989095
1715746989306
1715746989654
1715746990006
1715747003350
1715747003716
1715747003992
1715747004333
1715747004730
1715747004979
1715747018387
1715747018708
1715747018959
1715747019256
1715747019591
1715747019871
1715747033392
1715747033722
1715747033984
1715747034287
1715747034655
1715747035017
1715747048417
1715747048776
1715747049008
1715747049253
1715747049576
1715747049979
1715747063383
1715747063713
1715747063964
1715747064321
1715747064672
1715747064981
1715747078590
1715747078897
1715747079138
1715747079384
1715747079694
1715747080015
1715747093448
1715747093758
1715747094004
1715747094340
1715747094780
1715747095054
1715747108431
1715747108764
1715747109012
1715747109330
1715747109804
1715747110055
1715747123465
1715747123816
1715747124102
1715747124437
1715747124725
1715747125038
1715747138458
1715747138774
1715747139005
1715747139266
1715747139574
1715747139895
1715747153432
1715747153727
1715747154019
1715747154326
1715747154534
1715747154836
1715747168491
1715747168819
1715747169073
1715747169329
1715747169699
1715747169996
1715747183420
1715747183743
1715747184020
1715747184357
1715747184708
1715747185086
1715747198429
1715747198750
1715747198994
1715747199290
1715747199601
1715747199894
1715747213478
1715747213769
1715747214018
1715747214239
1715747214494
1715747214837
1715747228503
1715747228816
1715747229048
1715747229265
1715747229558
1715747230014
1715747243426
1715747243756
1715747244048
1715747244378
1715747244753
1715747245011
1715747258438
1715747258782
1715747259007
1715747259275
1715747259680
1715747260028
1715747273453
1715747273752
1715747273991
1715747274260
1715747274476
1715747274798
1715747288493
1715747288812
1715747289057
1715747289270
1715747289550
1715747289943
1715747303569
1715747303904
1715747304139
1715747304374
1715747304765
1715747305039
1715747318521
1715747318842
1715747319094
1715747319290
1715747319520
1715747319936
1715747333521
1715747333842
1715747334086
1715747334357
1715747334596
1715747334898
1715747348546
1715747348878
1715747349150
1715747349409
1715747349804
1715747350122
1715747363486
1715747363826
1715747364064
1715747364276
1715747364658
1715747364977
1715747378495
1715747378828
1715747379068
1715747379315
1715747379668
1715747380049
1715747393557
1715747393858
1715747394132
1715747394411
1715747394541
1715747394710
1715747408569
1715747408859
1715747409171
1715747409407
1715747409850
1715747410195
1715747423543
1715747423879
1715747424110
1715747424460
1715747424800
1715747425113
1715747438679
1715747439047
1715747439322
1715747439629
1715747439947
1715747440273
1715747453565
1715747453865
1715747454116
1715747454355
1715747454627
1715747455031
1715747468529
1715747468894
1715747469120
1715747469390
1715747469792
1715747470184
1715747483587
1715747483944
1715747484192
1715747484455
1715747484698
1715747485090
1715747498566
1715747498898
1715747499148
1715747499455
1715747499835
1715747500182
1715747513600
1715747513909
1715747514161
1715747514438
1715747514762
1715747515081
1715747528649
1715747528970
1715747529230
1715747529539
1715747529891
1715747530244
1715747543569
1715747543911
1715747544163
1715747544456
1715747544817
1715747545130
1715747558547
1715747558890
1715747559144
1715747559353
1715747559640
1715747560069
1715747573629
1715747573942
1715747574189
1715747574405
1715747574754
1715747575094
1715747588606
1715747588952
1715747589199
1715747589380
1715747589616
1715747589933
1715747603601
1715747603952
1715747604178
1715747604468
1715747604818
1715747605114
1715747618573
1715747618899
1715747619143
1715747619402
1715747619822
1715747620226
1715747633626
1715747633992
1715747634219
1715747634602
1715747634933
1715747635286
1715747648672
1715747648999
1715747649242
1715747649518
1715747649826
1715747650228
1715747663577
1715747663889
1715747664142
1715747664437
1715747664627
1715747664863
1715747678579
1715747678911
1715747679144
1715747679346
1715747679741
1715747680059
1715747693680
1715747694059
1715747694303
1715747694534
1715747694796
1715747695141
1715747708705
1715747709030
1715747709335
1715747709540
1715747709991
1715747710281
1715747723554
1715747723891
1715747724138
1715747724454
1715747724804
1715747725093
1715747738633
1715747738949
1715747739214
1715747739420
1715747739881
1715747740202
1715747753605
1715747753934
1715747754179
1715747754434
1715747754834
1715747755222
1715747768628
1715747768988
1715747769216
1715747769434
1715747769733
1715747770103
1715747783711
1715747784043
1715747784286
1715747784468
1715747784659
1715747784852
1715747798693
1715747799049
1715747799293
1715747799521
1715747799822
1715747800254
1715747813653
1715747813970
1715747814237
1715747814581
1715747814957
1715747815234
1715747828678
1715747829007
1715747829301
1715747829581
1715747829856
1715747830112
1715747843754
1715747844101
1715747844357
1715747844587
1715747844933
1715747845285
1715747858688
1715747859022
1715747859262
1715747859568
1715747859920
1715747860231
1715747873680
1715747874024
1715747874323
1715747874571
1715747874943
1715747875233
1715747888763
1715747889107
1715747889350
1715747889624
1715747889977
1715747890265
1715747903795
1715747904105
1715747904403
1715747904739
1715747904982
1715747905354
1715747918735
1715747919075
1715747919326
1715747919687
1715747920004
1715747920324
1715747933861
1715747934180
1715747934410
1715747934626
1715747934891
1715747935235
1715747948720
1715747949029
1715747949142
1715747949454
1715747949662
1715747949947
1715747963792
1715747964162
1715747964462
1715747964691
1715747964996
1715747965309
1715747978717
1715747979060
1715747979292
1715747979579
1715747979988
1715747980297
1715747993732
1715747994086
1715747994306
1715747994550
1715747994838
1715747995204
1715748008737
1715748009101
1715748009364
1715748009644
1715748009947
1715748010296
1715748023835
1715748024164
1715748024422
1715748024620
1715748024975
1715748025310
1715748038906
1715748039212
1715748039485
1715748039774
1715748040124
1715748040373
1715748053712
1715748054009
1715748054247
1715748054477
1715748054765
1715748055085
1715748068754
1715748069115
1715748069415
1715748069719
1715748070083
1715748070427
1715748083789
1715748084116
1715748084409
1715748084717
1715748085073
1715748085376
1715748098776
1715748099120
1715748099410
1715748099746
1715748100101
1715748100376
1715748113932
1715748114266
1715748114517
1715748114783
1715748115188
1715748115524
1715748128811
1715748129159
1715748129408
1715748129669
1715748130126
1715748130466
1715748143751
1715748144091
1715748144357
1715748144710
1715748145008
1715748145382
1715748158848
1715748159175
1715748159410
1715748159690
1715748159953
1715748160351
1715748173800
1715748174101
1715748174337
1715748174601
1715748175003
1715748175339
1715748188866
1715748189187
1715748189445
1715748189684
1715748189975
1715748190386
1715748203773
1715748204101
1715748204387
1715748204740
1715748205130
1715748205395
1715748218840
1715748219173
1715748219405
1715748219752
1715748220125
1715748220392
1715748233822
1715748234187
1715748234417
1715748234613
1715748234902
1715748235303
1715748248841
1715748249169
1715748249414
1715748249645
1715748249799
1715748250045
1715748263783
1715748264112
1715748264359
1715748264584
1715748264863
1715748265238
1715748278830
1715748279190
1715748279458
1715748279693
1715748280174
1715748280475
1715748293888
1715748294194
1715748294505
1715748294756
1715748295053
1715748295391
1715748308798
1715748309134
1715748309421
1715748309760
1715748310122
1715748310430
1715748323801
1715748324165
1715748324396
1715748324713
1715748325096
1715748325389
1715748339125
1715748339444
1715748339661
1715748339949
1715748340320
1715748340585
1715748353901
1715748354237
1715748354484
1715748354738
1715748354916
1715748355303
1715748368946
1715748369288
1715748369511
1715748369795
1715748370191
1715748370531
1715748384006
1715748384359
1715748384592
1715748384785
1715748384941
1715748385218
1715748398827
1715748399153
1715748399399
1715748399745
1715748400093
1715748400418
1715748413949
1715748414284
1715748414566
1715748414855
1715748415212
1715748415531
1715748428986
1715748429313
1715748429614
1715748429799
1715748430016
1715748430335
1715748443979
1715748444343
1715748444580
1715748444766
1715748444917
1715748445385
1715748458951
1715748459276
1715748459528
1715748459864
1715748460199
1715748460511
1715748473892
1715748474223
1715748474533
1715748474718
1715748474924
1715748475258
1715748488861
1715748489221
1715748489453
1715748489732
1715748490043
1715748490444
1715748503916
1715748504251
1715748504490
1715748504722
1715748505060
1715748505374
1715748519047
1715748519381
1715748519620
1715748519809
1715748520137
1715748520470
1715748533942
1715748534263
1715748534506
1715748534727
1715748535040
1715748535372
1715748548992
1715748549343
1715748549584
1715748549788
1715748550066
1715748550396
1715748563970
1715748564308
1715748564537
1715748564801
1715748565027
1715748565420
1715748580164
1715748580482
1715748580774
1715748581044
1715748581382
1715748581707
1715748593970
1715748594294
1715748594518
1715748594715
1715748594873
1715748595235
1715748608997
1715748609331
1715748609581
1715748609849
1715748610229
1715748610576
1715748623956
1715748624271
1715748624532
1715748624855
1715748625187
1715748625517
1715748638982
1715748639299
1715748639530
1715748639767
1715748640131
1715748640473
1715748653965
1715748654306
1715748654542
1715748654811
1715748655168
1715748655570
1715748668926
1715748669254
1715748669545
1715748669875
1715748670175
1715748670470
1715748684130
1715748684446
1715748684756
1715748685008
1715748685426
1715748685727
1715748698967
1715748699292
1715748699529
1715748699797
1715748700276
1715748700581
1715748713967
1715748714322
1715748714556
1715748714772
1715748715132
1715748715437
1715748728979
1715748729301
1715748729516
1715748729785
1715748730010
1715748730327
1715748743896
1715748744249
1715748744453
1715748744673
1715748744943
1715748745294
1715748759009
1715748759354
1715748759578
1715748759780
1715748760186
1715748760532
1715748774009
1715748774341
1715748774564
1715748774909
1715748775241
1715748775557
1715748789090
1715748789423
1715748789709
1715748789952
1715748790366
1715748790690
1715748804018
1715748804345
1715748804594
1715748804981
1715748805293
1715748805618
1715748819074
1715748819435
1715748819678
1715748819902
1715748820408
1715748820735
1715748834157
1715748834454
1715748834707
1715748835003
1715748835361
1715748835708
1715748849082
1715748849431
1715748849652
1715748849882
1715748850094
1715748850435
1715748864061
1715748864384
1715748864688
1715748865021
1715748865434
1715748865704
1715748879067
1715748879411
1715748879650
1715748879942
1715748880349
1715748880687
1715748894133
1715748894451
1715748894683
1715748894964
1715748895214
1715748895629
1715748909007
1715748909359
1715748909602
1715748909906
1715748910312
1715748910574
1715748924164
1715748924490
1715748924761
1715748925028
1715748925297
1715748925676
1715748939108
1715748939451
1715748939675
1715748939966
1715748940384
1715748940698
1715748954064
1715748954407
1715748954622
1715748954934
1715748955302
1715748955630
1715748969161
1715748969484
1715748969781
1715748970003
1715748970288
1715748970621
1715748984105
1715748984447
1715748984671
1715748985005
1715748985258
1715748985522
1715748999132
1715748999465
1715748999713
1715749000032
1715749000396
1715749000707
1715749014087
1715749014429
1715749014732
1715749015053
1715749015384
1715749015676
1715749029076
1715749029417
1715749029704
1715749029967
1715749030329
1715749030647
1715749044097
1715749044448
1715749044711
1715749044950
1715749045309
1715749045682
1715749059209
1715749059538
1715749059778
1715749059961
1715749060170
1715749060595
1715749074085
1715749074427
1715749074668
1715749074939
1715749075304
1715749075610
1715749089069
1715749089405
1715749089640
1715749089906
1715749090199
1715749090576
1715749104231
1715749104591
1715749104874
1715749105098
1715749105541
1715749105857
1715749119187
1715749119535
1715749119761
1715749120102
1715749120441
1715749120760
1715749134224
1715749134566
1715749134799
1715749135051
1715749135422
1715749135801
1715749149210
1715749149504
1715749149797
1715749149985
1715749150163
1715749150510
1715749164091
1715749164422
1715749164675
1715749165099
1715749165408
1715749165719
1715749179285
1715749179602
1715749179831
1715749180110
1715749180415
1715749180715
1715749194340
1715749194683
1715749194938
1715749195122
1715749195314
1715749195674
1715749209108
1715749209451
1715749209684
1715749209868
1715749210131
1715749210462
1715749224203
1715749224534
1715749224783
1715749225050
1715749225395
1715749225782
1715749239210
1715749239593
1715749239824
1715749240044
1715749240385
1715749240754
1715749254219
1715749254529
1715749254783
1715749255054
1715749255392
1715749255702
1715749269219
1715749269524
1715749269766
1715749269984
1715749270139
1715749270470
1715749284229
1715749284562
1715749284791
1715749285007
1715749285361
1715749285699
1715749299148
1715749299504
1715749299742
1715749300061
1715749300422
1715749300777
1715749314200
1715749314534
1715749314777
1715749315073
1715749315448
1715749315790
1715749329272
1715749329633
1715749329884
1715749330116
1715749330389
1715749330774
1715749344256
1715749344600
1715749344891
1715749345069
1715749345308
1715749345665
1715749359265
1715749359592
1715749359844
1715749360075
1715749360287
1715749360686
1715749374287
1715749374605
1715749374858
1715749375093
1715749375383
1715749375749
1715749389264
1715749389579
1715749389882
1715749390251
1715749390590
1715749390774
1715749404248
1715749404548
1715749404801
1715749405049
1715749405433
1715749405727
1715749419259
1715749419605
1715749419901
1715749420135
1715749420425
1715749420766
1715749434186
1715749434527
1715749434789
1715749435058
1715749435414
1715749435841
1715749449289
1715749449600
1715749449858
1715749450279
1715749450591
1715749450895
1715749464383
1715749464721
1715749464974
1715749465183
1715749465484
1715749465911
1715749479278
1715749479634
1715749479873
1715749480078
1715749480427
1715749480782
1715749494287
1715749494652
1715749494875
1715749495059
1715749495347
1715749495701
1715749509332
1715749509666
1715749509923
1715749510111
1715749510541
1715749510830
1715749524167
1715749524528
1715749524753
1715749524976
1715749525239
1715749525642
1715749539468
1715749539818
1715749540083
1715749540413
1715749540719
1715749541091
1715749554367
1715749554738
1715749554957
1715749555175
1715749555411
1715749555797
1715749569273
1715749569600
1715749569864
1715749570093
1715749570414
1715749570828
1715749584290
1715749584630
1715749584904
1715749585169
1715749585509
1715749585861
1715749599317
1715749599648
1715749599949
1715749600178
1715749600488
1715749600903
1715749614343
1715749614667
1715749614921
1715749615141
1715749615391
1715749615795
1715749629419
1715749629770
1715749630011
1715749630273
1715749630698
1715749630975
1715749644444
1715749644748
1715749644977
1715749645351
1715749645749
1715749646078
1715749659290
1715749659598
1715749659852
1715749660093
1715749660422
1715749660732
1715749674262
1715749674623
1715749674861
1715749675182
1715749675531
1715749675839
1715749689420
1715749689758
1715749690070
1715749690304
1715749690656
1715749691041
1715749704325
1715749704662
1715749704895
1715749705107
1715749705412
1715749705726
1715749719276
1715749719620
1715749719906
1715749720261
1715749720577
1715749720796
1715749734439
1715749734792
1715749735048
1715749735297
1715749735661
1715749736121
1715749749444
1715749749780
1715749750004
1715749750271
1715749750631
1715749750949
1715749764378
1715749764704
1715749764947
1715749765169
1715749765460
1715749765859
1715749779464
1715749779804
1715749780071
1715749780316
1715749780579
1715749780931
1715749794385
1715749794697
1715749795026
1715749795350
1715749795811
1715749796151
1715749809407
1715749809772
1715749810027
1715749810266
1715749810671
1715749811017
1715749824429
1715749824763
1715749825046
1715749825393
1715749825711
1715749826006
1715749839405
1715749839733
1715749839979
1715749840195
1715749840400
1715749840831
1715749854390
1715749854739
1715749854983
1715749855199
1715749855438
1715749855985
1715749869497
1715749869843
1715749870089
1715749870277
1715749870551
1715749870925
1715749884443
1715749884787
1715749885037
1715749885317
1715749885751
1715749886024
1715749899416
1715749899775
1715749900050
1715749900292
1715749900753
1715749901048
1715749914428
1715749914766
1715749915095
1715749915392
1715749915796
1715749916051
1715749929309
1715749929660
1715749929911
1715749930181
1715749930640
1715749930855
1715749944564
1715749944928
1715749945150
1715749945411
1715749945758
1715749946134
1715749959629
1715749959933
1715749960219
1715749960462
1715749960930
1715749961242
1715749974454
1715749974773
1715749975015
1715749975365
1715749975652
1715749975995
1715749989602
1715749989901
1715749990140
1715749990324
1715749990726
1715749991193
1715750004440
1715750004764
1715750005011
1715750005296
1715750005700
1715750005951
1715750019539
1715750019829
1715750020141
1715750020341
1715750020731
1715750021141
1715750034440
1715750034772
1715750035012
1715750035338
1715750035725
1715750036027
1715750049498
1715750049845
1715750050074
1715750050328
1715750050730
1715750050998
1715750064340
1715750064683
1715750065022
1715750065277
1715750065602
1715750065938
1715750079564
1715750079893
1715750080154
1715750080410
1715750080763
1715750081003
1715750094501
1715750094797
1715750095048
1715750095446
1715750095759
1715750096105
1715750109413
1715750109740
1715750110001
1715750110398
1715750110719
1715750111036
1715750124448
1715750124784
1715750125023
1715750125260
1715750125514
1715750125934
1715750139534
1715750139917
1715750140196
1715750140504
1715750140879
1715750141273
1715750154459
1715750154788
1715750155088
1715750155350
1715750155723
1715750155980
1715750169564
1715750169907
1715750170151
1715750170410
1715750170897
1715750171210
1715750184561
1715750184883
1715750185144
1715750185419
1715750185666
1715750186027
1715750199531
1715750199897
1715750200130
1715750200338
1715750200632
1715750201089
1715750214579
1715750214916
1715750215158
1715750215422
1715750215704
1715750216097
1715750229521
1715750229851
1715750230081
1715750230269
1715750230552
1715750230942
1715750244603
1715750244945
1715750245246
1715750245495
1715750245865
1715750246191
1715750259611
1715750259971
1715750260207
1715750260453
1715750260739
1715750261070
1715750274705
1715750275003
1715750275251
1715750275503
1715750275848
1715750276153
1715750289573
1715750289922
1715750290186
1715750290487
1715750290945
1715750291174
1715750304540
1715750304849
1715750305135
1715750305350
1715750305620
1715750305988
1715750319640
1715750319966
1715750320225
1715750320403
1715750320701
1715750321078
1715750334551
1715750334894
1715750335131
1715750335526
1715750335828
1715750336066
1715750349628
1715750349959
1715750350189
1715750350434
1715750350706
1715750351019
1715750364508
1715750364849
1715750365092
1715750365329
1715750365611
1715750366026
1715750379657
1715750379958
1715750380192
1715750380390
1715750380764
1715750381082
1715750394668
1715750395017
1715750395289
1715750395496
1715750395848
1715750396263
1715750409613
1715750409943
1715750410207
1715750410495
1715750410757
1715750411123
1715750424629
1715750425009
1715750425244
1715750425512
1715750425879
1715750426297
1715750439578
1715750439917
1715750440162
1715750440450
1715750440752
1715750441136
1715750454655
1715750455014
1715750455260
1715750455531
1715750455896
1715750456278
1715750469717
1715750470020
1715750470269
1715750470663
1715750470999
1715750471361
1715750484703
1715750485032
1715750485269
1715750485478
1715750485760
1715750486070
1715750499721
1715750500053
1715750500327
1715750500527
1715750500819
1715750501111
1715750514657
1715750514959
1715750515213
1715750515513
1715750515721
1715750516065
1715750529636
1715750529955
1715750530211
1715750530483
1715750530700
1715750531011
1715750544750
1715750545045
1715750545311
1715750545618
1715750545989
1715750546381
1715750559483
1715750559816
1715750560060
1715750560320
1715750560759
1715750561125
1715750574687
1715750575052
1715750575286
1715750575508
1715750575833
1715750576294
1715750589828
1715750590125
1715750590416
1715750590676
1715750591109
1715750591381
1715750604676
1715750605008
1715750605288
1715750605600
1715750605969
1715750606283
1715750619708
1715750620044
1715750620320
1715750620657
1715750620955
1715750621323
1715750634748
1715750635055
1715750635336
1715750635555
1715750635917
1715750636269
1715750649623
1715750649993
1715750650262
1715750650493
1715750650757
1715750651139
1715750664738
1715750665085
1715750665312
1715750665496
1715750665807
1715750666232
1715750679813
1715750680154
1715750680396
1715750680647
1715750680950
1715750681300
1715750694659
1715750695007
1715750695254
1715750695449
1715750695760
1715750696154
1715750709731
1715750710086
1715750710416
1715750710713
1715750711076
1715750711392
1715750724775
1715750725128
1715750725380
1715750725606
1715750726091
1715750726400
1715750739824
1715750740138
1715750740387
1715750740737
1715750741032
1715750741360
1715750754710
1715750755011
1715750755266
1715750755492
1715750755703
1715750756037
1715750769769
1715750770102
1715750770360
1715750770597
1715750770981
1715750771364
1715750784793
1715750785102
1715750785407
1715750785612
1715750786144
1715750786515
1715750799730
1715750800076
1715750800323
1715750800615
1715750800954
1715750801322
1715750814789
1715750815131
1715750815424
1715750815717
1715750816086
1715750816416
1715750829773
1715750830104
1715750830366
1715750830605
1715750830904
1715750831295
1715750844784
1715750845170
1715750845426
1715750845653
1715750845994
1715750846314
1715750859766
1715750860102
1715750860366
1715750860578
1715750860919
1715750861251
1715750874819
1715750875107
1715750875395
1715750875623
1715750875970
1715750876291
1715750889721
1715750890080
1715750890314
1715750890548
1715750890845
1715750891239
1715750904836
1715750905157
1715750905450
1715750905676
1715750906000
1715750906309
1715750919739
1715750920089
1715750920363
1715750920618
1715750921062
1715750921372
1715750934769
1715750935102
1715750935339
1715750935519
1715750935837
1715750936315
1715750949870
1715750950173
1715750950445
1715750950725
1715750951136
1715750951494
1715750964856
1715750965183
1715750965471
1715750965660
1715750965828
1715750966268
1715750979757
1715750980104
1715750980342
1715750980676
1715750981004
1715750981327
1715750994941
1715750995276
1715750995545
1715750995807
1715750996110
1715750996416
1715751009785
1715751010126
1715751010373
1715751010609
1715751010931
1715751011218
1715751024818
1715751025149
1715751025434
1715751025713
1715751026136
1715751026547
1715751040031
1715751040344
1715751040699
1715751041119
1715751041399
1715751041704
1715751054726
1715751055109
1715751055428
1715751055690
1715751056036
1715751056472
1715751069774
1715751070107
1715751070394
1715751070586
1715751070855
1715751071178
1715751084946
1715751085257
1715751085505
1715751085751
1715751086096
1715751086385
1715751099805
1715751100146
1715751100382
1715751100646
1715751101089
1715751101446
1715751114875
1715751115234
1715751115471
1715751115676
1715751115967
1715751116351
1715751129938
1715751130256
1715751130515
1715751130763
1715751131138
1715751131476
1715751144897
1715751145236
1715751145469
1715751145803
1715751146131
1715751146469
1715751159796
1715751160087
1715751160354
1715751160724
1715751161061
1715751161417
1715751174992
1715751175319
1715751175551
1715751175851
1715751176290
1715751176616
1715751189852
1715751190176
1715751190414
1715751190802
1715751191138
1715751191589
1715751204852
1715751205206
1715751205433
1715751205722
1715751206047
1715751206322
1715751219991
1715751220357
1715751220607
1715751220808
1715751221062
1715751221404
1715751234942
1715751235241
1715751235483
1715751235716
1715751236019
1715751236422
1715751249858
1715751250210
1715751250473
1715751250714
1715751251031
1715751251381
1715751264967
1715751265286
1715751265588
1715751265789
1715751265960
1715751266303
1715751279847
1715751280200
1715751280434
1715751280735
1715751281084
1715751281461
1715751294975
1715751295304
1715751295544
1715751295770
1715751296223
1715751296567
1715751310008
1715751310335
1715751310586
1715751310849
1715751311130
1715751311602
1715751324961
1715751325330
1715751325561
1715751325827
1715751326204
1715751326606
1715751339994
1715751340336
1715751340622
1715751340820
1715751341285
1715751341625
1715751354961
1715751355359
1715751355620
1715751355874
1715751356143
1715751356446
1715751370026
1715751370351
1715751370599
1715751370863
1715751371216
1715751371531
1715751384968
1715751385306
1715751385548
1715751385806
1715751386002
1715751386408
1715751400083
1715751400426
1715751400712
1715751400910
1715751401182
1715751401599
1715751414971
1715751415272
1715751415523
1715751415748
1715751416038
1715751416451
1715751429986
1715751430320
1715751430557
1715751430925
1715751431277
1715751431573
1715751444956
1715751445274
1715751445542
1715751445878
1715751446250
1715751446547
1715751460012
1715751460371
1715751460630
1715751460913
1715751461189
1715751461643
1715751475039
1715751475345
1715751475634
1715751475846
1715751476107
1715751476573
1715751489927
1715751490273
1715751490542
1715751490883
1715751491227
1715751491525
1715751504993
1715751505360
1715751505597
1715751505861
1715751506223
1715751506559
1715751520059
1715751520425
1715751520679
1715751520888
1715751521095
1715751521490
1715751535004
1715751535375
1715751535618
1715751535845
1715751536251
1715751536657
1715751549975
1715751550323
1715751550613
1715751550832
1715751551189
1715751551477
1715751564970
1715751565341
1715751565564
1715751565848
1715751566194
1715751566482
1715751580135
1715751580494
1715751580741
1715751581080
1715751581380
1715751581701
1715751594989
1715751595346
1715751595610
1715751595875
1715751596232
1715751596566
1715751609979
1715751610312
1715751610561
1715751610885
1715751611237
1715751611610
1715751625084
1715751625404
1715751625687
1715751626017
1715751626370
1715751626675
1715751640009
1715751640373
1715751640600
1715751640914
1715751641270
1715751641657
1715751655076
1715751655440
1715751655707
1715751655928
1715751656213
1715751656521
1715751670081
1715751670438
1715751670690
1715751670975
1715751671254
1715751671690
1715751685060
1715751685362
1715751685608
1715751685805
1715751685933
1715751686238
1715751700038
1715751700430
1715751700668
1715751700959
1715751701258
1715751701551
1715751715072
1715751715413
1715751715649
1715751715989
1715751716354
1715751716675
1715751730066
1715751730428
1715751730667
1715751730914
1715751731317
1715751731613
1715751745096
1715751745452
1715751745683
1715751745868
1715751746192
1715751746611
1715751760067
1715751760430
1715751760695
1715751760940
1715751761192
1715751761562
1715751775200
1715751775538
1715751775784
1715751776042
1715751776439
1715751776775
1715751790156
1715751790502
1715751790782
1715751790969
1715751791284
1715751791687
1715751805152
1715751805481
1715751805739
1715751805945
1715751806158
1715751806575
1715751820036
1715751820398
1715751820647
1715751820875
1715751821135
1715751821529
1715751835131
1715751835493
1715751835722
1715751836001
1715751836407
1715751836737
1715751850207
1715751850513
1715751850777
1715751851041
1715751851413
1715751851817
1715751865133
1715751865459
1715751865703
1715751866052
1715751866340
1715751866801
1715751880077
1715751880439
1715751880666
1715751880940
1715751881256
1715751881664
1715751895156
1715751895526
1715751895786
1715751896016
1715751896369
1715751896710
1715751910189
1715751910538
1715751910782
1715751911018
1715751911278
1715751911715
1715751925156
1715751925493
1715751925756
1715751926001
1715751926337
1715751926718
1715751940679
1715751941408
1715751941654
1715751941897
1715751942037
1715751942177
1715751955212
1715751955550
1715751955848
1715751956103
1715751956564
1715751956888
1715751970230
1715751970569
1715751970810
1715751971082
1715751971385
1715751971852
1715751985219
1715751985558
1715751985792
1715751986016
1715751986275
1715751986666
1715752000153
1715752000510
1715752000799
1715752001091
1715752001436
1715752001707
1715752015265
1715752015616
1715752015839
1715752016070
1715752016465
1715752016842
1715752030198
1715752030520
1715752030816
1715752031080
1715752031525
1715752031899
1715752045174
1715752045508
1715752045766
1715752046114
1715752046413
1715752046776
1715752060241
1715752060580
1715752060867
1715752061191
1715752061508
1715752061838
1715752075321
1715752075649
1715752075918
1715752076248
1715752076596
1715752076963
1715752090220
1715752090550
1715752090766
1715752090953
1715752091160
1715752091531
1715752105287
1715752105625
1715752105883
1715752106106
1715752106485
1715752106794
1715752120264
1715752120595
1715752120906
1715752121223
1715752121592
1715752121806
1715752135248
1715752135552
1715752135893
1715752136147
1715752136556
1715752136897
1715752150285
1715752150631
1715752150876
1715752151096
1715752151536
1715752151887
1715752165211
1715752165549
1715752165791
1715752166119
1715752166481
1715752166808
1715752180178
1715752180497
1715752180743
1715752181011
1715752181214
1715752181624
1715752195235
1715752195574
1715752195816
1715752196048
1715752196430
1715752196837
1715752210326
1715752210644
1715752210905
1715752211197
1715752211536
1715752211868
1715752225270
1715752225626
1715752225873
1715752226052
1715752226465
1715752226806
1715752240250
1715752240613
1715752240843
1715752241180
1715752241539
1715752241869
1715752255365
1715752255701
1715752255988
1715752256409
1715752256867
1715752257181
1715752270249
1715752270565
1715752270795
1715752270990
1715752271225
1715752271633
1715752285256
1715752285622
1715752285854
1715752286262
1715752286602
1715752286900
1715752300359
1715752300689
1715752300928
1715752301200
1715752301545
1715752301896
1715752315331
1715752315674
1715752316006
1715752316229
1715752316562
1715752316875
1715752330375
1715752330685
1715752330925
1715752331199
1715752331521
1715752331922
1715752345385
1715752345712
1715752345950
1715752346131
1715752346497
1715752347005
1715752360320
1715752360656
1715752360944
1715752361226
1715752361582
1715752361875
1715752375325
1715752375687
1715752375916
1715752376164
1715752376532
1715752376929
1715752390387
1715752390693
1715752390956
1715752391211
1715752391556
1715752391943
1715752405292
1715752405637
1715752405891
1715752406161
1715752406523
1715752406856
1715752420356
1715752420698
1715752421009
1715752421326
1715752421671
1715752421961
1715752435453
1715752435802
1715752436115
1715752436432
1715752436892
1715752437144
1715752450292
1715752450635
1715752450862
1715752451090
1715752451540
1715752451898
1715752465451
1715752465733
1715752465969
1715752466192
1715752466597
1715752466900
1715752480472
1715752480771
1715752481019
1715752481268
1715752481619
1715752481951
1715752495314
1715752495653
1715752495971
1715752496264
1715752496634
1715752496902
1715752510336
1715752510692
1715752510931
1715752511218
1715752511572
1715752511912
1715752525389
1715752525752
1715752525976
1715752526198
1715752526628
1715752526966
1715752540466
1715752540807
1715752541037
1715752541292
1715752541666
1715752541945
1715752555426
1715752555743
1715752556018
1715752556417
1715752556732
1715752557003
1715752570491
1715752570822
1715752571076
1715752571295
1715752571480
1715752571939
1715752585541
1715752585863
1715752586095
1715752586391
1715752586736
1715752587020
1715752600345
1715752600642
1715752600891
1715752601176
1715752601416
1715752601807
1715752615450
1715752615863
1715752616087
1715752616360
1715752616659
1715752617068
1715752630463
1715752630808
1715752631055
1715752631292
1715752631666
1715752632013
1715752645468
1715752645798
1715752646049
1715752646407
1715752646799
1715752647058
1715752660526
1715752660878
1715752661137
1715752661401
1715752661779
1715752662084
1715752675371
1715752675754
1715752675963
1715752676315
1715752676672
1715752676979
1715752690493
1715752690809
1715752691054
1715752691240
1715752691489
1715752691805
1715752705517
1715752705876
1715752706122
1715752706358
1715752706717
1715752707109
1715752720507
1715752720849
1715752721076
1715752721349
1715752721583
1715752722002
1715752735464
1715752735786
1715752736007
1715752736299
1715752736728
1715752737039
1715752750424
1715752750786
1715752751012
1715752751238
1715752751581
1715752751885
1715752765502
1715752765862
1715752766108
1715752766489
1715752766864
1715752767109
1715752780582
1715752780928
1715752781167
1715752781431
1715752781751
1715752782115
1715752795614
1715752795946
1715752796187
1715752796460
1715752796761
1715752797234
1715752810580
1715752810931
1715752811208
1715752811524
1715752811845
1715752812149
1715752825502
1715752825825
1715752826082
1715752826471
1715752826761
1715752827142
1715752840728
1715752841054
1715752841331
1715752841812
1715752842160
1715752842333
1715752855565
1715752855853
1715752856110
1715752856349
1715752856783
1715752857114
1715752870583
1715752870915
1715752871156
1715752871528
1715752871862
1715752872120
1715752885579
1715752885917
1715752886158
1715752886562
1715752886877
1715752887228
1715752900546
1715752900882
1715752901174
1715752901451
1715752901844
1715752902101
1715752915637
1715752915958
1715752916206
1715752916508
1715752916793
1715752917111
1715752930684
1715752931047
1715752931288
1715752931538
1715752932074
1715752932423
1715752945527
1715752945863
1715752946103
1715752946338
1715752946638
1715752947015
1715752960611
1715752960914
1715752961210
1715752961494
1715752961847
1715752962138
1715752975599
1715752975956
1715752976188
1715752976396
1715752976710
1715752977203
1715752990658
1715752990993
1715752991269
1715752991544
1715752991773
1715752992128
1715753005615
1715753005929
1715753006189
1715753006468
1715753006807
1715753007207
1715753020687
1715753021023
1715753021275
1715753021535
1715753021874
1715753022335
1715753035643
1715753035931
1715753036201
1715753036479
1715753036701
1715753037084
1715753050508
1715753050875
1715753051113
1715753051395
1715753051745
1715753052157
1715753065700
1715753066051
1715753066327
1715753066513
1715753066681
1715753067131
1715753080572
1715753080953
1715753081236
1715753081514
1715753081850
1715753082234
1715753095552
1715753095899
1715753096146
1715753096354
1715753096726
1715753097080
1715753110722
1715753111059
1715753111330
1715753111558
1715753111764
1715753112184
1715753125764
1715753126123
1715753126357
1715753126615
1715753126904
1715753127259
1715753140642
1715753141013
1715753141280
1715753141503
1715753141764
1715753142079
1715753155743
1715753156084
1715753156362
1715753156584
1715753157041
1715753157357
1715753170614
1715753170962
1715753171206
1715753171494
1715753171840
1715753172177
1715753185738
1715753186099
1715753186324
1715753186548
1715753186745
1715753187151
1715753200648
1715753201016
1715753201247
1715753201497
1715753201989
1715753202386
1715753215672
1715753216026
1715753216251
1715753216494
1715753216865
1715753217205
1715753230745
1715753231050
1715753231315
1715753231510
1715753231627
1715753231939
1715753245565
1715753245920
1715753246210
1715753246539
1715753246807
1715753247174
1715753260632
1715753260958
1715753261210
1715753261513
1715753261913
1715753262258
1715753275790
1715753276097
1715753276387
1715753276580
1715753276955
1715753277336
1715753290793
1715753291136
1715753291426
1715753291644
1715753292016
1715753292401
1715753305732
1715753306088
1715753306352
1715753306609
1715753306925
1715753307281
1715753320698
1715753321034
1715753321301
1715753321577
1715753321907
1715753322226
1715753335784
1715753336075
1715753336365
1715753336540
1715753336995
1715753337319
1715753350692
1715753351047
1715753351280
1715753351652
1715753351958
1715753352269
1715753365731
1715753366064
1715753366289
1715753366519
1715753366996
1715753367318
1715753380825
1715753381158
1715753381418
1715753381634
1715753381826
1715753382124
1715753395757
1715753396101
1715753396321
1715753396561
1715753396891
1715753397374
1715753410729
1715753411066
1715753411353
1715753411700
1715753412095
1715753412379
1715753425792
1715753426135
1715753426456
1715753426700
1715753427102
1715753427487
1715753440829
1715753441174
1715753441395
1715753441658
1715753441957
1715753442243
1715753455750
1715753456093
1715753456350
1715753456620
1715753456933
1715753457271
1715753470882
1715753471254
1715753471512
1715753471712
1715753471888
1715753472260
1715753485731
1715753486070
1715753486319
1715753486569
1715753486985
1715753487330
1715753500741
1715753501085
1715753501311
1715753501496
1715753501761
1715753502104
1715753515845
1715753516169
1715753516414
1715753516655
1715753517033
1715753517420
1715753530719
1715753531074
1715753531331
1715753531589
1715753531914
1715753532287
1715753545893
1715753546205
1715753546495
1715753546696
1715753547012
1715753547354
1715753560852
1715753561190
1715753561464
1715753561669
1715753562035
1715753562375
1715753575758
1715753576046
1715753576328
1715753576509
1715753576699
1715753576925
1715753590836
1715753591168
1715753591467
1715753591731
1715753592013
1715753592278
1715753605844
1715753606202
1715753606426
1715753606668
1715753607020
1715753607409
1715753620803
1715753621160
1715753621398
1715753621645
1715753622103
1715753622445
1715753635900
1715753636265
1715753636540
1715753636804
1715753637115
1715753637418
1715753650917
1715753651272
1715753651603
1715753651757
1715753651977
1715753652267
1715753665790
1715753666156
1715753666408
1715753666651
1715753666949
1715753667281
1715753680806
1715753681136
1715753681385
1715753681609
1715753682061
1715753682421
1715753695897
1715753696222
1715753696466
1715753696674
1715753697005
1715753697337
1715753710835
1715753711203
1715753711432
1715753711798
1715753712115
1715753712437
1715753725965
1715753726296
1715753726569
1715753726889
1715753727280
1715753727585
1715753740931
1715753741253
1715753741499
1715753741761
1715753742081
1715753742565
1715753755870
1715753756209
1715753756521
1715753756803
1715753757135
1715753757475
1715753770904
1715753771254
1715753771509
1715753771702
1715753771974
1715753772301
1715753785937
1715753786287
1715753786537
1715753786818
1715753787099
1715753787470
1715753800863
1715753801186
1715753801489
1715753801821
1715753802088
1715753802393
1715753815904
1715753816214
1715753816524
1715753816739
1715753817084
1715753817471
1715753830944
1715753831326
1715753831551
1715753831821
1715753832193
1715753832581
1715753845936
1715753846283
1715753846532
1715753846730
1715753846901
1715753847376
1715753860787
1715753861118
1715753861377
1715753861626
1715753862062
1715753862408
1715753875909
1715753876254
1715753876504
1715753876745
1715753877144
1715753877457
1715753890854
1715753891224
1715753891466
1715753891787
1715753892138
1715753892442
1715753905915
1715753906256
1715753906487
1715753906787
1715753907195
1715753907530
1715753920884
1715753921222
1715753921469
1715753921729
1715753921929
1715753922310
1715753935833
1715753936196
1715753936425
1715753936643
1715753936927
1715753937319
1715753950914
1715753951267
1715753951514
1715753951736
1715753952084
1715753952525
1715753966124
1715753966499
1715753966727
1715753966957
1715753967211
1715753967548
1715753980965
1715753981268
1715753981508
1715753981725
1715753982181
1715753982532
1715753996004
1715753996364
1715753996598
1715753996881
1715753997292
1715753997613
1715754011029
1715754011366
1715754011663
1715754011893
1715754012365
1715754012689
1715754025968
1715754026299
1715754026599
1715754026789
1715754027120
1715754027582
1715754041178
1715754041532
1715754041776
1715754042034
1715754042384
1715754042793
1715754056102
1715754056466
1715754056681
1715754056900
1715754057273
1715754057673
1715754070983
1715754071300
1715754071544
1715754071821
1715754072173
1715754072554
1715754086016
1715754086350
1715754086600
1715754086816
1715754087281
1715754087621
1715754100976
1715754101331
1715754101559
1715754101750
1715754101995
1715754102476
1715754116048
1715754116543
1715754116718
1715754117016
1715754117368
1715754117686
1715754131027
1715754131344
1715754131596
1715754131834
1715754132120
1715754132516
1715754146044
1715754146382
1715754146638
1715754146847
1715754147064
1715754147465
1715754161045
1715754161404
1715754161685
1715754161982
1715754162311
1715754162644
1715754176117
1715754176470
1715754176710
1715754176889
1715754177293
1715754177668
1715754191097
1715754191431
1715754191679
1715754191857
1715754192095
1715754192461
1715754206154
1715754206433
1715754206657
1715754206891
1715754207316
1715754207702
1715754221036
1715754221415
1715754221658
1715754221874
1715754222248
1715754222623
1715754236065
1715754236392
1715754236628
1715754236881
1715754237303
1715754237643
1715754251002
1715754251354
1715754251582
1715754251813
1715754252184
1715754252472
1715754266175
1715754266513
1715754266751
1715754266980
1715754267326
1715754267699
1715754281111
1715754281409
1715754281651
1715754281923
1715754282220
1715754282648
1715754296097
1715754296424
1715754296697
1715754296910
1715754297341
1715754297672
1715754311140
1715754311494
1715754311776
1715754311997
1715754312443
1715754312762
1715754326241
1715754326552
1715754326874
1715754327161
1715754327444
1715754327739
1715754341124
1715754341476
1715754341798
1715754342133
1715754342530
1715754342802
1715754356100
1715754356435
1715754356677
1715754356951
1715754357302
1715754357635
1715754371140
1715754371496
1715754371721
1715754372062
1715754372436
1715754372736
1715754386093
1715754386427
1715754386660
1715754386905
1715754387212
1715754387611
1715754401146
1715754401527
1715754401829
1715754402022
1715754402394
1715754402752
1715754416125
1715754416454
1715754416703
1715754416973
1715754417278
1715754417661
1715754431163
1715754431500
1715754431761
1715754431990
1715754432456
1715754432790
1715754446096
1715754446407
1715754446656
1715754446893
1715754447176
1715754447561
1715754461208
1715754461544
1715754461818
1715754462085
1715754462538
1715754462817
1715754476216
1715754476560
1715754476819
1715754477064
1715754477398
1715754477774
1715754491116
1715754491459
1715754491698
1715754491982
1715754492283
1715754492598
1715754506195
1715754506534
1715754506778
1715754507066
1715754507402
1715754507824
1715754521158
1715754521508
1715754521731
1715754521990
1715754522462
1715754522773
1715754536212
1715754536544
1715754536796
1715754537024
1715754537337
1715754537810
1715754551342
1715754551666
1715754551903
1715754552095
1715754552389
1715754552746
1715754566202
1715754566562
1715754566794
1715754567042
1715754567310
1715754567712
1715754581275
1715754581668
1715754581892
1715754582143
1715754582612
1715754582949
1715754596243
1715754596556
1715754596843
1715754597050
1715754597312
1715754597679
1715754611203
1715754611539
1715754611799
1715754612047
1715754612310
1715754612782
1715754626136
1715754626470
1715754626720
1715754626978
1715754627303
1715754627695
1715754641207
1715754641551
1715754641779
1715754642163
1715754642453
1715754642878
1715754656253
1715754656548
1715754656795
1715754657072
1715754657415
1715754657809
1715754671239
1715754671600
1715754671809
1715754672062
1715754672413
1715754672808
1715754686173
1715754686505
1715754686789
1715754687062
1715754687410
1715754687766
1715754701269
1715754701626
1715754701910
1715754702213
1715754702626
1715754702965
1715754716261
1715754716561
1715754716837
1715754717068
1715754717342
1715754717669
1715754731361
1715754731694
1715754731944
1715754732209
1715754732598
1715754733024
1715754746198
1715754746556
1715754746815
1715754747115
1715754747470
1715754747797
1715754761212
1715754761548
1715754761832
1715754762075
1715754762345
1715754762715
1715754776322
1715754776657
1715754776915
1715754777133
1715754777418
1715754777728
1715754791313
1715754791641
1715754791881
1715754792239
1715754792531
1715754792851
1715754806241
1715754806550
1715754806848
1715754807161
1715754807378
1715754807694
1715754821372
1715754821698
1715754821948
1715754822199
1715754822436
1715754822858
1715754836323
1715754836651
1715754836897
1715754837037
1715754837241
1715754837630
1715754851339
1715754851653
1715754851894
1715754852093
1715754852324
1715754852675
1715754866383
1715754866690
1715754866975
1715754867196
1715754867499
1715754867875
1715754881329
1715754881661
1715754881971
1715754882192
1715754882637
1715754882948
1715754896261
1715754896611
1715754896884
1715754897140
1715754897569
1715754897876
1715754911262
1715754911578
1715754911840
1715754912178
1715754912607
1715754912909
1715754926241
1715754926580
1715754926859
1715754927143
1715754927523
1715754927828
1715754941434
1715754941648
1715754941927
1715754942260
1715754942662
1715754943012
1715754956416
1715754956741
1715754956969
1715754957375
1715754957736
1715754958004
1715754971237
1715754971570
1715754971835
1715754972195
1715754972580
1715754972807
1715754986319
1715754986679
1715754986921
1715754987151
1715754987481
1715754987916
1715755001304
1715755001650
1715755001890
1715755002160
1715755002598
1715755003001
1715755016324
1715755016652
1715755016944
1715755017140
1715755017551
1715755017865
1715755031389
1715755031722
1715755031957
1715755032174
1715755032559
1715755032941
1715755046431
1715755046806
1715755047056
1715755047316
1715755047650
1715755048088
1715755061305
1715755061646
1715755061918
1715755062244
1715755062589
1715755062897
1715755076438
1715755076782
1715755077035
1715755077253
1715755077615
1715755077997
1715755091344
1715755091673
1715755091916
1715755092167
1715755092624
1715755092951
1715755106430
1715755106763
1715755107007
1715755107192
1715755107517
1715755107913
1715755121392
1715755121729
1715755121968
1715755122209
1715755122450
1715755122822
1715755136374
1715755136717
1715755136961
1715755137223
1715755137638
1715755137982
1715755151419
1715755151766
1715755151998
1715755152213
1715755152511
1715755152926
1715755166395
1715755166721
1715755166961
1715755167275
1715755167671
1715755167977
1715755181435
1715755181782
1715755182023
1715755182288
1715755182675
1715755183003
1715755196410
1715755196766
1715755197012
1715755197291
1715755197646
1715755198037
1715755211458
1715755211780
1715755212045
1715755212375
1715755212730
1715755213037
1715755226476
1715755226806
1715755227053
1715755227329
1715755227695
1715755228065
1715755241393
1715755241728
1715755242034
1715755242365
1715755242716
1715755242971
1715755256475
1715755256832
1715755257128
1715755257323
1715755257681
1715755258044
1715755271512
1715755271843
1715755272155
1715755272388
1715755272789
1715755273101
1715755286481
1715755286832
1715755287072
1715755287285
1715755287760
1715755288084
1715755301445
1715755301743
1715755302038
1715755302239
1715755302387
1715755302502
1715755316529
1715755316862
1715755317148
1715755317373
1715755317692
1715755318070
1715755331536
1715755331903
1715755332152
1715755332325
1715755332627
1715755332957
1715755346441
1715755346772
1715755347077
1715755347394
1715755347720
1715755348007
1715755361476
1715755361759
1715755361876
1715755362118
1715755362441
1715755362813
1715755376491
1715755376839
1715755377065
1715755377334
1715755377724
1715755377975
1715755391486
1715755391850
1715755392160
1715755392356
1715755392631
1715755393058
1715755406473
1715755406775
1715755407015
1715755407368
1715755407748
1715755408028
1715755421444
1715755421794
1715755422039
1715755422296
1715755422626
1715755422908
1715755436476
1715755436815
1715755437058
1715755437396
1715755437828
1715755438106
1715755451495
1715755451850
1715755452090
1715755452428
1715755452766
1715755453102
1715755466416
1715755466758
1715755467026
1715755467368
1715755467751
1715755467983
1715755481495
1715755481848
1715755482089
1715755482314
1715755482701
1715755483029
1715755496570
1715755496935
1715755497165
1715755497472
1715755497845
1715755498159
1715755511585
1715755511892
1715755512211
1715755512454
1715755512889
1715755513135
1715755526491
1715755526825
1715755527062
1715755527416
1715755527738
1715755528103