1715740536607
1715740536839
1715740537163
1715740537441
1715740537798
1715740537972
1715740551410
1715740551686
1715740551904
1715740552137
1715740552632
1715740552851
1715740566388
1715740566610
1715740566812
1715740567160
1715740567502
1715740567768
1715740581507
1715740581737
1715740581909
1715740582254
1715740582564
1715740582813
1715740596462
1715740596735
1715740597002
1715740597323
1715740597634
1715740597932
1715740611426
1715740611678
1715740611904
1715740612293
1715740612608
1715740612933
1715740626428
1715740626674
1715740626896
1715740627191
1715740627551
1715740627848
1715740641448
1715740641715
1715740641903
1715740642254
1715740642684
1715740643016
1715740656364
1715740656636
1715740656890
1715740657280
1715740657565
1715740658021
1715740671490
1715740671747
1715740671923
1715740672060
1715740672293
1715740672639
1715740686450
1715740686678
1715740686914
1715740687239
1715740687549
1715740687811
1715740701456
1715740701698
1715740701867
1715740702080
1715740702321
1715740702663
1715740716483
1715740716749
1715740716926
1715740717195
1715740717489
1715740717894
1715740731515
1715740731769
1715740731993
1715740732246
1715740732632
1715740733103
1715740746421
1715740746686
1715740746908
1715740747219
1715740747516
1715740747864
1715740761549
1715740761817
1715740762097
1715740762434
1715740762745
1715740763146
1715740776505
1715740776771
1715740776951
1715740777181
1715740777609
1715740777970
1715740791388
1715740791650
1715740791920
1715740792212
1715740792543
1715740792987
1715740806476
1715740806732
1715740806933
1715740807235
1715740807608
1715740807938
1715740821468
1715740821737
1715740822012
1715740822298
1715740822613
1715740822843
1715740836528
1715740836779
1715740836992
1715740837185
1715740837499
1715740837815
1715740851511
1715740851788
1715740852063
1715740852425
1715740852725
1715740852959
1715740866567
1715740866819
1715740867019
1715740867214
1715740867603
1715740868001
1715740881452
1715740881707
1715740881907
1715740882175
1715740882523
1715740882954
1715740896527
1715740896789
1715740896975
1715740897263
1715740897671
1715740897990
1715740911606
1715740911829
1715740912118
1715740912463
1715740912753
1715740913070
1715740926492
1715740926735
1715740926936
1715740927198
1715740927497
1715740927892
1715740941598
1715740941829
1715740942061
1715740942396
1715740942715
1715740943138
1715740956607
1715740956858
1715740957054
1715740957240
1715740957557
1715740957986
1715740971608
1715740971844
1715740972042
1715740972374
1715740972836
1715740973231
1715740986571
1715740986821
1715740987057
1715740987426
1715740987706
1715740988127
1715741001546
1715741001800
1715741002147
1715741002509
1715741002768
1715741003142
1715741016639
1715741016928
1715741017149
1715741017418
1715741017894
1715741018090
1715741031571
1715741031824
1715741032028
1715741032419
1715741032890
1715741033106
1715741046570
1715741046828
1715741047046
1715741047308
1715741047709
1715741048037
1715741061603
1715741061871
1715741062060
1715741062313
1715741062600
1715741062963
1715741076637
1715741076855
1715741077096
1715741077287
1715741077416
1715741077604
1715741091612
1715741091863
1715741092058
1715741092266
1715741092640
1715741093044
1715741106641
1715741106851
1715741107087
1715741107430
1715741107729
1715741108054
1715741121589
1715741121831
1715741122023
1715741122331
1715741122750
1715741123057
1715741136684
1715741136917
1715741137103
1715741137281
1715741137627
1715741138034
1715741151586
1715741151839
1715741152052
1715741152343
1715741152633
1715741153150
1715741166542
1715741166794
1715741167007
1715741167266
1715741167553
1715741167904
1715741181562
1715741181812
1715741182086
1715741182489
1715741182894
1715741183069
1715741196600
1715741196860
1715741197128
1715741197462
1715741197739
1715741198041
1715741211643
1715741211882
1715741212164
1715741212403
1715741212758
1715741213049
1715741226732
1715741226993
1715741227222
1715741227527
1715741227942
1715741228195
1715741241646
1715741241912
1715741242165
1715741242508
1715741242858
1715741243105
1715741256715
1715741256971
1715741257168
1715741257427
1715741257705
1715741258081
1715741271628
1715741271864
1715741272067
1715741272360
1715741272620
1715741272963
1715741286608
1715741286878
1715741287090
1715741287477
1715741287824
1715741288101
1715741301616
1715741301882
1715741302030
1715741302312
1715741302619
1715741303041
1715741316752
1715741317014
1715741317249
1715741317545
1715741317897
1715741318263
1715741331608
1715741331841
1715741332104
1715741332464
1715741332850
1715741333140
1715741346729
1715741346994
1715741347252
1715741347571
1715741347899
1715741348166
1715741361759
1715741361990
1715741362179
1715741362362
1715741362670
1715741363125
1715741376712
1715741376964
1715741377145
1715741377455
1715741377811
1715741378095
1715741391638
1715741391913
1715741392096
1715741392340
1715741392638
1715741393007
1715741406737
1715741406989
1715741407176
1715741407502
1715741407893
1715741408315
1715741421614
1715741421867
1715741422085
1715741422493
1715741422844
1715741423195
1715741436912
1715741437243
1715741437593
1715741437950
1715741438128
1715741438336
1715741451767
1715741452033
1715741452175
1715741452519
1715741452866
1715741453331
1715741466713
1715741466941
1715741467140
1715741467440
1715741467861
1715741468183
1715741481680
1715741481940
1715741482168
1715741482559
1715741482952
1715741483176
1715741496776
1715741497019
1715741497207
1715741497361
1715741497702
1715741498168
1715741511713
1715741511968
1715741512211
1715741512506
1715741512831
1715741513238
1715741526755
1715741526987
1715741527216
1715741527530
1715741527855
1715741528152
1715741541722
1715741542005
1715741542208
1715741542566
1715741542887
1715741543188
1715741556738
1715741556988
1715741557204
1715741557570
1715741557856
1715741558146
1715741571623
1715741571870
1715741572082
1715741572445
1715741572880
1715741573094
1715741587020
1715741587190
1715741587466
1715741587761
1715741588118
1715741588328
1715741601649
1715741601911
1715741602095
1715741602447
1715741602835
1715741603098
1715741616715
1715741616964
1715741617125
1715741617306
1715741617636
1715741618081
1715741631848
1715741632053
1715741632284
1715741632588
1715741632972
1715741633246
1715741646709
1715741646970
1715741647144
1715741647514
1715741647814
1715741648070
1715741661744
1715741661961
1715741662146
1715741662353
1715741662672
1715741663255
1715741676863
1715741677070
1715741677314
1715741677637
1715741678069
1715741678239
1715741691774
1715741692023
1715741692382
1715741692690
1715741693034
1715741693351
1715741706809
1715741707076
1715741707315
1715741707582
1715741707949
1715741708409
1715741721771
1715741721906
1715741722215
1715741722382
1715741722557
1715741722842
1715741736756
1715741737009
1715741737231
1715741737509
1715741737895
1715741738190
1715741751728
1715741751990
1715741752309
1715741752566
1715741752899
1715741753277
1715741766884
1715741767105
1715741767307
1715741767615
1715741767935
1715741768251
1715741781819
1715741782069
1715741782293
1715741782618
1715741782961
1715741783270
1715741796783
1715741797035
1715741797241
1715741797509
1715741797750
1715741798112
1715741811773
1715741811995
1715741812237
1715741812632
1715741813045
1715741813236
1715741826830
1715741827075
1715741827369
1715741827655
1715741827939
1715741828419
1715741841948
1715741842138
1715741842357
1715741842610
1715741842918
1715741843216
1715741856906
1715741857141
1715741857295
1715741857534
1715741857875
1715741858396
1715741871895
1715741872157
1715741872442
1715741872808
1715741873067
1715741873439
1715741886889
1715741887151
1715741887315
1715741887534
1715741887810
1715741888278
1715741901991
1715741902240
1715741902436
1715741902627
1715741902882
1715741903348
1715741916809
1715741917045
1715741917252
1715741917589
1715741917934
1715741918209
1715741931827
1715741932080
1715741932297
1715741932595
1715741933061
1715741933288
1715741946946
1715741947183
1715741947484
1715741947830
1715741948204
1715741948371
1715741961880
1715741962133
1715741962336
1715741962596
1715741963013
1715741963424
1715741976920
1715741977154
1715741977492
1715741977748
1715741978069
1715741978343
1715741991928
1715741992199
1715741992412
1715741992699
1715741993074
1715741993385
1715742006916
1715742007142
1715742007323
1715742007557
1715742007850
1715742008434
1715742022031
1715742022250
1715742022482
1715742022764
1715742023284
1715742023496
1715742037005
1715742037236
1715742037468
1715742037746
1715742038085
1715742038517
1715742051946
1715742052177
1715742052380
1715742052654
1715742053170
1715742053334
1715742066923
1715742067180
1715742067388
1715742067776
1715742068089
1715742068346
1715742081988
1715742082244
1715742082444
1715742082764
1715742083115
1715742083485
1715742097031
1715742097266
1715742097469
1715742097748
1715742098112
1715742098578
1715742111926
1715742112152
1715742112372
1715742112605
1715742112995
1715742113470
1715742126968
1715742127184
1715742127391
1715742127691
1715742127983
1715742128359
1715742141951
1715742142181
1715742142392
1715742142668
1715742143091
1715742143496
1715742156983
1715742157246
1715742157501
1715742157779
1715742158256
1715742158537
1715742171949
1715742172304
1715742172578
1715742172870
1715742173313
1715742173569
1715742186878
1715742187156
1715742187465
1715742187796
1715742188129
1715742188434
1715742201944
1715742202186
1715742202377
1715742202722
1715742202983
1715742203331
1715742217054
1715742217291
1715742217537
1715742217808
1715742218200
1715742218589
1715742231928
1715742232241
1715742232505
1715742232806
1715742233201
1715742233548
1715742246946
1715742247209
1715742247429
1715742247733
1715742248046
1715742248535
1715742261981
1715742262226
1715742262422
1715742262719
1715742263072
1715742263407
1715742277038
1715742277270
1715742277475
1715742277775
1715742278186
1715742278571
1715742291998
1715742292231
1715742292420
1715742292702
1715742293001
1715742293366
1715742307058
1715742307314
1715742307519
1715742307869
1715742308262
1715742308639
1715742321965
1715742322177
1715742322386
1715742322671
1715742323017
1715742323458
1715742337166
1715742337446
1715742337704
1715742338037
1715742338357
1715742338537
1715742352055
1715742352348
1715742352630
1715742352898
1715742353208
1715742353515
1715742366988
1715742367251
1715742367500
1715742367877
1715742368304
1715742368607
1715742382047
1715742382279
1715742382485
1715742382771
1715742383203
1715742383617
1715742397206
1715742397440
1715742397676
1715742397938
1715742398259
1715742398603
1715742412104
1715742412339
1715742412564
1715742412856
1715742413217
1715742413702
1715742426981
1715742427244
1715742427506
1715742427838
1715742428247
1715742428553
1715742442047
1715742442305
1715742442532
1715742442858
1715742443232
1715742443639
1715742456990
1715742457250
1715742457451
1715742457737
1715742458086
1715742458491
1715742472063
1715742472301
1715742472516
1715742472775
1715742473063
1715742473440
1715742487132
1715742487381
1715742487676
1715742488008
1715742488329
1715742488584
1715742501975
1715742502210
1715742502393
1715742502754
1715742503170
1715742503442
1715742517073
1715742517312
1715742517518
1715742517865
1715742518338
1715742518702
1715742532144
1715742532373
1715742532658
1715742532926
1715742533378
1715742533601
1715742547117
1715742547372
1715742547587
1715742547950
1715742548340
1715742548703
1715742562057
1715742562319
1715742562606
1715742562865
1715742563186
1715742563583
1715742577098
1715742577355
1715742577577
1715742578007
1715742578375
1715742578701
1715742592034
1715742592281
1715742592460
1715742592794
1715742593123
1715742593578
1715742607148
1715742607431
1715742607674
1715742607948
1715742608350
1715742608717
1715742622146
1715742622444
1715742622644
1715742622920
1715742623269
1715742623629
1715742637144
1715742637391
1715742637645
1715742637964
1715742638315
1715742638584
1715742652139
1715742652388
1715742652710
1715742653058
1715742653289
1715742653568
1715742667137
1715742667384
1715742667572
1715742667860
1715742668192
1715742668658
1715742682133
1715742682375
1715742682625
1715742682923
1715742683247
1715742683503
1715742697142
1715742697407
1715742697680
1715742698036
1715742698310
1715742698605
1715742712317
1715742712571
1715742712721
1715742712928
1715742713178
1715742713699
1715742727163
1715742727478
1715742727736
1715742728032
1715742728330
1715742728614
1715742742103
1715742742386
1715742742603
1715742742972
1715742743278
1715742743704
1715742757247
1715742757472
1715742757659
1715742757827
1715742758193
1715742758624
1715742772185
1715742772423
1715742772618
1715742772822
1715742773149
1715742773522
1715742787158
1715742787409
1715742787610
1715742787996
1715742788348
1715742788572
1715742802253
1715742802470
1715742802760
1715742802983
1715742803547
1715742803736
1715742817238
1715742817496
1715742817687
1715742818016
1715742818321
1715742818781
1715742832207
1715742832474
1715742832688
1715742833084
1715742833448
1715742833671
1715742847277
1715742847504
1715742847725
1715742848042
1715742848372
1715742848649
1715742862267
1715742862501
1715742862709
1715742862894
1715742863226
1715742863609
1715742877244
1715742877466
1715742877707
1715742878024
1715742878507
1715742878781
1715742892197
1715742892423
1715742892619
1715742892867
1715742893253
1715742893702
1715742907208
1715742907435
1715742907668
1715742908056
1715742908368
1715742908637
1715742922270
1715742922521
1715742922722
1715742923045
1715742923471
1715742923841
1715742937378
1715742937591
1715742937807
1715742938060
1715742938326
1715742938656
1715742952271
1715742952500
1715742952743
1715742952974
1715742953369
1715742953669
1715742967221
1715742967471
1715742967664
1715742967824
1715742968198
1715742968605
1715742982313
1715742982553
1715742982800
1715742983168
1715742983501
1715742983753
1715742997206
1715742997430
1715742997707
1715742998056
1715742998334
1715742998600
1715743012293
1715743012523
1715743012752
1715743013035
1715743013506
1715743013820
1715743027359
1715743027617
1715743027867
1715743028186
1715743028625
1715743028832
1715743042299
1715743042568
1715743042799
1715743043100
1715743043486
1715743043858
1715743057361
1715743057613
1715743057816
1715743058117
1715743058514
1715743058912
1715743072333
1715743072594
1715743072793
1715743073058
1715743073342
1715743073670
1715743087310
1715743087565
1715743087816
1715743088106
1715743088497
1715743088916
1715743102236
1715743102486
1715743102751
1715743103079
1715743103398
1715743103811
1715743117325
1715743117604
1715743117783
1715743117990
1715743118121
1715743118542
1715743132230
1715743132494
1715743132684
1715743133029
1715743133359
1715743133642
1715743147283
1715743147530
1715743147812
1715743148153
1715743148477
1715743148885
1715743162399
1715743162646
1715743162873
1715743163151
1715743163513
1715743163768
1715743177376
1715743177622
1715743177826
1715743178167
1715743178439
1715743178746
1715743192378
1715743192605
1715743192800
1715743192993
1715743193256
1715743193677
1715743207344
1715743207603
1715743207864
1715743208209
1715743208492
1715743208777
1715743222208
1715743222481
1715743222675
1715743223099
1715743223378
1715743223646
1715743237413
1715743237632
1715743238004
1715743238330
1715743238629
1715743238970
1715743252413
1715743252661
1715743252895
1715743253193
1715743253564
1715743253971
1715743267349
1715743267586
1715743267797
1715743268065
1715743268489
1715743268815
1715743282408
1715743282701
1715743282885
1715743283262
1715743283595
1715743283908
1715743297489
1715743297765
1715743298026
1715743298311
1715743298744
1715743298944
1715743312459
1715743312702
1715743312977
1715743313299
1715743313684
1715743313911
1715743327345
1715743327576
1715743327754
1715743328028
1715743328351
1715743328902
1715743342467
1715743342710
1715743342920
1715743343230
1715743343602
1715743343937
1715743357375
1715743357606
1715743357804
1715743358198
1715743358563
1715743358842
1715743372465
1715743372706
1715743372926
1715743373194
1715743373534
1715743373811
1715743387469
1715743387706
1715743387970
1715743388329
1715743388602
1715743389024
1715743402425
1715743402646
1715743402831
1715743403186
1715743403549
1715743403846
1715743417409
1715743417670
1715743417871
1715743418212
1715743418529
1715743418805
1715743432386
1715743432639
1715743432809
1715743433158
1715743433474
1715743433758
1715743447310
1715743447445
1715743447704
1715743447879
1715743448047
1715743448198
1715743462510
1715743462761
1715743462979
1715743463331
1715743463619
1715743463908
1715743477402
1715743477626
1715743477902
1715743478202
1715743478584
1715743478947
1715743492388
1715743492632
1715743492809
1715743493036
1715743493321
1715743493807
1715743507430
1715743507693
1715743507954
1715743508318
1715743508679
1715743508913
1715743522450
1715743522681
1715743522893
1715743523261
1715743523628
1715743523888
1715743537589
1715743537821
1715743538104
1715743538406
1715743538738
1715743539074
1715743552435
1715743552696
1715743552956
1715743553286
1715743553596
1715743553861
1715743567470
1715743567718
1715743567939
1715743568343
1715743568584
1715743568871
1715743582540
1715743582790
1715743582987
1715743583290
1715743583609
1715743583901
1715743597512
1715743597752
1715743597957
1715743598241
1715743598605
1715743599036
1715743612567
1715743612803
1715743613055
1715743613353
1715743613831
1715743613992
1715743627479
1715743627721
1715743627936
1715743628232
1715743628602
1715743628892
1715743642373
1715743642635
1715743642851
1715743643201
1715743643611
1715743643843
1715743657474
1715743657728
1715743657942
1715743658158
1715743658535
1715743658914
1715743672512
1715743672774
1715743672991
1715743673183
1715743673574
1715743674067
1715743687531
1715743687789
1715743688023
1715743688386
1715743688693
1715743688968
1715743702563
1715743702827
1715743703078
1715743703407
1715743703740
1715743704064
1715743717543
1715743717790
1715743717924
1715743718164
1715743718450
1715743718921
1715743732511
1715743732762
1715743732987
1715743733363
1715743733690
1715743734143
1715743747642
1715743747884
1715743748097
1715743748369
1715743748680
1715743749075
1715743762601
1715743762861
1715743763057
1715743763311
1715743763667
1715743764192
1715743777521
1715743777785
1715743778141
1715743778497
1715743778758
1715743779061
1715743792569
1715743792821
1715743793004
1715743793347
1715743793709
1715743794158
1715743807621
1715743807846
1715743808069
1715743808261
1715743808572
1715743808935
1715743822581
1715743822848
1715743823076
1715743823455
1715743823934
1715743824242
1715743837657
1715743837894
1715743838123
1715743838422
1715743838826
1715743839097
1715743852587
1715743852850
1715743853046
1715743853357
1715743853677
1715743854008
1715743867564
1715743867837
1715743868078
1715743868390
1715743868838
1715743869132
1715743882657
1715743882900
1715743883086
1715743883287
1715743883689
1715743884156
1715743897575
1715743897855
1715743898043
1715743898371
1715743898682
1715743898953
1715743912612
1715743912853
1715743913096
1715743913405
1715743913811
1715743914062
1715743927635
1715743927867
1715743928041
1715743928267
1715743928563
1715743929035
1715743942577
1715743942806
1715743943051
1715743943450
1715743943724
1715743944025
1715743957631
1715743957886
1715743958054
1715743958401
1715743958719
1715743959040
1715743972618
1715743972847
1715743973094
1715743973431
1715743973739
1715743974034
1715743987539
1715743987802
1715743988011
1715743988313
1715743988605
1715743989070
1715744002660
1715744002896
1715744003078
1715744003264
1715744003592
1715744004037
1715744017674
1715744017911
1715744018134
1715744018433
1715744018770
1715744019089
1715744032644
1715744032874
1715744033082
1715744033222
1715744033400
1715744033727
1715744047661
1715744047914
1715744048133
1715744048415
1715744048816
1715744049129
1715744062699
1715744062949
1715744063151
1715744063307
1715744063558
1715744064056
1715744077645
1715744077898
1715744078066
1715744078314
1715744078559
1715744078971
1715744092683
1715744092935
1715744093165
1715744093501
1715744093986
1715744094280
1715744107773
1715744108040
1715744108225
1715744108436
1715744108777
1715744109210
1715744122726
1715744123029
1715744123191
1715744123430
1715744123865
1715744124185
1715744137606
1715744137867
1715744138074
1715744138480
1715744138827
1715744139229
1715744152795
1715744153071
1715744153282
1715744153461
1715744153835
1715744154171
1715744167624
1715744167861
1715744168104
1715744168383
1715744168731
1715744169004
1715744182697
1715744182941
1715744183156
1715744183500
1715744183985
1715744184279
1715744197732
1715744197968
1715744198237
1715744198588
1715744198876
1715744199146
1715744212573
1715744212819
1715744213021
1715744213319
1715744213720
1715744214031
1715744227693
1715744227951
1715744228231
1715744228529
1715744228943
1715744229140
1715744242705
1715744242983
1715744243128
1715744243369
1715744243701
1715744244157
1715744257681
1715744257957
1715744258161
1715744258488
1715744258970
1715744259117
1715744272782
1715744273050
1715744273251
1715744273578
1715744274000
1715744274340
1715744287804
1715744288061
1715744288258
1715744288558
1715744288844
1715744289218
1715744302821
1715744303075
1715744303249
1715744303469
1715744303749
1715744304114
1715744317765
1715744318040
1715744318303
1715744318572
1715744318971
1715744319261
1715744332748
1715744332976
1715744333227
1715744333549
1715744333897
1715744334125
1715744347800
1715744348027
1715744348236
1715744348597
1715744349073
1715744349426
1715744362771
1715744363035
1715744363187
1715744363407
1715744363691
1715744364080
1715744377878
1715744378144
1715744378375
1715744378676
1715744378997
1715744379347
1715744392766
1715744393105
1715744393298
1715744393623
1715744393960
1715744394280
1715744407824
1715744408080
1715744408361
1715744408634
1715744408982
1715744409387
1715744422812
1715744423081
1715744423249
1715744423501
1715744423906
1715744424248
1715744437958
1715744438145
1715744438404
1715744438663
1715744439061
1715744439375
1715744452765
1715744452981
1715744453182
1715744453310
1715744453661
1715744454086
1715744467854
1715744468150
1715744468338
1715744468622
1715744469030
1715744469468
1715744482826
1715744483106
1715744483302
1715744483591
1715744483863
1715744484230
1715744497715
1715744497958
1715744498166
1715744498512
1715744498961
1715744499158
1715744512818
1715744513067
1715744513256
1715744513441
1715744513744
1715744514152
1715744527787
1715744528010
1715744528213
1715744528529
1715744528921
1715744529272
1715744542824
1715744543084
1715744543286
1715744543583
1715744544015
1715744544358
1715744557831
1715744558082
1715744558331
1715744558602
1715744558998
1715744559373
1715744572794
1715744573009
1715744573320
1715744573642
1715744573998
1715744574310
1715744587859
1715744588126
1715744588390
1715744588676
1715744589065
1715744589285
1715744602824
1715744603079
1715744603307
1715744603599
1715744603931
1715744604317
1715744617819
1715744618087
1715744618304
1715744618570
1715744618967
1715744619350
1715744632787
1715744633029
1715744633255
1715744633550
1715744633912
1715744634279
1715744647910
1715744648256
1715744648436
1715744648737
1715744649189
1715744649344
1715744662867
1715744663125
1715744663351
1715744663608
1715744663923
1715744664490
1715744677835
1715744678077
1715744678307
1715744678605
1715744678935
1715744679301
1715744692945
1715744693204
1715744693373
1715744693518
1715744693792
1715744694420
1715744707885
1715744708114
1715744708341
1715744708578
1715744708966
1715744709320
1715744722831
1715744723136
1715744723324
1715744723700
1715744724175
1715744724371
1715744737892
1715744738141
1715744738328
1715744738525
1715744738848
1715744739267
1715744752854
1715744753165
1715744753368
1715744753729
1715744754154
1715744754313
1715744767908
1715744768158
1715744768367
1715744768555
1715744768955
1715744769282
1715744783039
1715744783296
1715744783482
1715744783663
1715744783987
1715744784321
1715744797833
1715744798123
1715744798342
1715744798679
1715744798987
1715744799364
1715744812941
1715744813205
1715744813378
1715744813699
1715744814134
1715744814483
1715744827925
1715744828139
1715744828426
1715744828734
1715744829188
1715744829518
1715744842820
1715744843132
1715744843381
1715744843732
1715744843974
1715744844231
1715744858057
1715744858298
1715744858556
1715744858841
1715744859375
1715744859699
1715744872996
1715744873207
1715744873395
1715744873534
1715744873725
1715744874073
1715744887913
1715744888138
1715744888347
1715744888622
1715744888974
1715744889303
1715744902914
1715744903159
1715744903341
1715744903570
1715744903886
1715744904401
1715744917998
1715744918270
1715744918523
1715744918877
1715744919175
1715744919450
1715744932901
1715744933131
1715744933368
1715744933777
1715744934088
1715744934473
1715744947912
1715744948171
1715744948374
1715744948673
1715744949026
1715744949305
1715744962889
1715744963213
1715744963433
1715744963746
1715744964090
1715744964433
1715744977971
1715744978247
1715744978511
1715744978737
1715744979042
1715744979394
1715744992979
1715744993219
1715744993400
1715744993638
1715744993965
1715744994327
1715745008031
1715745008278
1715745008484
1715745008743
1715745009083
1715745009450
1715745023017
1715745023277
1715745023479
1715745023736
1715745024078
1715745024520
1715745038114
1715745038360
1715745038509
1715745038841
1715745039303
1715745039619
1715745053028
1715745053241
1715745053442
1715745053800
1715745054180
1715745054473
1715745068076
1715745068342
1715745068519
1715745068876
1715745069222
1715745069607
1715745083068
1715745083317
1715745083604
1715745083904
1715745084319
1715745084501
1715745098050
1715745098295
1715745098612
1715745098936
1715745099193
1715745099467
1715745113103
1715745113342
1715745113567
1715745113839
1715745114255
1715745114652
1715745128071
1715745128349
1715745128545
1715745128859
1715745129350
1715745129509
1715745143147
1715745143395
1715745143559
1715745143749
1715745143986
1715745144365
1715745158096
1715745158329
1715745158571
1715745158881
1715745159263
1715745159555
1715745173052
1715745173309
1715745173533
1715745173837
1715745174319
1715745174515
1715745188083
1715745188334
1715745188519
1715745188792
1715745189147
1715745189628
1715745202974
1715745203240
1715745203394
1715745203662
1715745204088
1715745204398
1715745218123
1715745218360
1715745218598
1715745218894
1715745219258
1715745219692
1715745233204
1715745233448
1715745233724
1715745233962
1715745234399
1715745234602
1715745248086
1715745248338
1715745248550
1715745248853
1715745249194
1715745249470
1715745263044
1715745263277
1715745263527
1715745263769
1715745264163
1715745264607
1715745278148
1715745278378
1715745278619
1715745278864
1715745279196
1715745279623
1715745293076
1715745293322
1715745293510
1715745293709
1715745294003
1715745294429
1715745307995
1715745308252
1715745308504
1715745308888
1715745309271
1715745309450
1715745323123
1715745323393
1715745323605
1715745323907
1715745324251
1715745324536
1715745338275
1715745338520
1715745338682
1715745338988
1715745339415
1715745339606
1715745353124
1715745353374
1715745353681
1715745353978
1715745354316
1715745354561
1715745368073
1715745368297
1715745368530
1715745368847
1715745369067
1715745369332
1715745383109
1715745383340
1715745383552
1715745383825
1715745384204
1715745384487
1715745398079
1715745398333
1715745398531
1715745398808
1715745399134
1715745399453
1715745413167
1715745413411
1715745413621
1715745414020
1715745414359
1715745414709
1715745428084
1715745428349
1715745428564
1715745428842
1715745429209
1715745429637
1715745443203
1715745443442
1715745443615
1715745443886
1715745444250
1715745444660
1715745458155
1715745458393
1715745458605
1715745458853
1715745459256
1715745459578
1715745473139
1715745473415
1715745473606
1715745473914
1715745474269
1715745474726
1715745488204
1715745488445
1715745488642
1715745488808
1715745489124
1715745489583
1715745503304
1715745503535
1715745503701
1715745503897
1715745504126
1715745504504
1715745518189
1715745518437
1715745518711
1715745519034
1715745519500
1715745519704
1715745533218
1715745533477
1715745533685
1715745534082
1715745534348
1715745534771
1715745548230
1715745548506
1715745548704
1715745549047
1715745549540
1715745549708
1715745563178
1715745563435
1715745563620
1715745563904
1715745564266
1715745564606
1715745578276
1715745578510
1715745578711
1715745579006
1715745579340
1715745579636
1715745593277
1715745593510
1715745593732
1715745594088
1715745594401
1715745594812
1715745608234
1715745608541
1715745608803
1715745609041
1715745609284
1715745609507
1715745623166
1715745623393
1715745623751
1715745624115
1715745624340
1715745624676
1715745638216
1715745638456
1715745638649
1715745639022
1715745639404
1715745639670
1715745653229
1715745653456
1715745653668
1715745653976
1715745654446
1715745654687
1715745668227
1715745668487
1715745668753
1715745668968
1715745669325
1715745669615
1715745683269
1715745683511
1715745683813
1715745684114
1715745684436
1715745684710
1715745698181
1715745698392
1715745698649
1715745699014
1715745699430
1715745699741
1715745713248
1715745713504
1715745713697
1715745713965
1715745714357
1715745714728
1715745728272
1715745728482
1715745728729
1715745729038
1715745729364
1715745729738
1715745743236
1715745743478
1715745743688
1715745744036
1715745744430
1715745744699
1715745758386
1715745758613
1715745758815
1715745759137
1715745759461
1715745759853
1715745773323
1715745773557
1715745773798
1715745774096
1715745774598
1715745774798
1715745788196
1715745788463
1715745788666
1715745788986
1715745789350
1715745789680
1715745803319
1715745803551
1715745803821
1715745804070
1715745804461
1715745804757
1715745818317
1715745818565
1715745818771
1715745819046
1715745819347
1715745819759
1715745833238
1715745833487
1715745833711
1715745834040
1715745834328
1715745834655
1715745848384
1715745848634
1715745848920
1715745849211
1715745849548
1715745849822
1715745863431
1715745863668
1715745863903
1715745864188
1715745864504
1715745864766
1715745878306
1715745878546
1715745878773
1715745879043
1715745879391
1715745879797
1715745893412
1715745893644
1715745893900
1715745894267
1715745894545
1715745894910
1715745908394
1715745908632
1715745908891
1715745909186
1715745909532
1715745909904
1715745923271
1715745923528
1715745923789
1715745924143
1715745924516
1715745924811
1715745938340
1715745938596
1715745938828
1715745939117
1715745939467
1715745939769
1715745953417
1715745953633
1715745953849
1715745954195
1715745954547
1715745954939
1715745968401
1715745968672
1715745968873
1715745969124
1715745969540
1715745969854
1715745983299
1715745983552
1715745983769
1715745983998
1715745984372
1715745984782
1715745998365
1715745998596
1715745998832
1715745999170
1715745999494
1715745999883
1715746013449
1715746013691
1715746013922
1715746014239
1715746014627
1715746014958
1715746028356
1715746028584
1715746028782
1715746029090
1715746029512
1715746029862
1715746043389
1715746043637
1715746043881
1715746044283
1715746044631
1715746044868
1715746058369
1715746058620
1715746058856
1715746059247
1715746059588
1715746059836
1715746073462
1715746073687
1715746073894
1715746074148
1715746074525
1715746074832
1715746088401
1715746088653
1715746088902
1715746089208
1715746089547
1715746089963
1715746103374
1715746103586
1715746103793
1715746104069
1715746104412
1715746104855
1715746118476
1715746118709
1715746118976
1715746119336
1715746119760
1715746119965
1715746133509
1715746133788
1715746133992
1715746134344
1715746134736
1715746134960
1715746148433
1715746148704
1715746148981
1715746149299
1715746149601
1715746149881
1715746163381
1715746163635
1715746163905
1715746164123
1715746164469
1715746164816
1715746178484
1715746178698
1715746178913
1715746179198
1715746179516
1715746179796
1715746193476
1715746193710
1715746193898
1715746194217
1715746194510
1715746194861
1715746208444
1715746208701
1715746208943
1715746209317
1715746209634
1715746209925
1715746223491
1715746223758
1715746223992
1715746224339
1715746224779
1715746224948
1715746238508
1715746238736
1715746239025
1715746239440
1715746239749
1715746240057
1715746253581
1715746253820
1715746254043
1715746254318
1715746254669
1715746255064
1715746268555
1715746268818
1715746269007
1715746269302
1715746269750
1715746270065
1715746283403
1715746283642
1715746283809
1715746284149
1715746284463
1715746284836
1715746298477
1715746298709
1715746298931
1715746299174
1715746299527
1715746299990
1715746313529
1715746313775
1715746313962
1715746314148
1715746314484
1715746314841
1715746328438
1715746328674
1715746328850
1715746329270
1715746329557
1715746329886
1715746343546
1715746343771
1715746343979
1715746344252
1715746344587
1715746345003
1715746358537
1715746358792
1715746358978
1715746359242
1715746359518
1715746359872
1715746373455
1715746373704
1715746373947
1715746374311
1715746374715
1715746374978
1715746388492
1715746388719
1715746388919
1715746389211
1715746389556
1715746389909
1715746403470
1715746403734
1715746403987
1715746404242
1715746404593
1715746404986
1715746418453
1715746418693
1715746418893
1715746419252
1715746419630
1715746419931
1715746433553
1715746433802
1715746434018
1715746434286
1715746434622
1715746434949
1715746448563
1715746448807
1715746448987
1715746449119
1715746449396
1715746449809
1715746463537
1715746463789
1715746464008
1715746464131
1715746464378
1715746464887
1715746478519
1715746478750
1715746478993
1715746479390
1715746479694
1715746479961
1715746493598
1715746493830
1715746494065
1715746494387
1715746494832
1715746495048
1715746508534
1715746508782
1715746508984
1715746509147
1715746509323
1715746509743
1715746523556
1715746523824
1715746524077
1715746524342
1715746524845
1715746524992
1715746538756
1715746539181
1715746539616
1715746539951
1715746540241
1715746540393
1715746553502
1715746553754
1715746554085
1715746554386
1715746554731
1715746554948
1715746568525
1715746568742
1715746568938
1715746569268
1715746569648
1715746569898
1715746583592
1715746583832
1715746584068
1715746584425
1715746584771
1715746585142
1715746598477
1715746598712
1715746598911
1715746599258
1715746599611
1715746599984
1715746613512
1715746613771
1715746614010
1715746614305
1715746614653
1715746615038
1715746628651
1715746628876
1715746629078
1715746629365
1715746629793
1715746630092
1715746643606
1715746643850
1715746644041
1715746644404
1715746644866
1715746645056
1715746658558
1715746658813
1715746659037
1715746659387
1715746659782
1715746660010
1715746673646
1715746673897
1715746674117
1715746674374
1715746674764
1715746675142
1715746688545
1715746688798
1715746689061
1715746689494
1715746689712
1715746690074
1715746703595
1715746703831
1715746704171
1715746704458
1715746704854
1715746705119
1715746718630
1715746718891
1715746719128
1715746719451
1715746719838
1715746720095
1715746733583
1715746733815
1715746734042
1715746734422
1715746734827
1715746735032
1715746748522
1715746748772
1715746748960
1715746749239
1715746749600
1715746749843
1715746763692
1715746763929
1715746764149
1715746764430
1715746764806
1715746765117
1715746778562
1715746778803
1715746779030
1715746779305
1715746779682
1715746780052
1715746793636
1715746793892
1715746794109
1715746794483
1715746794803
1715746795060
1715746808680
1715746808931
1715746809181
1715746809472
1715746809806
1715746810145
1715746823621
1715746823853
1715746824057
1715746824475
1715746824944
1715746825174
1715746838750
1715746839063
1715746839265
1715746839564
1715746840026
1715746840274
1715746853750
1715746853988
1715746854171
1715746854463
1715746854798
1715746855131
1715746868685
1715746868950
1715746869221
1715746869547
1715746869867
1715746870198
1715746883675
1715746883923
1715746884134
1715746884478
1715746884956
1715746885239
1715746898643
1715746898885
1715746899210
1715746899481
1715746899831
1715746900251
1715746913660
1715746913890
1715746914115
1715746914472
1715746914751
1715746915159
1715746928628
1715746928892
1715746929205
1715746929472
1715746929879
1715746930082
1715746943766
1715746944022
1715746944260
1715746944530
1715746944832
1715746945174
1715746958669
1715746958928
1715746959238
1715746959561
1715746959833
1715746960116
1715746973666
1715746973938
1715746974166
1715746974361
1715746974644
1715746975082
1715746988762
1715746989033
1715746989264
1715746989619
1715746989858
1715746990291
1715747003708
1715747003927
1715747004203
1715747004564
1715747004965
1715747005120
1715747018691
1715747018947
1715747019216
1715747019529
1715747019856
1715747020196
1715747033700
1715747033970
1715747034189
1715747034568
1715747034904
1715747035267
1715747048762
1715747048983
1715747049207
1715747049462
1715747049883
1715747050257
1715747063698
1715747063934
1715747064173
1715747064567
1715747064928
1715747065151
1715747078877
1715747079108
1715747079347
1715747079651
1715747079985
1715747080249
1715747093744
1715747093978
1715747094228
1715747094642
1715747095015
1715747095253
1715747108746
1715747108972
1715747109220
1715747109614
1715747110033
1715747110235
1715747123781
1715747124048
1715747124263
1715747124704
1715747124938
1715747125210
1715747138740
1715747138982
1715747139205
1715747139483
1715747139808
1715747140127
1715747153710
1715747153965
1715747154196
1715747154504
1715747154787
1715747155087
1715747168800
1715747169053
1715747169251
1715747169603
1715747169931
1715747170310
1715747183721
1715747184008
1715747184268
1715747184587
1715747185007
1715747185223
1715747198734
1715747198969
1715747199177
1715747199494
1715747199842
1715747200105
1715747213753
1715747214006
1715747214205
1715747214465
1715747214762
1715747215072
1715747228801
1715747229020
1715747229229
1715747229483
1715747229875
1715747230253
1715747243741
1715747243990
1715747244280
1715747244638
1715747244960
1715747245195
1715747258754
1715747258992
1715747259216
1715747259516
1715747259920
1715747260300
1715747273737
1715747273966
1715747274191
1715747274457
1715747274676
1715747275110
1715747288794
1715747289031
1715747289231
1715747289504
1715747289856
1715747290301
1715747303886
1715747304109
1715747304347
1715747304719
1715747305013
1715747305273
1715747318828
1715747319082
1715747319232
1715747319493
1715747319798
1715747320251
1715747333824
1715747334073
1715747334293
1715747334542
1715747334851
1715747335190
1715747348854
1715747349121
1715747349381
1715747349747
1715747350038
1715747350335
1715747363811
1715747364036
1715747364244
1715747364557
1715747364912
1715747365283
1715747378805
1715747379043
1715747379243
1715747379615
1715747379886
1715747380340
1715747393839
1715747394101
1715747394345
1715747394527
1715747394651
1715747394976
1715747408811
1715747409111
1715747409356
1715747409668
1715747410164
1715747410418
1715747423858
1715747424084
1715747424376
1715747424695
1715747425073
1715747425390
1715747439024
1715747439303
1715747439559
1715747439864
1715747440159
1715747440450
1715747453848
1715747454080
1715747454298
1715747454565
1715747454907
1715747455347
1715747468861
1715747469103
1715747469324
1715747469673
1715747470161
1715747470415
1715747483913
1715747484170
1715747484398
1715747484637
1715747484994
1715747485387
1715747498882
1715747499135
1715747499354
1715747499754
1715747500100
1715747500303
1715747513895
1715747514148
1715747514375
1715747514680
1715747515030
1715747515407
1715747528953
1715747529214
1715747529443
1715747529761
1715747530153
1715747530513
1715747543887
1715747544151
1715747544344
1715747544740
1715747545021
1715747545303
1715747558864
1715747559125
1715747559319
1715747559601
1715747559972
1715747560305
1715747573928
1715747574157
1715747574371
1715747574681
1715747575030
1715747575395
1715747588929
1715747589191
1715747589353
1715747589580
1715747589807
1715747590180
1715747603934
1715747604149
1715747604431
1715747604770
1715747605036
1715747605415
1715747618875
1715747619108
1715747619355
1715747619690
1715747620081
1715747620452
1715747633977
1715747634187
1715747634483
1715747634870
1715747635217
1715747635471
1715747648982
1715747649212
1715747649448
1715747649766
1715747650155
1715747650454
1715747663876
1715747664133
1715747664368
1715747664607
1715747664801
1715747665053
1715747678879
1715747679118
1715747679314
1715747679654
1715747679998
1715747680282
1715747694044
1715747694287
1715747694496
1715747694750
1715747695044
1715747695487
1715747709006
1715747709273
1715747709495
1715747709758
1715747710242
1715747710536
1715747723879
1715747724108
1715747724314
1715747724686
1715747724979
1715747725312
1715747738922
1715747739199
1715747739383
1715747739742
1715747740077
1715747740398
1715747753919
1715747754151
1715747754364
1715747754711
1715747755057
1715747755410
1715747768960
1715747769199
1715747769388
1715747769664
1715747770022
1715747770373
1715747784025
1715747784279
1715747784414
1715747784635
1715747784765
1715747785138
1715747799015
1715747799277
1715747799471
1715747799727
1715747800118
1715747800450
1715747813945
1715747814221
1715747814520
1715747814841
1715747815136
1715747815498
1715747828986
1715747829250
1715747829458
1715747829815
1715747830078
1715747830380
1715747844077
1715747844341
1715747844549
1715747844844
1715747845176
1715747845561
1715747859002
1715747859245
1715747859508
1715747859801
1715747860117
1715747860409
1715747873997
1715747874265
1715747874534
1715747874845
1715747875146
1715747875437
1715747889082
1715747889320
1715747889554
1715747889900
1715747890176
1715747890519
1715747904093
1715747904346
1715747904594
1715747904954
1715747905235
1715747905557
1715747919056
1715747919287
1715747919602
1715747919967
1715747920218
1715747920607
1715747934159
1715747934379
1715747934591
1715747934859
1715747935188
1715747935607
1715747949002
1715747949119
1715747949437
1715747949613
1715747949901
1715747950203
1715747964131
1715747964434
1715747964647
1715747964942
1715747965274
1715747965556
1715747979040
1715747979281
1715747979495
1715747979884
1715747980247
1715747980587
1715747994054
1715747994291
1715747994501
1715747994792
1715747995121
1715747995475
1715748009085
1715748009310
1715748009601
1715748009811
1715748010278
1715748010554
1715748024151
1715748024406
1715748024582
1715748024915
1715748025248
1715748025549
1715748039197
1715748039450
1715748039734
1715748040098
1715748040348
1715748040509
1715748053993
1715748054220
1715748054436
1715748054633
1715748054998
1715748055355
1715748069083
1715748069355
1715748069645
1715748069981
1715748070273
1715748070623
1715748084102
1715748084356
1715748084641
1715748084972
1715748085273
1715748085562
1715748099097
1715748099348
1715748099641
1715748100013
1715748100345
1715748100553
1715748114246
1715748114493
1715748114729
1715748115024
1715748115475
1715748115813
1715748129132
1715748129391
1715748129588
1715748129942
1715748130438
1715748130699
1715748144074
1715748144347
1715748144573
1715748144978
1715748145316
1715748145520
1715748159158
1715748159384
1715748159621
1715748159878
1715748160227
1715748160672
1715748174084
1715748174309
1715748174548
1715748174901
1715748175227
1715748175571
1715748189172
1715748189435
1715748189645
1715748189911
1715748190269
1715748190673
1715748204077
1715748204338
1715748204684
1715748205025
1715748205370
1715748205542
1715748219149
1715748219376
1715748219613
1715748220008
1715748220353
1715748220564
1715748234174
1715748234391
1715748234562
1715748234845
1715748235286
1715748235557
1715748249145
1715748249402
1715748249599
1715748249777
1715748249971
1715748250358
1715748264093
1715748264350
1715748264532
1715748264804
1715748265188
1715748265508
1715748279174
1715748279417
1715748279629
1715748280038
1715748280373
1715748280644
1715748294179
1715748294438
1715748294713
1715748294958
1715748295290
1715748295712
1715748309109
1715748309389
1715748309681
1715748310001
1715748310317
1715748310597
1715748324132
1715748324370
1715748324587
1715748324957
1715748325282
1715748325543
1715748339426
1715748339629
1715748339901
1715748340204
1715748340569
1715748340760
1715748354216
1715748354468
1715748354690
1715748354862
1715748355185
1715748355573
1715748369266
1715748369480
1715748369726
1715748370009
1715748370424
1715748370771
1715748384338
1715748384578
1715748384769
1715748384925
1715748385145
1715748385581
1715748399133
1715748399374
1715748399609
1715748399998
1715748400309
1715748400590
1715748414261
1715748414511
1715748414775
1715748415112
1715748415425
1715748415741
1715748429295
1715748429554
1715748429774
1715748429940
1715748430256
1715748430627
1715748444304
1715748444546
1715748444719
1715748444900
1715748445148
1715748445779
1715748459259
1715748459515
1715748459787
1715748460121
1715748460429
1715748460772
1715748474200
1715748474462
1715748474690
1715748474839
1715748475177
1715748475641
1715748489193
1715748489430
1715748489652
1715748489951
1715748490317
1715748490678
1715748504235
1715748504461
1715748504635
1715748505017
1715748505344
1715748505585
1715748519364
1715748519609
1715748519783
1715748520048
1715748520440
1715748520749
1715748534240
1715748534499
1715748534687
1715748534967
1715748535313
1715748535642
1715748549309
1715748549562
1715748549749
1715748550024
1715748550310
1715748550635
1715748564294
1715748564519
1715748564732
1715748564986
1715748565311
1715748565732
1715748580472
1715748580715
1715748581006
1715748581269
1715748581603
1715748581947
1715748594281
1715748594494
1715748594688
1715748594858
1715748595214
1715748595547
1715748609313
1715748609541
1715748609794
1715748610057
1715748610435
1715748610845
1715748624252
1715748624511
1715748624713
1715748625067
1715748625407
1715748625740
1715748639278
1715748639515
1715748639728
1715748640061
1715748640390
1715748640682
1715748654290
1715748654520
1715748654768
1715748655049
1715748655458
1715748655856
1715748669239
1715748669490
1715748669785
1715748670138
1715748670393
1715748670674
1715748684435
1715748684714
1715748684926
1715748685213
1715748685697
1715748685927
1715748699275
1715748699505
1715748699749
1715748700001
1715748700557
1715748700808
1715748714304
1715748714520
1715748714723
1715748715063
1715748715389
1715748715636
1715748729293
1715748729492
1715748729732
1715748729987
1715748730214
1715748730597
1715748744235
1715748744416
1715748744602
1715748744887
1715748745222
1715748745547
1715748759331
1715748759552
1715748759753
1715748760051
1715748760438
1715748760861
1715748774320
1715748774543
1715748774839
1715748775131
1715748775457
1715748775737
1715748789406
1715748789652
1715748789905
1715748790193
1715748790649
1715748790835
1715748804327
1715748804575
1715748804856
1715748805246
1715748805506
1715748805884
1715748819399
1715748819652
1715748819868
1715748820168
1715748820687
1715748820950
1715748834439
1715748834694
1715748834907
1715748835241
1715748835575
1715748835847
1715748849401
1715748849626
1715748849850
1715748850044
1715748850341
1715748850691
1715748864364
1715748864626
1715748864934
1715748865285
1715748865677
1715748865870
1715748879394
1715748879620
1715748879884
1715748880187
1715748880648
1715748880816
1715748894431
1715748894658
1715748894907
1715748895173
1715748895528
1715748895938
1715748909326
1715748909588
1715748909814
1715748910139
1715748910545
1715748910754
1715748924474
1715748924747
1715748924983
1715748925268
1715748925639
1715748925942
1715748939424
1715748939649
1715748939928
1715748940258
1715748940589
1715748940927
1715748954387
1715748954612
1715748954823
1715748955192
1715748955515
1715748955790
1715748969463
1715748969718
1715748969974
1715748970226
1715748970582
1715748970978
1715748984396
1715748984643
1715748984960
1715748985212
1715748985483
1715748985712
1715748999449
1715748999701
1715748999968
1715749000318
1715749000682
1715749000894
1715749014413
1715749014671
1715749014937
1715749015303
1715749015616
1715749015879
1715749029403
1715749029664
1715749029909
1715749030201
1715749030531
1715749030901
1715749044429
1715749044694
1715749044882
1715749045260
1715749045533
1715749045861
1715749059524
1715749059747
1715749059933
1715749060108
1715749060416
1715749060879
1715749074410
1715749074635
1715749074849
1715749075231
1715749075535
1715749075827
1715749089381
1715749089609
1715749089826
1715749090134
1715749090535
1715749090783
1715749104564
1715749104805
1715749105069
1715749105393
1715749105833
1715749106011
1715749119516
1715749119733
1715749119963
1715749120362
1715749120654
1715749120928
1715749134534
1715749134794
1715749135028
1715749135342
1715749135745
1715749136054
1715749149487
1715749149737
1715749149950
1715749150129
1715749150449
1715749150846
1715749164402
1715749164659
1715749164989
1715749165359
1715749165608
1715749165886
1715749179553
1715749179806
1715749180047
1715749180363
1715749180660
1715749181018
1715749194667
1715749194918
1715749195091
1715749195254
1715749195572
1715749195992
1715749209425
1715749209655
1715749209844
1715749210008
1715749210381
1715749210848
1715749224518
1715749224749
1715749224971
1715749225310
1715749225673
1715749226075
1715749239583
1715749239799
1715749239998
1715749240283
1715749240700
1715749241034
1715749254514
1715749254768
1715749254987
1715749255311
1715749255610
1715749256017
1715749269511
1715749269737
1715749269944
1715749270116
1715749270330
1715749270764
1715749284553
1715749284760
1715749284975
1715749285271
1715749285624
1715749285995
1715749299473
1715749299727
1715749299969
1715749300328
1715749300654
1715749301053
1715749314512
1715749314764
1715749314950
1715749315316
1715749315689
1715749316075
1715749329597
1715749329847
1715749330085
1715749330355
1715749330671
1715749331154
1715749344573
1715749344865
1715749345018
1715749345202
1715749345565
1715749345939
1715749359576
1715749359828
1715749360032
1715749360230
1715749360559
1715749360999
1715749374577
1715749374847
1715749375046
1715749375345
1715749375661
1715749376010
1715749389561
1715749389821
1715749390195
1715749390501
1715749390751
1715749390970
1715749404533
1715749404776
1715749404993
1715749405306
1715749405659
1715749406048
1715749419576
1715749419846
1715749420097
1715749420384
1715749420677
1715749420936
1715749434510
1715749434735
1715749434970
1715749435263
1715749435765
1715749436056
1715749449566
1715749449841
1715749450109
1715749450503
1715749450785
1715749451161
1715749464701
1715749464946
1715749465144
1715749465414
1715749465751
1715749466150
1715749479596
1715749479845
1715749480040
1715749480311
1715749480701
1715749481067
1715749494641
1715749494852
1715749495022
1715749495306
1715749495635
1715749496037
1715749509640
1715749509916
1715749510074
1715749510378
1715749510762
1715749511073
1715749524518
1715749524727
1715749524928
1715749525201
1715749525497
1715749525967
1715749539783
1715749540032
1715749540328
1715749540664
1715749541048
1715749541251
1715749554716
1715749554933
1715749555138
1715749555337
1715749555653
1715749556058
1715749569585
1715749569852
1715749570060
1715749570367
1715749570710
1715749571056
1715749584606
1715749584872
1715749585107
1715749585423
1715749585740
1715749586178
1715749599624
1715749599887
1715749600123
1715749600389
1715749600772
1715749601166
1715749614643
1715749614904
1715749615109
1715749615353
1715749615658
1715749616122
1715749629755
1715749629979
1715749630221
1715749630564
1715749630909
1715749631222
1715749644726
1715749644952
1715749645251
1715749645650
1715749646004
1715749646329
1715749659582
1715749659838
1715749660061
1715749660357
1715749660687
1715749661035
1715749674607
1715749674840
1715749675065
1715749675428
1715749675800
1715749676138
1715749689731
1715749690015
1715749690252
1715749690565
1715749690914
1715749691316
1715749704633
1715749704878
1715749705084
1715749705367
1715749705655
1715749705978
1715749719598
1715749719845
1715749720169
1715749720519
1715749720770
1715749721090
1715749734766
1715749735031
1715749735247
1715749735523
1715749735934
1715749736360
1715749749755
1715749749986
1715749750224
1715749750511
1715749750848
1715749751188
1715749764667
1715749764920
1715749765133
1715749765402
1715749765744
1715749766174
1715749779784
1715749780051
1715749780243
1715749780535
1715749780841
1715749781188
1715749794682
1715749794948
1715749795317
1715749795658
1715749796033
1715749796321
1715749809753
1715749809987
1715749810224
1715749810531
1715749810985
1715749811261
1715749824719
1715749824997
1715749825302
1715749825579
1715749825943
1715749826236
1715749839705
1715749839966
1715749840154
1715749840370
1715749840637
1715749841170
1715749854720
1715749854963
1715749855169
1715749855377
1715749855787
1715749856304
1715749869814
1715749870056
1715749870244
1715749870449
1715749870822
1715749871242
1715749884760
1715749885027
1715749885237
1715749885608
1715749885953
1715749886266
1715749899747
1715749899989
1715749900216
1715749900561
1715749901000
1715749901235
1715749914750
1715749915027
1715749915323
1715749915649
1715749916010
1715749916325
1715749929633
1715749929896
1715749930108
1715749930487
1715749930818
1715749931093
1715749944889
1715749945124
1715749945347
1715749945644
1715749946093
1715749946478
1715749959911
1715749960160
1715749960418
1715749960753
1715749961204
1715749961489
1715749974759
1715749974986
1715749975230
1715749975585
1715749975893
1715749976280
1715749989877
1715749990127
1715749990293
1715749990561
1715749991043
1715749991468
1715750004748
1715750005001
1715750005219
1715750005546
1715750005896
1715750006184
1715750019813
1715750020059
1715750020306
1715750020560
1715750021001
1715750021444
1715750034752
1715750034999
1715750035208
1715750035607
1715750035926
1715750036314
1715750049814
1715750050049
1715750050270
1715750050635
1715750050940
1715750051255
1715750064655
1715750064995
1715750065214
1715750065525
1715750065849
1715750066195
1715750079877
1715750080123
1715750080366
1715750080715
1715750080967
1715750081288
1715750094778
1715750095017
1715750095333
1715750095703
1715750095983
1715750096445
1715750109723
1715750109984
1715750110247
1715750110655
1715750110993
1715750111205
1715750124768
1715750124996
1715750125220
1715750125462
1715750125759
1715750126213
1715750139887
1715750140121
1715750140431
1715750140786
1715750141195
1715750141494
1715750154771
1715750155067
1715750155251
1715750155612
1715750155926
1715750156305
1715750169890
1715750170127
1715750170361
1715750170623
1715750171180
1715750171377
1715750184859
1715750185116
1715750185358
1715750185605
1715750185973
1715750186290
1715750199863
1715750200112
1715750200274
1715750200585
1715750200920
1715750201409
1715750214892
1715750215147
1715750215378
1715750215656
1715750216019
1715750216295
1715750229837
1715750230059
1715750230220
1715750230510
1715750230799
1715750231230
1715750244931
1715750245184
1715750245458
1715750245728
1715750246065
1715750246407
1715750259936
1715750260160
1715750260407
1715750260691
1715750261013
1715750261242
1715750274990
1715750275217
1715750275469
1715750275757
1715750276085
1715750276393
1715750289906
1715750290170
1715750290386
1715750290789
1715750291140
1715750291434
1715750304822
1715750305107
1715750305312
1715750305569
1715750305850
1715750306216
1715750319952
1715750320201
1715750320371
1715750320647
1715750321006
1715750321346
1715750334863
1715750335101
1715750335375
1715750335715
1715750336025
1715750336366
1715750349945
1715750350164
1715750350372
1715750350637
1715750350983
1715750351320
1715750364822
1715750365066
1715750365286
1715750365569
1715750365889
1715750366246
1715750379937
1715750380166
1715750380362
1715750380697
1715750381007
1715750381332
1715750394984
1715750395269
1715750395457
1715750395724
1715750396126
1715750396493
1715750409929
1715750410196
1715750410430
1715750410714
1715750411020
1715750411420
1715750424985
1715750425233
1715750425456
1715750425724
1715750426214
1715750426488
1715750439897
1715750440142
1715750440358
1715750440691
1715750440990
1715750441343
1715750454985
1715750455247
1715750455473
1715750455790
1715750456155
1715750456549
1715750470002
1715750470254
1715750470508
1715750470940
1715750471302
1715750471496
1715750485015
1715750485245
1715750485451
1715750485640
1715750485987
1715750486388
1715750500042
1715750500267
1715750500507
1715750500764
1715750501076
1715750501357
1715750514942
1715750515199
1715750515422
1715750515699
1715750515980
1715750516420
1715750529934
1715750530194
1715750530420
1715750530674
1715750530960
1715750531329
1715750545028
1715750545297
1715750545530
1715750545893
1715750546342
1715750546634
1715750559803
1715750560047
1715750560238
1715750560631
1715750560998
1715750561340
1715750575024
1715750575258
1715750575477
1715750575760
1715750576162
1715750576555
1715750590109
1715750590369
1715750590601
1715750590978
1715750591346
1715750591570
1715750604988
1715750605235
1715750605516
1715750605883
1715750606159
1715750606500
1715750620020
1715750620266
1715750620574
1715750620892
1715750621235
1715750621452
1715750635034
1715750635302
1715750635518
1715750635832
1715750636186
1715750636580
1715750649953
1715750650221
1715750650459
1715750650711
1715750651030
1715750651390
1715750665055
1715750665295
1715750665446
1715750665743
1715750666086
1715750666498
1715750680126
1715750680358
1715750680593
1715750680876
1715750681254
1715750681536
1715750694982
1715750695242
1715750695383
1715750695630
1715750696008
1715750696397
1715750710070
1715750710348
1715750710638
1715750710962
1715750711280
1715750711608
1715750725106
1715750725352
1715750725573
1715750725884
1715750726374
1715750726564
1715750740123
1715750740355
1715750740662
1715750740997
1715750741341
1715750741527
1715750754994
1715750755254
1715750755450
1715750755641
1715750755961
1715750756330
1715750770085
1715750770333
1715750770546
1715750770817
1715750771256
1715750771597
1715750785079
1715750785351
1715750785568
1715750785922
1715750786410
1715750786640
1715750800056
1715750800309
1715750800521
1715750800850
1715750801238
1715750801619
1715750815105
1715750815375
1715750815640
1715750815991
1715750816297
1715750816560
1715750830079
1715750830338
1715750830560
1715750830873
1715750831219
1715750831507
1715750845132
1715750845394
1715750845625
1715750845888
1715750846265
1715750846594
1715750860078
1715750860340
1715750860557
1715750860795
1715750861209
1715750861530
1715750875093
1715750875342
1715750875569
1715750875933
1715750876218
1715750876521
1715750890049
1715750890284
1715750890507
1715750890795
1715750891131
1715750891576
1715750905131
1715750905399
1715750905628
1715750905900
1715750906230
1715750906636
1715750920061
1715750920329
1715750920553
1715750920982
1715750921286
1715750921542
1715750935082
1715750935304
1715750935496
1715750935765
1715750936148
1715750936492
1715750950156
1715750950420
1715750950659
1715750951061
1715750951444
1715750951709
1715750965166
1715750965418
1715750965628
1715750965804
1715750966105
1715750966642
1715750980076
1715750980314
1715750980552
1715750980899
1715750981224
1715750981507
1715750995243
1715750995520
1715750995735
1715750996062
1715750996350
1715750996719
1715751010107
1715751010336
1715751010558
1715751010836
1715751011170
1715751011449
1715751025127
1715751025375
1715751025653
1715751025964
1715751026394
1715751026679
1715751040325
1715751040605
1715751040977
1715751041367
1715751041549
1715751041852
1715751055075
1715751055405
1715751055645
1715751055952
1715751056330
1715751056702
1715751070088
1715751070368
1715751070553
1715751070822
1715751071100
1715751071451
1715751085239
1715751085471
1715751085695
1715751086021
1715751086336
1715751086751
1715751100121
1715751100370
1715751100600
1715751100905
1715751101417
1715751101683
1715751115214
1715751115437
1715751115639
1715751115919
1715751116248
1715751116666
1715751130241
1715751130505
1715751130696
1715751131012
1715751131444
1715751131725
1715751145196
1715751145439
1715751145669
1715751146012
1715751146340
1715751146633
1715751160065
1715751160318
1715751160635
1715751160999
1715751161341
1715751161596
1715751175292
1715751175537
1715751175769
1715751176164
1715751176502
1715751176824
1715751190149
1715751190390
1715751190642
1715751191071
1715751191422
1715751191770
1715751205173
1715751205409
1715751205630
1715751206004
1715751206271
1715751206644
1715751220324
1715751220591
1715751220755
1715751220980
1715751221337
1715751221788
1715751235225
1715751235456
1715751235679
1715751235945
1715751236305
1715751236653
1715751250185
1715751250451
1715751250658
1715751250929
1715751251342
1715751251600
1715751265267
1715751265532
1715751265757
1715751265907
1715751266205
1715751266638
1715751280175
1715751280403
1715751280644
1715751280967
1715751281337
1715751281677
1715751295283
1715751295506
1715751295734
1715751296115
1715751296455
1715751296824
1715751310316
1715751310558
1715751310795
1715751311048
1715751311464
1715751311830
1715751325296
1715751325525
1715751325770
1715751326068
1715751326466
1715751326828
1715751340311
1715751340570
1715751340769
1715751341104
1715751341604
1715751341846
1715751355314
1715751355579
1715751355809
1715751356098
1715751356330
1715751356801
1715751370333
1715751370583
1715751370802
1715751371174
1715751371462
1715751371745
1715751385283
1715751385510
1715751385753
1715751385940
1715751386342
1715751386788
1715751400406
1715751400685
1715751400871
1715751401096
1715751401467
1715751401851
1715751415253
1715751415500
1715751415707
1715751415995
1715751416280
1715751416759
1715751430298
1715751430537
1715751430838
1715751431183
1715751431450
1715751431769
1715751445250
1715751445526
1715751445741
1715751446128
1715751446505
1715751446813
1715751460330
1715751460588
1715751460865
1715751461130
1715751461540
1715751461853
1715751475331
1715751475564
1715751475821
1715751476046
1715751476434
1715751476773
1715751490255
1715751490523
1715751490793
1715751491108
1715751491428
1715751491709
1715751505353
1715751505569
1715751505807
1715751506104
1715751506514
1715751506828
1715751520392
1715751520642
1715751520830
1715751521033
1715751521442
1715751521854
1715751535338
1715751535604
1715751535815
1715751536129
1715751536535
1715751536835
1715751550296
1715751550549
1715751550784
1715751551119
1715751551438
1715751551847
1715751565304
1715751565542
1715751565786
1715751566134
1715751566444
1715751566752
1715751580479
1715751580717
1715751581010
1715751581330
1715751581602
1715751581983
1715751595318
1715751595594
1715751595816
1715751596097
1715751596551
1715751596816
1715751610297
1715751610528
1715751610757
1715751611168
1715751611546
1715751611747
1715751625375
1715751625627
1715751625939
1715751626333
1715751626633
1715751626948
1715751640316
1715751640572
1715751640779
1715751641168
1715751641558
1715751641860
1715751655413
1715751655684
1715751655889
1715751656125
1715751656445
1715751656888
1715751670418
1715751670647
1715751670906
1715751671183
1715751671592
1715751671954
1715751685347
1715751685582
1715751685775
1715751685920
1715751686163
1715751686538
1715751700391
1715751700638
1715751700877
1715751701204
1715751701515
1715751701808
1715751715385
1715751715618
1715751715884
1715751716212
1715751716617
1715751716934
1715751730372
1715751730633
1715751730867
1715751731223
1715751731570
1715751731898
1715751745421
1715751745656
1715751745826
1715751746159
1715751746468
1715751746816
1715751760414
1715751760647
1715751760879
1715751761162
1715751761465
1715751761783
1715751775513
1715751775766
1715751775985
1715751776323
1715751776654
1715751776948
1715751790477
1715751790748
1715751790934
1715751791172
1715751791589
1715751791999
1715751805464
1715751805721
1715751805905
1715751806099
1715751806486
1715751806842
1715751820376
1715751820601
1715751820817
1715751821083
1715751821489
1715751821782
1715751835457
1715751835698
1715751835936
1715751836262
1715751836709
1715751836875
1715751850489
1715751850747
1715751851018
1715751851278
1715751851665
1715751852032
1715751865442
1715751865674
1715751865958
1715751866298
1715751866630
1715751866965
1715751880408
1715751880640
1715751880880
1715751881170
1715751881534
1715751881908
1715751895490
1715751895746
1715751895960
1715751896204
1715751896679
1715751896954
1715751910514
1715751910769
1715751910983
1715751911211
1715751911603
1715751911987
1715751925471
1715751925734
1715751925929
1715751926254
1715751926666
1715751926974
1715751941297
1715751941631
1715751941877
1715751942017
1715751942162
1715751942296
1715751955535
1715751955773
1715751956040
1715751956419
1715751956866
1715751957063
1715751970552
1715751970801
1715751971021
1715751971292
1715751971708
1715751972048
1715751985541
1715751985778
1715751985982
1715751986175
1715751986558
1715751986907
1715752000492
1715752000760
1715752001052
1715752001380
1715752001603
1715752001867
1715752015606
1715752015814
1715752016020
1715752016322
1715752016715
1715752017037
1715752030503
1715752030760
1715752031022
1715752031374
1715752031747
1715752032026
1715752045487
1715752045720
1715752045966
1715752046331
1715752046623
1715752046957
1715752060559
1715752060813
1715752061124
1715752061448
1715752061738
1715752061992
1715752075623
1715752075900
1715752076105
1715752076492
1715752076895
1715752077098
1715752090523
1715752090742
1715752090906
1715752091117
1715752091400
1715752091862
1715752105601
1715752105859
1715752106070
1715752106401
1715752106747
1715752107079
1715752120571
1715752120831
1715752121193
1715752121512
1715752121766
1715752121979
1715752135509
1715752135827
1715752136066
1715752136476
1715752136834
1715752137035
1715752150596
1715752150858
1715752151064
1715752151373
1715752151867
1715752152087
1715752165523
1715752165771
1715752165969
1715752166394
1715752166752
1715752166966
1715752180460
1715752180730
1715752180955
1715752181177
1715752181525
1715752181856
1715752195548
1715752195787
1715752196007
1715752196297
1715752196703
1715752197118
1715752210628
1715752210861
1715752211113
1715752211464
1715752211756
1715752212067
1715752225608
1715752225859
1715752226016
1715752226323
1715752226705
1715752227037
1715752240593
1715752240825
1715752241063
1715752241418
1715752241746
1715752242037
1715752255677
1715752255942
1715752256266
1715752256693
1715752257032
1715752257348
1715752270547
1715752270666
1715752270951
1715752271161
1715752271471
1715752271930
1715752285612
1715752285841
1715752286090
1715752286518
1715752286790
1715752287048
1715752300667
1715752300917
1715752301146
1715752301482
1715752301851
1715752302099
1715752315641
1715752315937
1715752316178
1715752316463
1715752316806
1715752317105
1715752330669
1715752330902
1715752331122
1715752331419
1715752331797
1715752332223
1715752345698
1715752345924
1715752346100
1715752346389
1715752346849
1715752347236
1715752360635
1715752360890
1715752361151
1715752361452
1715752361825
1715752362062
1715752375676
1715752375891
1715752376119
1715752376364
1715752376820
1715752377087
1715752390668
1715752390944
1715752391161
1715752391470
1715752391800
1715752392198
1715752405621
1715752405878
1715752406142
1715752406381
1715752406818
1715752407196
1715752420672
1715752420935
1715752421241
1715752421593
1715752421855
1715752422116
1715752435770
1715752436096
1715752436311
1715752436717
1715752437115
1715752437275
1715752450606
1715752450837
1715752451049
1715752451396
1715752451772
1715752452054
1715752465703
1715752465943
1715752466154
1715752466487
1715752466810
1715752467215
1715752480755
1715752480987
1715752481232
1715752481576
1715752481907
1715752482232
1715752495628
1715752495910
1715752496229
1715752496545
1715752496878
1715752497076
1715752510675
1715752510905
1715752511127
1715752511475
1715752511808
1715752512194
1715752525716
1715752525954
1715752526154
1715752526500
1715752526929
1715752527146
1715752540788
1715752541003
1715752541233
1715752541539
1715752541907
1715752542255
1715752555715
1715752555995
1715752556310
1715752556664
1715752556911
1715752557293
1715752570805
1715752571061
1715752571253
1715752571452
1715752571784
1715752572223
1715752585848
1715752586073
1715752586320
1715752586650
1715752586987
1715752587317
1715752600624
1715752600849
1715752601110
1715752601384
1715752601698
1715752602024
1715752615837
1715752616067
1715752616296
1715752616563
1715752616932
1715752617360
1715752630773
1715752631025
1715752631275
1715752631536
1715752631900
1715752632277
1715752645784
1715752646038
1715752646336
1715752646654
1715752646971
1715752647237
1715752660855
1715752661113
1715752661325
1715752661651
1715752662025
1715752662360
1715752675725
1715752675945
1715752676206
1715752676534
1715752676936
1715752677131
1715752690770
1715752691026
1715752691204
1715752691398
1715752691729
1715752692077
1715752705841
1715752706090
1715752706315
1715752706580
1715752706994
1715752707346
1715752720827
1715752721051
1715752721271
1715752721553
1715752721851
1715752722320
1715752735768
1715752735987
1715752736209
1715752736572
1715752736895
1715752737187
1715752750774
1715752750984
1715752751205
1715752751499
1715752751851
1715752752105
1715752765835
1715752766097
1715752766410
1715752766804
1715752767017
1715752767287
1715752780895
1715752781142
1715752781367
1715752781632
1715752781991
1715752782318
1715752795930
1715752796158
1715752796397
1715752796674
1715752797025
1715752797412
1715752810896
1715752811149
1715752811467
1715752811772
1715752812049
1715752812340
1715752825807
1715752826055
1715752826282
1715752826703
1715752827053
1715752827276
1715752841035
1715752841297
1715752841668
1715752842130
1715752842325
1715752842495
1715752855833
1715752856085
1715752856308
1715752856689
1715752857000
1715752857352
1715752870895
1715752871145
1715752871468
1715752871784
1715752872077
1715752872408
1715752885895
1715752886147
1715752886454
1715752886814
1715752887157
1715752887440
1715752900860
1715752901117
1715752901341
1715752901712
1715752902063
1715752902297
1715752915942
1715752916192
1715752916387
1715752916734
1715752917029
1715752917449
1715752931014
1715752931268
1715752931505
1715752931877
1715752932375
1715752932538
1715752945841
1715752946091
1715752946285
1715752946569
1715752946926
1715752947263
1715752960895
1715752961185
1715752961459
1715752961731
1715752962106
1715752962409
1715752975936
1715752976152
1715752976349
1715752976638
1715752977056
1715752977372
1715752990955
1715752991228
1715752991497
1715752991747
1715752992023
1715752992376
1715753005912
1715753006169
1715753006402
1715753006740
1715753007088
1715753007485
1715753021007
1715753021261
1715753021476
1715753021741
1715753022203
1715753022486
1715753035909
1715753036187
1715753036417
1715753036670
1715753036974
1715753037442
1715753050849
1715753051105
1715753051332
1715753051617
1715753052021
1715753052314
1715753066025
1715753066298
1715753066461
1715753066629
1715753066978
1715753067507
1715753080929
1715753081167
1715753081478
1715753081744
1715753082111
1715753082398
1715753095883
1715753096121
1715753096304
1715753096621
1715753096969
1715753097395
1715753111035
1715753111246
1715753111510
1715753111725
1715753112027
1715753112345
1715753126099
1715753126340
1715753126572
1715753126856
1715753127153
1715753127483
1715753140978
1715753141218
1715753141450
1715753141696
1715753142024
1715753142366
1715753156066
1715753156303
1715753156532
1715753156879
1715753157336
1715753157529
1715753170921
1715753171196
1715753171427
1715753171687
1715753172102
1715753172394
1715753186079
1715753186299
1715753186512
1715753186721
1715753187005
1715753187482
1715753200977
1715753201220
1715753201456
1715753201736
1715753202263
1715753202517
1715753215997
1715753216237
1715753216455
1715753216716
1715753217178
1715753217446
1715753231034
1715753231288
1715753231482
1715753231608
1715753231807
1715753232255
1715753245896
1715753246164
1715753246494
1715753246756
1715753247093
1715753247320
1715753260940
1715753261193
1715753261458
1715753261789
1715753262126
1715753262531
1715753276081
1715753276334
1715753276528
1715753276783
1715753277235
1715753277597
1715753291112
1715753291362
1715753291611
1715753291931
1715753292351
1715753292523
1715753306078
1715753306295
1715753306551
1715753306881
1715753307192
1715753307471
1715753321020
1715753321283
1715753321517
1715753321834
1715753322138
1715753322482
1715753336059
1715753336343
1715753336518
1715753336843
1715753337286
1715753337468
1715753351007
1715753351255
1715753351579
1715753351881
1715753352167
1715753352456
1715753366045
1715753366276
1715753366496
1715753366825
1715753367281
1715753367448
1715753381138
1715753381360
1715753381596
1715753381740
1715753382050
1715753382425
1715753396076
1715753396292
1715753396506
1715753396817
1715753397227
1715753397602
1715753411048
1715753411303
1715753411596
1715753412027
1715753412270
1715753412594
1715753426103
1715753426404
1715753426653
1715753426960
1715753427388
1715753427663
1715753441137
1715753441372
1715753441590
1715753441900
1715753442152
1715753442617
1715753456062
1715753456338
1715753456563
1715753456876
1715753457211
1715753457522
1715753471242
1715753471451
1715753471680
1715753471851
1715753472182
1715753472521
1715753486055
1715753486294
1715753486524
1715753486869
1715753487290
1715753487504
1715753501047
1715753501292
1715753501443
1715753501652
1715753502058
1715753502491
1715753516138
1715753516402
1715753516613
1715753516958
1715753517318
1715753517594
1715753531048
1715753531322
1715753531521
1715753531884
1715753532240
1715753532486
1715753546186
1715753546425
1715753546626
1715753546891
1715753547312
1715753547559
1715753561172
1715753561410
1715753561619
1715753561941
1715753562318
1715753562729
1715753576024
1715753576302
1715753576477
1715753576675
1715753576856
1715753577231
1715753591151
1715753591407
1715753591691
1715753591974
1715753592243
1715753592492
1715753606160
1715753606401
1715753606603
1715753606888
1715753607270
1715753607657
1715753621133
1715753621383
1715753621587
1715753621913
1715753622420
1715753622583
1715753636247
1715753636526
1715753636778
1715753637015
1715753637384
1715753637672
1715753651243
1715753651576
1715753651738
1715753651920
1715753652181
1715753652538
1715753666127
1715753666369
1715753666614
1715753666867
1715753667177
1715753667530
1715753681120
1715753681351
1715753681567
1715753681914
1715753682371
1715753682589
1715753696204
1715753696434
1715753696633
1715753696932
1715753697238
1715753697692
1715753711162
1715753711405
1715753711637
1715753712059
1715753712320
1715753712697
1715753726272
1715753726524
1715753726835
1715753727182
1715753727561
1715753727811
1715753741234
1715753741484
1715753741686
1715753741960
1715753742404
1715753742814
1715753756183
1715753756458
1715753756740
1715753757077
1715753757334
1715753757659
1715753771234
1715753771494
1715753771650
1715753771887
1715753772226
1715753772668
1715753786259
1715753786507
1715753786751
1715753787068
1715753787387
1715753787689
1715753801166
1715753801425
1715753801768
1715753801992
1715753802291
1715753802700
1715753816194
1715753816466
1715753816702
1715753816972
1715753817378
1715753817711
1715753831301
1715753831517
1715753831772
1715753832077
1715753832436
1715753832741
1715753846261
1715753846508
1715753846668
1715753846852
1715753847212
1715753847768
1715753861100
1715753861356
1715753861570
1715753861860
1715753862369
1715753862583
1715753876237
1715753876494
1715753876662
1715753877079
1715753877423
1715753877643
1715753891187
1715753891436
1715753891684
1715753892058
1715753892344
1715753892666
1715753906222
1715753906464
1715753906681
1715753907070
1715753907483
1715753907732
1715753921214
1715753921449
1715753921650
1715753921912
1715753922259
1715753922574
1715753936151
1715753936403
1715753936613
1715753936881
1715753937224
1715753937548
1715753951233
1715753951500
1715753951694
1715753951964
1715753952393
1715753952704
1715753966475
1715753966712
1715753966923
1715753967108
1715753967464
1715753967852
1715753981251
1715753981477
1715753981693
1715753982003
1715753982510
1715753982759
1715753996333
1715753996573
1715753996814
1715753997169
1715753997586
1715753997778
1715754011347
1715754011608
1715754011859
1715754012235
1715754012663
1715754012847
1715754026283
1715754026549
1715754026753
1715754026993
1715754027431
1715754027751
1715754041494
1715754041720
1715754041983
1715754042327
1715754042684
1715754042921
1715754056440
1715754056658
1715754056863
1715754057144
1715754057535
1715754057929
1715754071282
1715754071527
1715754071760
1715754072137
1715754072416
1715754072806
1715754086332
1715754086588
1715754086777
1715754087139
1715754087509
1715754087806
1715754101289
1715754101535
1715754101707
1715754101919
1715754102388
1715754102688
1715754116430
1715754116684
1715754116969
1715754117265
1715754117654
1715754117907
1715754131319
1715754131581
1715754131783
1715754132033
1715754132427
1715754132835
1715754146364
1715754146628
1715754146794
1715754147035
1715754147336
1715754147775
1715754161360
1715754161630
1715754161889
1715754162246
1715754162531
1715754162805
1715754176435
1715754176682
1715754176859
1715754177177
1715754177540
1715754177848
1715754191413
1715754191663
1715754191828
1715754192020
1715754192380
1715754192759
1715754206411
1715754206631
1715754206849
1715754207194
1715754207593
1715754207889
1715754221382
1715754221625
1715754221840
1715754222113
1715754222576
1715754222805
1715754236374
1715754236602
1715754236815
1715754237179
1715754237616
1715754237800
1715754251327
1715754251560
1715754251760
1715754252094
1715754252426
1715754252705
1715754266496
1715754266724
1715754266947
1715754267235
1715754267607
1715754267990
1715754281394
1715754281625
1715754281844
1715754282186
1715754282496
1715754282917
1715754296405
1715754296630
1715754296876
1715754297124
1715754297646
1715754297907
1715754311470
1715754311746
1715754311949
1715754312216
1715754312730
1715754313029
1715754326540
1715754326811
1715754327032
1715754327351
1715754327704
1715754327989
1715754341441
1715754341761
1715754342087
1715754342430
1715754342763
1715754342925
1715754356414
1715754356666
1715754356885
1715754357196
1715754357543
1715754357859
1715754371473
1715754371696
1715754371993
1715754372350
1715754372716
1715754372921
1715754386387
1715754386631
1715754386873
1715754387121
1715754387517
1715754387897
1715754401482
1715754401750
1715754401978
1715754402253
1715754402659
1715754402998
1715754416438
1715754416687
1715754416916
1715754417185
1715754417540
1715754417992
1715754431473
1715754431712
1715754431942
1715754432277
1715754432768
1715754433002
1715754446389
1715754446625
1715754446821
1715754447125
1715754447433
1715754447867
1715754461522
1715754461777
1715754462053
1715754462330
1715754462757
1715754462980
1715754476531
1715754476794
1715754477026
1715754477336
1715754477687
1715754478048
1715754491444
1715754491672
1715754491930
1715754492184
1715754492523
1715754492846
1715754506512
1715754506759
1715754507037
1715754507281
1715754507746
1715754507974
1715754521491
1715754521704
1715754521940
1715754522222
1715754522726
1715754523008
1715754536524
1715754536779
1715754536966
1715754537266
1715754537659
1715754537984
1715754551657
1715754551884
1715754552068
1715754552331
1715754552654
1715754553079
1715754566536
1715754566766
1715754566998
1715754567267
1715754567600
1715754568010
1715754581656
1715754581873
1715754582077
1715754582453
1715754582927
1715754583164
1715754596539
1715754596793
1715754597021
1715754597260
1715754597570
1715754598020
1715754611518
1715754611782
1715754611974
1715754612250
1715754612653
1715754613033
1715754626440
1715754626706
1715754626905
1715754627178
1715754627606
1715754627924
1715754641523
1715754641749
1715754641988
1715754642405
1715754642743
1715754643003
1715754656533
1715754656784
1715754657014
1715754657349
1715754657683
1715754658034
1715754671575
1715754671786
1715754672011
1715754672279
1715754672774
1715754672989
1715754686484
1715754686730
1715754686974
1715754687304
1715754687643
1715754687939
1715754701588
1715754701855
1715754702104
1715754702509
1715754702890
1715754703086
1715754716542
1715754716797
1715754717038
1715754717289
1715754717565
1715754717899
1715754731668
1715754731933
1715754732143
1715754732451
1715754732884
1715754733251
1715754746520
1715754746772
1715754747059
1715754747401
1715754747748
1715754747991
1715754761515
1715754761794
1715754762024
1715754762275
1715754762641
1715754762997
1715754776640
1715754776892
1715754777098
1715754777358
1715754777685
1715754778036
1715754791624
1715754791857
1715754792084
1715754792482
1715754792763
1715754793085
1715754806535
1715754806792
1715754807075
1715754807352
1715754807649
1715754808065
1715754821679
1715754821931
1715754822124
1715754822389
1715754822744
1715754823192
1715754836633
1715754836885
1715754837012
1715754837208
1715754837488
1715754837895
1715754851632
1715754851867
1715754852068
1715754852248
1715754852582
1715754852916
1715754866670
1715754866951
1715754867167
1715754867411
1715754867770
1715754868164
1715754881643
1715754881909
1715754882148
1715754882487
1715754882923
1715754883142
1715754896592
1715754896812
1715754897052
1715754897411
1715754897845
1715754898120
1715754911559
1715754911830
1715754912045
1715754912456
1715754912796
1715754913151
1715754926551
1715754926831
1715754927028
1715754927411
1715754927715
1715754928058
1715754941627
1715754941912
1715754942229
1715754942525
1715754942881
1715754943148
1715754956715
1715754956943
1715754957244
1715754957684
1715754957981
1715754958169
1715754971547
1715754971814
1715754972122
1715754972502
1715754972790
1715754973078
1715754986653
1715754986876
1715754987100
1715754987441
1715754987797
1715754988166
1715755001624
1715755001855
1715755002053
1715755002441
1715755002902
1715755003119
1715755016641
1715755016891
1715755017110
1715755017380
1715755017759
1715755018076
1715755031695
1715755031928
1715755032136
1715755032407
1715755032890
1715755033146
1715755046766
1715755047027
1715755047262
1715755047579
1715755047960
1715755048251
1715755061631
1715755061903
1715755062176
1715755062476
1715755062803
1715755063154
1715755076737
1715755076999
1715755077193
1715755077571
1715755077900
1715755078266
1715755091655
1715755091890
1715755092090
1715755092458
1715755092915
1715755093207
1715755106742
1715755106995
1715755107161
1715755107442
1715755107867
1715755108275
1715755121705
1715755121957
1715755122163
1715755122417
1715755122713
1715755123164
1715755136687
1715755136948
1715755137140
1715755137570
1715755137864
1715755138254
1715755151740
1715755151971
1715755152168
1715755152468
1715755152790
1715755153165
1715755166702
1715755166951
1715755167140
1715755167536
1715755167953
1715755168206
1715755181741
1715755181995
1715755182225
1715755182555
1715755182888
1715755183192
1715755196743
1715755196992
1715755197232
1715755197594
1715755197936
1715755198224
1715755211755
1715755212030
1715755212328
1715755212593
1715755212923
1715755213195
1715755226791
1715755227041
1715755227269
1715755227564
1715755227942
1715755228285
1715755241708
1715755241986
1715755242311
1715755242665
1715755242934
1715755243143
1715755256806
1715755257070
1715755257294
1715755257547
1715755257959
1715755258259
1715755271819
1715755272114
1715755272294
1715755272699
1715755273057
1715755273252
1715755286802
1715755287056
1715755287254
1715755287532
1715755288051
1715755288276
1715755301731
1715755301964
1715755302197
1715755302366
1715755302495
1715755302784
1715755316844
1715755317094
1715755317296
1715755317584
1715755317967
1715755318335
1715755331879
1715755332127
1715755332299
1715755332500
1715755332892
1715755333198
1715755346747
1715755347028
1715755347349
1715755347647
1715755347976
1715755348304
1715755361750
1715755361868
1715755362054
1715755362379
1715755362681
1715755363034
1715755376810
1715755377038
1715755377243
1715755377597
1715755377942
1715755378195
1715755391826
1715755392104
1715755392323
1715755392522
1715755392944
1715755393307
1715755406742
1715755406988
1715755407244
1715755407657
1715755407996
1715755408271
1715755421764
1715755422009
1715755422240
1715755422524
1715755422794
1715755423123
1715755436787
1715755437038
1715755437301
1715755437637
1715755438080
1715755438253
1715755451821
1715755452067
1715755452304
1715755452684
1715755452981
1715755453325
1715755466738
1715755466979
1715755467304
1715755467622
1715755467965
1715755468239
1715755481816
1715755482073
1715755482260
1715755482591
1715755482897
1715755483343
1715755496911
1715755497141
1715755497409
1715755497701
1715755498122
1715755498337
1715755511853
1715755512137
1715755512425
1715755512672
1715755513109
1715755513351
1715755526806
1715755527023
1715755527336
1715755527679
1715755528012
1715755528240