1715740535450
1715740550257
1715740565341
1715740580254
1715740595412
1715740610267
1715740625288
1715740640288
1715740655200
1715740670330
1715740685272
1715740700205
1715740715300
1715740730310
1715740745296
1715740760322
1715740775424
1715740790249
1715740805244
1715740820239
1715740835353
1715740850339
1715740865381
1715740880261
1715740895374
1715740910425
1715740925308
1715740940436
1715740955422
1715740970430
1715740985369
1715741000391
1715741015342
1715741030476
1715741045395
1715741060361
1715741075381
1715741090427
1715741105444
1715741120430
1715741135514
1715741150448
1715741165404
1715741180433
1715741195299
1715741210420
1715741225585
1715741240476
1715741255501
1715741270467
1715741285447
1715741300446
1715741315594
1715741330447
1715741345535
1715741360570
1715741375517
1715741390535
1715741405613
1715741420489
1715741435494
1715741450592
1715741465541
1715741480574
1715741495609
1715741510607
1715741525597
1715741540585
1715741555550
1715741570471
1715741585680
1715741600534
1715741615521
1715741630742
1715741645635
1715741660556
1715741675676
1715741690537
1715741705598
1715741720727
1715741735659
1715741750605
1715741765667
1715741780617
1715741795673
1715741810652
1715741825640
1715741840657
1715741855752
1715741870671
1715741885675
1715741900788
1715741915653
1715741930673
1715741945721
1715741960855
1715741975791
1715741990773
1715742005718
1715742020742
1715742035778
1715742050710
1715742065783
1715742080884
1715742095781
1715742110880
1715742125918
1715742140757
1715742155830
1715742170771
1715742185730
1715742200771
1715742215863
1715742230744
1715742245823
1715742260886
1715742275840
1715742290790
1715742305898
1715742320782
1715742335787
1715742350908
1715742365829
1715742380853
1715742395892
1715742410930
1715742425846
1715742440882
1715742455976
1715742470870
1715742485953
1715742500844
1715742515905
1715742531066
1715742545924
1715742560914
1715742575970
1715742590975
1715742605901
1715742621003
1715742636048
1715742650926
1715742665983
1715742681024
1715742696003
1715742711189
1715742725979
1715742740919
1715742756046
1715742771014
1715742786012
1715742801075
1715742816104
1715742831001
1715742846038
1715742861204
1715742876035
1715742891041
1715742906186
1715742921104
1715742936140
1715742951102
1715742966116
1715742981195
1715742996015
1715743011117
1715743026157
1715743041133
1715743056114
1715743071190
1715743086122
1715743101115
1715743116168
1715743131070
1715743146217
1715743161198
1715743176165
1715743191148
1715743206197
1715743221070
1715743236058
1715743251255
1715743266170
1715743281231
1715743296314
1715743311367
1715743326178
1715743341261
1715743356118
1715743371283
1715743386293
1715743401374
1715743416265
1715743431275
1715743446382
1715743461452
1715743476275
1715743491238
1715743506290
1715743521269
1715743536297
1715743551332
1715743566356
1715743581472
1715743596344
1715743611409
1715743626288
1715743641310
1715743656372
1715743671331
1715743686322
1715743701404
1715743716358
1715743731297
1715743746343
1715743761390
1715743776320
1715743791403
1715743806409
1715743821362
1715743836439
1715743851448
1715743866385
1715743881464
1715743896353
1715743911378
1715743926593
1715743941379
1715743956412
1715743971572
1715743986434
1715744001489
1715744016561
1715744031568
1715744046588
1715744061592
1715744076477
1715744091487
1715744106545
1715744121423
1715744136483
1715744151551
1715744166493
1715744181575
1715744196614
1715744211368
1715744226555
1715744241568
1715744256521
1715744271601
1715744286610
1715744301507
1715744316533
1715744331747
1715744346641
1715744361738
1715744376645
1715744391570
1715744406619
1715744421674
1715744436660
1715744451508
1715744466667
1715744481644
1715744496562
1715744511642
1715744526586
1715744541601
1715744556697
1715744571580
1715744586738
1715744601668
1715744616613
1715744631631
1715744646665
1715744661697
1715744676601
1715744691745
1715744706739
1715744721700
1715744736707
1715744751657
1715744766718
1715744781726
1715744796630
1715744811714
1715744826715
1715744841664
1715744856900
1715744871790
1715744886735
1715744901712
1715744916808
1715744931727
1715744946722
1715744961763
1715744976817
1715744991781
1715745006801
1715745021845
1715745036903
1715745051859
1715745066885
1715745081896
1715745096800
1715745111887
1715745126880
1715745141980
1715745156864
1715745171905
1715745186969
1715745201786
1715745216939
1715745231995
1715745246873
1715745261816
1715745276910
1715745291852
1715745306842
1715745321985
1715745337099
1715745351936
1715745366943
1715745381918
1715745397071
1715745412017
1715745426926
1715745442027
1715745457116
1715745471999
1715745487020
1715745502191
1715745517020
1715745532039
1715745547061
1715745562163
1715745577021
1715745592071
1715745607100
1715745622075
1715745637110
1715745652032
1715745667125
1715745682101
1715745697206
1715745712042
1715745727133
1715745742052
1715745757104
1715745772130
1715745787137
1715745802137
1715745817185
1715745832090
1715745847216
1715745862251
1715745877117
1715745892155
1715745907224
1715745922036
1715745937187
1715745952245
1715745967180
1715745982112
1715745997271
1715746012210
1715746027292
1715746042192
1715746057231
1715746072322
1715746087348
1715746102254
1715746117255
1715746132289
1715746147215
1715746162249
1715746177299
1715746192297
1715746207246
1715746222287
1715746237203
1715746252336
1715746267370
1715746282137
1715746297321
1715746312328
1715746327289
1715746342309
1715746357289
1715746372277
1715746387274
1715746402293
1715746417281
1715746432330
1715746447390
1715746462370
1715746477366
1715746492352
1715746507378
1715746522356
1715746537391
1715746552308
1715746567323
1715746582449
1715746597366
1715746612379
1715746627403
1715746642389
1715746657433
1715746672453
1715746687414
1715746702447
1715746717416
1715746732559
1715746747397
1715746762445
1715746777356
1715746792438
1715746807427
1715746822447
1715746837573
1715746852552
1715746867582
1715746882432
1715746897529
1715746912554
1715746927482
1715746942681
1715746957489
1715746972530
1715746987582
1715747002498
1715747017570
1715747032537
1715747047533
1715747062517
1715747077660
1715747092587
1715747107562
1715747122579
1715747137516
1715747152528
1715747167687
1715747182574
1715747197608
1715747212637
1715747227647
1715747242737
1715747257590
1715747272609
1715747287634
1715747302686
1715747317564
1715747332677
1715747347702
1715747362760
1715747377599
1715747392685
1715747407653
1715747422665
1715747437855
1715747452643
1715747467658
1715747482720
1715747497731
1715747512758
1715747527776
1715747542686
1715747557691
1715747572695
1715747587882
1715747602710
1715747617663
1715747632790
1715747647766
1715747662719
1715747677754
1715747692807
1715747707858
1715747722736
1715747737717
1715747752740
1715747767786
1715747782873
1715747797789
1715747812697
1715747827792
1715747842888
1715747857822
1715747872785
1715747887922
1715747902887
1715747917817
1715747932957
1715747947860
1715747962882
1715747977919
1715747992994
1715748007893
1715748023012
1715748037912
1715748052832
1715748067855
1715748082886
1715748097935
1715748113203
1715748127937
1715748142865
1715748157992
1715748172945
1715748187895
1715748202929
1715748217977
1715748232990
1715748248150
1715748262904
1715748278015
1715748293009
1715748307959
1715748323018
1715748338175
1715748353034
1715748368041
1715748383109
1715748398108
1715748413019
1715748428108
1715748443084
1715748458122
1715748473047
1715748488030
1715748503053
1715748518160
1715748533064
1715748548116
1715748563119
1715748579333
1715748593083
1715748608148
1715748623031
1715748638242
1715748653124
1715748668133
1715748683222
1715748698101
1715748713135
1715748728130
1715748743188
1715748758191
1715748773187
1715748788152
1715748803155
1715748818232
1715748833305
1715748848216
1715748863181
1715748878227
1715748893278
1715748908212
1715748923216
1715748938267
1715748953258
1715748968275
1715748983262
1715748998394
1715749013204
1715749028128
1715749043221
1715749058263
1715749073220
1715749088296
1715749103319
1715749118361
1715749133327
1715749148363
1715749163238
1715749178377
1715749193433
1715749208268
1715749223324
1715749238421
1715749253324
1715749268364
1715749283369
1715749298313
1715749313335
1715749328540
1715749343370
1715749358396
1715749373424
1715749388406
1715749403347
1715749418421
1715749433333
1715749448377
1715749463462
1715749478476
1715749493417
1715749508521
1715749523345
1715749538591
1715749553552
1715749568407
1715749583419
1715749598555
1715749613528
1715749628567
1715749643545
1715749658391
1715749673369
1715749688529
1715749703480
1715749718593
1715749733542
1715749748447
1715749763446
1715749778630
1715749793503
1715749808514
1715749823600
1715749838439
1715749853484
1715749868725
1715749883576
1715749898538
1715749913607
1715749928480
1715749943636
1715749958677
1715749973608
1715749988646
1715750003634
1715750018606
1715750033635
1715750048671
1715750063502
1715750078665
1715750093624
1715750108608
1715750123615
1715750138661
1715750153667
1715750168638
1715750183694
1715750198695
1715750213695
1715750228619
1715750243686
1715750258725
1715750273915
1715750288737
1715750303703
1715750318732
1715750333721
1715750348788
1715750363680
1715750378709
1715750393747
1715750408799
1715750423751
1715750438741
1715750453776
1715750468775
1715750483859
1715750498790
1715750513785
1715750528771
1715750543844
1715750558613
1715750573812
1715750588900
1715750603806
1715750618799
1715750633813
1715750648790
1715750663824
1715750678929
1715750693820
1715750708843
1715750723874
1715750738821
1715750753923
1715750768902
1715750783904
1715750798854
1715750813979
1715750828889
1715750843888
1715750858897
1715750873891
1715750888866
1715750904025
1715750918901
1715750933876
1715750949029
1715750964019
1715750978881
1715750994070
1715751008980
1715751024118
1715751038975
1715751053895
1715751068948
1715751084121
1715751098920
1715751114012
1715751129072
1715751144011
1715751158912
1715751174079
1715751188921
1715751204043
1715751219138
1715751234033
1715751248943
1715751264078
1715751279008
1715751294045
1715751309165
1715751324109
1715751339096
1715751354100
1715751369084
1715751384104
1715751399266
1715751414096
1715751429151
1715751444219
1715751459139
1715751474147
1715751489100
1715751504135
1715751519145
1715751534196
1715751549107
1715751564120
1715751579284
1715751594120
1715751609073
1715751624204
1715751639184
1715751654192
1715751669222
1715751684175
1715751699160
1715751714232
1715751729241
1715751744206
1715751759216
1715751774277
1715751789361
1715751804318
1715751819118
1715751834218
1715751849341
1715751864274
1715751879306
1715751894276
1715751909254
1715751924293
1715751939501
1715751954383
1715751969308
1715751984350
1715751999312
1715752014469
1715752029386
1715752044286
1715752059380
1715752074428
1715752089326
1715752104340
1715752119355
1715752134345
1715752149324
1715752164342
1715752179430
1715752194375
1715752209438
1715752224418
1715752239433
1715752254500
1715752269362
1715752284361
1715752299483
1715752314489
1715752329486
1715752344538
1715752359442
1715752374491
1715752389486
1715752404471
1715752419456
1715752434605
1715752449435
1715752464532
1715752479741
1715752494446
1715752509500
1715752524549
1715752539570
1715752554578
1715752569611
1715752584604
1715752599603
1715752614620
1715752629547
1715752644611
1715752659691
1715752674581
1715752689616
1715752704644
1715752719553
1715752734669
1715752749679
1715752764601
1715752779794
1715752794721
1715752809658
1715752824666
1715752839685
1715752854640
1715752869645
1715752884753
1715752899748
1715752914822
1715752929718
1715752944672
1715752959753
1715752974779
1715752989730
1715753004908
1715753019840
1715753034913
1715753049623
1715753064777
1715753079766
1715753094797
1715753109842
1715753124866
1715753139753
1715753154995
1715753169745
1715753184837
1715753199727
1715753214805
1715753229802
1715753244651
1715753259773
1715753274857
1715753289886
1715753304822
1715753319788
1715753334849
1715753349934
1715753364882
1715753379862
1715753394837
1715753409852
1715753425041
1715753439967
1715753454976
1715753469992
1715753484847
1715753499906
1715753515099
1715753529859
1715753544933
1715753559983
1715753574878
1715753589996
1715753604960
1715753619988
1715753635010
1715753650052
1715753664980
1715753680036
1715753695030
1715753709962
1715753725019
1715753740030
1715753754946
1715753769965
1715753785047
1715753799995
1715753814998
1715753830030
1715753845068
1715753860047
1715753875019
1715753890054
1715753904999
1715753920039
1715753935087
1715753950038
1715753965303
1715753980058
1715753995202
1715754010161
1715754025088
1715754040124
1715754055264
1715754070069
1715754085114
1715754100126
1715754115126
1715754130092
1715754145316
1715754160185
1715754175244
1715754190257
1715754205104
1715754220198
1715754235244
1715754250136
1715754265266
1715754280246
1715754295189
1715754310285
1715754325302
1715754340214
1715754355229
1715754370288
1715754385288
1715754400289
1715754415319
1715754430300
1715754445254
1715754460294
1715754475297
1715754490287
1715754505378
1715754520299
1715754535312
1715754550431
1715754565344
1715754580419
1715754595371
1715754610312
1715754625239
1715754640352
1715754655296
1715754670334
1715754685290
1715754700426
1715754715355
1715754730400
1715754745446
1715754760365
1715754775514
1715754790400
1715754805545
1715754820435
1715754835463
1715754850442
1715754865446
1715754880425
1715754895379
1715754910412
1715754925353
1715754940521
1715754955499
1715754970321
1715754985459
1715755000421
1715755015462
1715755030525
1715755045586
1715755060474
1715755075574
1715755090478
1715755105478
1715755120548
1715755135506
1715755150530
1715755165516
1715755180559
1715755195487
1715755210536
1715755225577
1715755240520
1715755255590
1715755270633
1715755285653
1715755300583
1715755315599
1715755330639
1715755345647
1715755360670
1715755375633
1715755390626
1715755405787
1715755420587
1715755435611
1715755450667
1715755465582
1715755480687
1715755495728
1715755510687
1715755525620