1715710524778
1715710539655
1715710554662
1715710569804
1715710584743
1715710599681
1715710614575
1715710629710
1715710644712
1715710659832
1715710674754
1715710689738
1715710704776
1715710719801
1715710734755
1715710749808
1715710764761
1715710779786
1715710794821
1715710809909
1715710824757
1715710839810
1715710854718
1715710869825
1715710884917
1715710899802
1715710914817
1715710929811
1715710944715
1715710959902
1715710974926
1715710989869
1715711004852
1715711019937
1715711034875
1715711049914
1715711064950
1715711079912
1715711094937
1715711109976
1715711124942
1715711139990
1715711154939
1715711169914
1715711184946
1715711200011
1715711214915
1715711229926
1715711245014
1715711259969
1715711274996
1715711290041
1715711304899
1715711320063
1715711334975
1715711349986
1715711365054
1715711380087
1715711394944
1715711410052
1715711425022
1715711440042
1715711455099
1715711470071
1715711484933
1715711500053
1715711515091
1715711530035
1715711545149
1715711560073
1715711575034
1715711590050
1715711605136
1715711620116
1715711635106
1715711650216
1715711665165
1715711680071
1715711695242
1715711710141
1715711725173
1715711740145
1715711755062
1715711770200
1715711785165
1715711800200
1715711815132
1715711830212
1715711845130
1715711860120
1715711875275
1715711890240
1715711905190
1715711920315
1715711935226
1715711950184
1715711965288
1715711980102
1715711995273
1715712010284
1715712025181
1715712040336
1715712055257
1715712070274
1715712085194
1715712100328
1715712115247
1715712130312
1715712145355
1715712160339
1715712175347
1715712190425
1715712205205
1715712220386
1715712235419
1715712250377
1715712265381
1715712280331
1715712295308
1715712310313
1715712325417
1715712340435
1715712355298
1715712370389
1715712385293
1715712400399
1715712415448
1715712430383
1715712445356
1715712460490
1715712475381
1715712490453
1715712505491
1715712520413
1715712535444
1715712550493
1715712565408
1715712580408
1715712595385
1715712610368
1715712625426
1715712640427
1715712655473
1715712670554
1715712685396
1715712700434
1715712715470
1715712730533
1715712745511
1715712760479
1715712775598
1715712790556
1715712805565
1715712820577
1715712835594
1715712850553
1715712865626
1715712880532
1715712895503
1715712910577
1715712925573
1715712940532
1715712955628
1715712970612
1715712985595
1715713000653
1715713015575
1715713030598
1715713045769
1715713060694
1715713075604
1715713090703
1715713105655
1715713120626
1715713135748
1715713150681
1715713165656
1715713180683
1715713195727
1715713210728
1715713225642
1715713240698
1715713255765
1715713270760
1715713285670
1715713300736
1715713315768
1715713330690
1715713345656
1715713360804
1715713375746
1715713390731
1715713405751
1715713420636
1715713435780
1715713450800
1715713465769
1715713480825
1715713495906
1715713510800
1715713525768
1715713540898
1715713555800
1715713570828
1715713585916
1715713600866
1715713615810
1715713630939
1715713645839
1715713660867
1715713675949
1715713690848
1715713705816
1715713720921
1715713735834
1715713750839
1715713765938
1715713780924
1715713795876
1715713810940
1715713825947
1715713840848
1715713855947
1715713870939
1715713885940
1715713901060
1715713915843
1715713930915
1715713945984
1715713961001
1715713975948
1715713991073
1715714006029
1715714020988
1715714036022
1715714051048
1715714065971
1715714081020
1715714096019
1715714111117
1715714126091
1715714140976
1715714155998
1715714171127
1715714186016
1715714201073
1715714216096
1715714231118
1715714246075
1715714261093
1715714276148
1715714290978
1715714306180
1715714321134
1715714336124
1715714351234
1715714366204
1715714381133
1715714396230
1715714411168
1715714426188
1715714441267
1715714456175
1715714471157
1715714486218
1715714501165
1715714516121
1715714531216
1715714546248
1715714561278
1715714576324
1715714591198
1715714606208
1715714621331
1715714636238
1715714651313
1715714666353
1715714681338
1715714696248
1715714711343
1715714726324
1715714741287
1715714756354
1715714771280
1715714786303
1715714801296
1715714816321
1715714831274
1715714846312
1715714861215
1715714876281
1715714891449
1715714906318
1715714921323
1715714936466
1715714951298
1715714966312
1715714981426
1715714996378
1715715011418
1715715026446
1715715041342
1715715056424
1715715071406
1715715086422
1715715101393
1715715116484
1715715131415
1715715146467
1715715161493
1715715176463
1715715191422
1715715206549
1715715221475
1715715236539
1715715251545
1715715266531
1715715281509
1715715296588
1715715311523
1715715326527
1715715341536
1715715356534
1715715371529
1715715386565
1715715401573
1715715416582
1715715431619
1715715446551
1715715461587
1715715476624
1715715491543
1715715506636
1715715521554
1715715536527
1715715551569
1715715566641
1715715581589
1715715596559
1715715611682
1715715626527
1715715641659
1715715656717
1715715671645
1715715686647
1715715701693
1715715716713
1715715731609
1715715746609
1715715761591
1715715776653
1715715791736
1715715806678
1715715821687
1715715836740
1715715851762
1715715866724
1715715881707
1715715896737
1715715911688
1715715926699
1715715941760
1715715956748
1715715971852
1715715986750
1715716001775
1715716016823
1715716031852
1715716046772
1715716061827
1715716076717
1715716091785
1715716106832
1715716121710
1715716136832
1715716151868
1715716166792
1715716181850
1715716196888
1715716211744
1715716226774
1715716241892
1715716256843
1715716271881
1715716287014
1715716301840
1715716316868
1715716331945
1715716346880
1715716361761
1715716376904
1715716391963
1715716406845
1715716421891
1715716436948
1715716451902
1715716467013
1715716482012
1715716496918
1715716512113
1715716526918
1715716542015
1715716557006
1715716571998
1715716586949
1715716602057
1715716617000
1715716632004
1715716646971
1715716661981
1715716677064
1715716692055
1715716707049
1715716722091
1715716737127
1715716752035
1715716767092
1715716782081
1715716797024
1715716812117
1715716827137
1715716842036
1715716857091
1715716872076
1715716887161
1715716902112
1715716917177
1715716932179
1715716947144
1715716962159
1715716977155
1715716992132
1715717007238
1715717022071
1715717037195
1715717052241
1715717067227
1715717082188
1715717097197
1715717112247
1715717127160
1715717142330
1715717157241
1715717172223
1715717187292
1715717202253
1715717217225
1715717232217
1715717247228
1715717262172
1715717277251
1715717292287
1715717307243
1715717322275
1715717337278
1715717352257
1715717367381
1715717382328
1715717397254
1715717412442
1715717427252
1715717442336
1715717457455
1715717472364
1715717487276
1715717502349
1715717517322
1715717532370
1715717547452
1715717562345
1715717577422
1715717592322
1715717607347
1715717622365
1715717637381
1715717652407
1715717667391
1715717682424
1715717697426
1715717712292
1715717727510
1715717742449
1715717757410
1715717772477
1715717787429
1715717802489
1715717817453
1715717832287
1715717847434
1715717862510
1715717877424
1715717892424
1715717907509
1715717922469
1715717937467
1715717952554
1715717967494
1715717982596
1715717997595
1715718012636
1715718027484
1715718042626
1715718057564
1715718072527
1715718087600
1715718102567
1715718117541
1715718132671
1715718147587
1715718162482
1715718177674
1715718192596
1715718207603
1715718222666
1715718237623
1715718252607
1715718267765
1715718282580
1715718297661
1715718312697
1715718327655
1715718342633
1715718357744
1715718372643
1715718387634
1715718402658
1715718417675
1715718432678
1715718447771
1715718462757
1715718477752
1715718492786
1715718507715
1715718522764
1715718537785
1715718552761
1715718567802
1715718582745
1715718597750
1715718612759
1715718627896
1715718642799
1715718657829
1715718672861
1715718687806
1715718702855
1715718717912
1715718732884
1715718747793
1715718762730
1715718777874
1715718792846
1715718807849
1715718822751
1715718837885
1715718852863
1715718867898
1715718882893
1715718897889
1715718912842
1715718927841
1715718942944
1715718957925
1715718972858
1715718987904
1715719003051
1715719017923
1715719033026
1715719047963
1715719062973
1715719078007
1715719092963
1715719108074
1715719123031
1715719137925
1715719152928
1715719168111
1715719182939
1715719197994
1715719213067
1715719228067
1715719243066
1715719258021
1715719272949
1715719288029
1715719302988
1715719318058
1715719333038
1715719348113
1715719363002
1715719377992
1715719393098
1715719407895
1715719423058
1715719438084
1715719453108
1715719468096
1715719483135
1715719498130
1715719513107
1715719528209
1715719543174
1715719558155
1715719573200
1715719588175
1715719603131
1715719618238
1715719633145
1715719648176
1715719663317
1715719678152
1715719693172
1715719708233
1715719723168
1715719738242
1715719753254
1715719768138
1715719783152
1715719798229
1715719813241
1715719828289
1715719843359
1715719858334
1715719873271
1715719888338
1715719903303
1715719918243
1715719933346
1715719948256
1715719963277
1715719978314
1715719993291
1715720008300
1715720023325
1715720038347
1715720053299
1715720068428
1715720083342
1715720098304
1715720113387
1715720128320
1715720143367
1715720158490
1715720173298
1715720188329
1715720203383
1715720218342
1715720233374
1715720248405
1715720263402
1715720278403
1715720293462
1715720308358
1715720323404
1715720338457
1715720353364
1715720368392
1715720383547
1715720398474
1715720413499
1715720428580
1715720443536
1715720458497
1715720473472
1715720488499
1715720503468
1715720518439
1715720533533
1715720548526
1715720563553
1715720578464
1715720593481
1715720608582
1715720623607
1715720638521
1715720653666
1715720668579
1715720683611
1715720698683
1715720713553
1715720728575
1715720743620
1715720758629
1715720773547
1715720788635
1715720803569
1715720818690
1715720833744
1715720848699
1715720863662
1715720878600
1715720893707
1715720908746
1715720923685
1715720938704
1715720953663
1715720968769
1715720983671
1715720998713
1715721013746
1715721028689
1715721043691
1715721058755
1715721073753
1715721088769
1715721103853
1715721118740
1715721133775
1715721148842
1715721163783
1715721178793
1715721193768
1715721208768
1715721223707
1715721238768
1715721253783
1715721268825
1715721283816
1715721298855
1715721313911
1715721328839
1715721343814
1715721358847
1715721373836
1715721388858
1715721403960
1715721418971
1715721433791
1715721448840
1715721463967
1715721478824
1715721493920
1715721508981
1715721523822
1715721538906
1715721553976
1715721568880
1715721584013
1715721598962
1715721613985
1715721628871
1715721644029
1715721658964
1715721674012
1715721689023
1715721704027
1715721718981
1715721734060
1715721748999
1715721763916
1715721779058
1715721794034
1715721808956
1715721824006
1715721839033
1715721854074
1715721869110
1715721884147
1715721899102
1715721914138
1715721929045
1715721944038
1715721959128
1715721974035
1715721988987
1715722004068
1715722019018
1715722034024
1715722049127
1715722064091
1715722079090
1715722094194
1715722109134
1715722124188
1715722139263
1715722154065
1715722169139
1715722184176
1715722199168
1715722214170
1715722229237
1715722244091
1715722259169
1715722274224
1715722289171
1715722304263
1715722319272
1715722334232
1715722349214
1715722364307
1715722379231
1715722394220
1715722409340
1715722424185
1715722439227
1715722454299
1715722469268
1715722484278
1715722499362
1715722514255
1715722529363
1715722544336
1715722559266
1715722574337
1715722589380
1715722604297
1715722619412
1715722634334
1715722649324
1715722664340
1715722679303
1715722694348
1715722709378
1715722724396
1715722739350
1715722754363
1715722769397
1715722784356
1715722799374
1715722814522
1715722829383
1715722844433
1715722859447
1715722874366
1715722889405
1715722904474
1715722919441
1715722934395
1715722949499
1715722964416
1715722979419
1715722994456
1715723009440
1715723024380
1715723039464
1715723054403
1715723069473
1715723084596
1715723099463
1715723114517
1715723129614
1715723144482
1715723159467
1715723174599
1715723189585
1715723204565
1715723219649
1715723234504
1715723249605
1715723264590
1715723279570
1715723294563
1715723309671
1715723324552
1715723339615
1715723354662
1715723369635
1715723384620
1715723399658
1715723414576
1715723429650
1715723444701
1715723459683
1715723474664
1715723489773
1715723504683
1715723519690
1715723534704
1715723549654
1715723564710
1715723579738
1715723594649
1715723609676
1715723624733
1715723639646
1715723654698
1715723669815
1715723684675
1715723699735
1715723714809
1715723729727
1715723744775
1715723759819
1715723774782
1715723789767
1715723804822
1715723819687
1715723834755
1715723849821
1715723864789
1715723879798
1715723894905
1715723909806
1715723924747
1715723939860
1715723954769
1715723969817
1715723984849
1715723999786
1715724014823
1715724029835
1715724044907
1715724059842
1715724074871
1715724089907
1715724104935
1715724119979
1715724134898
1715724149959
1715724164979
1715724179865
1715724194906
1715724209977
1715724224971
1715724239857
1715724254897
1715724269979
1715724285010
1715724300067
1715724314948
1715724329900
1715724344966
1715724359923
1715724374904
1715724390133
1715724404989
1715724420002
1715724435163
1715724449995
1715724464951
1715724480043
1715724495013
1715724510020
1715724525073
1715724540109
1715724555055
1715724570024
1715724585069
1715724600062
1715724615132
1715724630055
1715724645003
1715724660160
1715724675025
1715724690103
1715724705116
1715724719952
1715724735104
1715724750167
1715724765156
1715724780074
1715724795167
1715724810071
1715724825109
1715724840198
1715724855039
1715724870186
1715724885158
1715724900213
1715724915224
1715724930343
1715724945161
1715724960184
1715724975232
1715724990230
1715725005209
1715725020257
1715725035098
1715725050200
1715725065181
1715725080259
1715725095211
1715725110283
1715725125205
1715725140184
1715725155342
1715725170184
1715725185276
1715725200426
1715725215361
1715725230367
1715725245392
1715725260305
1715725275348
1715725290331
1715725305308
1715725320348
1715725335336
1715725350252
1715725365325
1715725380436
1715725395311
1715725410395
1715725425373
1715725440319
1715725455414
1715725470428
1715725485301
1715725500383
1715725515457
