1715710525296
1715710525518
1715710525663
1715710525840
1715710525933
1715710526188
1715710540242
1715710540429
1715710540596
1715710540817
1715710541115
1715710541354
1715710555215
1715710555435
1715710555590
1715710555813
1715710556122
1715710556339
1715710570370
1715710570569
1715710570705
1715710570996
1715710571283
1715710571526
1715710585252
1715710585484
1715710585672
1715710585947
1715710586235
1715710586450
1715710600163
1715710600383
1715710600581
1715710600779
1715710601012
1715710601211
1715710615088
1715710615320
1715710615458
1715710615702
1715710615863
1715710616067
1715710630214
1715710630431
1715710630576
1715710630816
1715710631065
1715710631352
1715710645218
1715710645443
1715710645582
1715710645826
1715710646048
1715710646283
1715710660348
1715710660608
1715710660769
1715710660923
1715710661053
1715710661350
1715710675317
1715710675542
1715710675744
1715710675974
1715710676258
1715710676453
1715710690289
1715710690535
1715710690705
1715710690893
1715710691031
1715710691179
1715710705297
1715710705535
1715710705713
1715710705924
1715710706139
1715710706447
1715710720316
1715710720541
1715710720719
1715710721022
1715710721286
1715710721491
1715710735278
1715710735511
1715710735755
1715710735990
1715710736258
1715710736464
1715710750331
1715710750555
1715710750700
1715710750861
1715710751050
1715710751319
1715710765425
1715710765587
1715710765818
1715710766150
1715710766356
1715710766498
1715710780321
1715710780564
1715710780710
1715710780865
1715710781117
1715710781488
1715710795312
1715710795576
1715710795704
1715710795963
1715710796196
1715710796477
1715710810433
1715710810665
1715710810796
1715710811002
1715710811265
1715710811572
1715710825275
1715710825503
1715710825640
1715710825878
1715710826123
1715710826392
1715710840299
1715710840530
1715710840709
1715710840934
1715710841292
1715710841509
1715710855268
1715710855474
1715710855643
1715710855866
1715710856131
1715710856330
1715710870374
1715710870571
1715710870726
1715710870957
1715710871248
1715710871498
1715710885433
1715710885679
1715710885799
1715710885946
1715710886050
1715710886340
1715710900352
1715710900557
1715710900735
1715710900971
1715710901185
1715710901470
1715710915366
1715710915575
1715710915791
1715710916000
1715710916299
1715710916572
1715710930327
1715710930561
1715710930681
1715710930928
1715710931164
1715710931484
1715710945266
1715710945467
1715710945632
1715710945878
1715710946161
1715710946388
1715710960437
1715710960658
1715710960846
1715710961075
1715710961372
1715710961644
1715710975420
1715710975666
1715710975826
1715710975962
1715710976101
1715710976365
1715710990385
1715710990650
1715710990770
1715710991037
1715710991257
1715710991531
1715711005409
1715711005607
1715711005821
1715711006045
1715711006360
1715711006593
1715711020477
1715711020721
1715711020961
1715711021179
1715711021478
1715711021645
1715711035386
1715711035627
1715711035827
1715711036135
1715711036345
1715711036633
1715711050443
1715711050687
1715711050813
1715711051030
1715711051280
1715711051634
1715711065624
1715711065805
1715711066064
1715711066200
1715711066398
1715711066595
1715711080428
1715711080631
1715711080799
1715711081044
1715711081284
1715711081572
1715711095474
1715711095706
1715711095879
1715711096054
1715711096289
1715711096532
1715711110511
1715711110739
1715711110882
1715711111141
1715711111442
1715711111644
1715711125449
1715711125720
1715711125887
1715711126099
1715711126416
1715711126654
1715711140548
1715711140754
1715711140917
1715711141117
1715711141426
1715711141683
1715711155523
1715711155745
1715711155875
1715711156090
1715711156396
1715711156625
1715711170449
1715711170671
1715711170831
1715711171064
1715711171319
1715711171582
1715711185468
1715711185691
1715711185875
1715711186149
1715711186455
1715711186660
1715711200536
1715711200791
1715711200930
1715711201272
1715711201596
1715711201718
1715711215438
1715711215653
1715711215801
1715711216013
1715711216253
1715711216560
1715711230452
1715711230663
1715711230822
1715711231060
1715711231304
1715711231627
1715711245535
1715711245777
1715711245901
1715711246143
1715711246369
1715711246559
1715711260472
1715711260704
1715711260887
1715711261080
1715711261322
1715711261558
1715711275491
1715711275727
1715711275844
1715711276086
1715711276327
1715711276641
1715711290565
1715711290792
1715711290944
1715711291181
1715711291485
1715711291714
1715711305467
1715711305670
1715711305803
1715711306049
1715711306322
1715711306566
1715711320595
1715711320828
1715711321029
1715711321225
1715711321531
1715711321788
1715711335515
1715711335759
1715711335937
1715711336176
1715711336507
1715711336723
1715711350481
1715711350721
1715711350898
1715711351142
1715711351464
1715711351693
1715711365596
1715711365833
1715711365961
1715711366214
1715711366491
1715711366744
1715711380602
1715711380837
1715711380983
1715711381251
1715711381635
1715711381796
1715711395504
1715711395700
1715711395876
1715711396092
1715711396367
1715711396609
1715711410556
1715711410792
1715711410988
1715711411268
1715711411475
1715711411745
1715711425566
1715711425803
1715711425925
1715711426095
1715711426367
1715711426680
1715711440543
1715711440783
1715711440971
1715711441189
1715711441424
1715711441734
1715711455648
1715711455888
1715711456110
1715711456323
1715711456696
1715711456903
1715711470609
1715711470835
1715711471029
1715711471226
1715711471491
1715711471792
1715711485452
1715711485696
1715711485908
1715711486192
1715711486510
1715711486717
1715711500579
1715711500792
1715711500956
1715711501174
1715711501426
1715711501607
1715711515599
1715711515839
1715711516013
1715711516237
1715711516525
1715711516785
1715711530547
1715711530780
1715711530932
1715711531237
1715711531460
1715711531684
1715711545678
1715711545938
1715711546078
1715711546247
1715711546418
1715711546700
1715711560600
1715711560833
1715711560999
1715711561288
1715711561557
1715711561745
1715711575539
1715711575746
1715711575933
1715711576216
1715711576430
1715711576670
1715711590552
1715711590813
1715711590986
1715711591213
1715711591388
1715711591634
1715711605675
1715711605927
1715711606088
1715711606314
1715711606600
1715711606834
1715711620641
1715711620842
1715711620983
1715711621164
1715711621275
1715711621371
1715711635661
1715711635888
1715711636049
1715711636267
1715711636559
1715711636782
1715711650725
1715711650957
1715711651129
1715711651335
1715711651632
1715711651871
1715711665841
1715711666025
1715711666249
1715711666466
1715711666775
1715711666899
1715711680561
1715711680784
1715711680928
1715711681184
1715711681445
1715711681678
1715711695778
1715711696026
1715711696160
1715711696357
1715711696534
1715711696889
1715711710699
1715711710943
1715711711110
1715711711306
1715711711620
1715711711842
1715711725705
1715711725955
1715711726164
1715711726327
1715711726662
1715711726909
1715711740704
1715711740912
1715711741067
1715711741282
1715711741512
1715711741837
1715711755578
1715711755842
1715711756007
1715711756283
1715711756470
1715711756753
1715711770740
1715711770967
1715711771106
1715711771276
1715711771378
1715711771647
1715711785662
1715711785897
1715711786055
1715711786294
1715711786606
1715711786843
1715711800703
1715711800934
1715711801130
1715711801448
1715711801700
1715711801911
1715711815683
1715711815903
1715711816078
1715711816324
1715711816574
1715711816816
1715711830736
1715711830962
1715711831093
1715711831346
1715711831565
1715711831782
1715711845688
1715711845928
1715711846053
1715711846266
1715711846524
1715711846790
1715711860632
1715711860861
1715711861025
1715711861209
1715711861525
1715711861802
1715711875808
1715711876034
1715711876183
1715711876415
1715711876666
1715711876941
1715711890778
1715711890998
1715711891152
1715711891349
1715711891583
1715711891865
1715711905723
1715711905948
1715711906129
1715711906367
1715711906585
1715711906808
1715711920826
1715711921069
1715711921226
1715711921416
1715711921614
1715711921846
1715711935746
1715711935969
1715711936108
1715711936288
1715711936512
1715711936872
1715711950746
1715711950971
1715711951117
1715711951352
1715711951675
1715711951912
1715711965816
1715711966009
1715711966147
1715711966339
1715711966568
1715711966924
1715711980617
1715711980811
1715711981003
1715711981261
1715711981536
1715711981789
1715711995830
1715711996085
1715711996260
1715711996500
1715711996869
1715711997083
1715712010803
1715712011013
1715712011189
1715712011420
1715712011656
1715712011956
1715712025681
1715712025911
1715712026119
1715712026300
1715712026554
1715712026799
1715712040874
1715712041078
1715712041237
1715712041443
1715712041717
1715712042013
1715712055804
1715712056044
1715712056248
1715712056452
1715712056646
1715712056873
1715712070803
1715712071024
1715712071185
1715712071427
1715712071743
1715712071982
1715712085730
1715712085966
1715712086128
1715712086307
1715712086567
1715712086904
1715712100864
1715712101068
1715712101213
1715712101364
1715712101607
1715712101963
1715712115791
1715712116031
1715712116186
1715712116437
1715712116732
1715712116990
1715712130812
1715712131034
1715712131201
1715712131448
1715712131728
1715712131942
1715712145860
1715712146088
1715712146266
1715712146496
1715712146738
1715712147052
1715712160836
1715712161071
1715712161234
1715712161372
1715712161642
1715712161999
1715712175871
1715712176100
1715712176257
1715712176516
1715712176916
1715712177068
1715712190926
1715712191142
1715712191281
1715712191504
1715712191714
1715712192057
1715712205713
1715712205923
1715712206157
1715712206359
1715712206604
1715712206864
1715712220906
1715712221185
1715712221349
1715712221498
1715712221711
1715712222016
1715712235941
1715712236166
1715712236313
1715712236559
1715712236853
1715712237058
1715712250943
1715712251160
1715712251330
1715712251575
1715712251955
1715712252146
1715712265894
1715712266163
1715712266354
1715712266544
1715712266871
1715712267218
1715712280888
1715712281119
1715712281275
1715712281463
1715712281766
1715712282211
1715712295814
1715712296084
1715712296285
1715712296571
1715712296917
1715712297180
1715712310852
1715712311070
1715712311265
1715712311535
1715712311877
1715712312163
1715712325929
1715712326165
1715712326363
1715712326618
1715712326880
1715712327113
1715712340950
1715712341191
1715712341400
1715712341628
1715712341930
1715712342181
1715712355840
1715712356053
1715712356235
1715712356544
1715712356852
1715712357197
1715712370929
1715712371145
1715712371375
1715712371615
1715712371796
1715712372090
1715712385847
1715712386089
1715712386311
1715712386613
1715712386948
1715712387210
1715712400906
1715712401149
1715712401335
1715712401583
1715712401880
1715712402125
1715712416008
1715712416214
1715712416404
1715712416691
1715712416969
1715712417316
1715712430873
1715712431089
1715712431258
1715712431544
1715712431945
1715712432177
1715712445848
1715712446090
1715712446247
1715712446425
1715712446821
1715712447226
1715712461008
1715712461232
1715712461394
1715712461576
1715712461800
1715712462198
1715712475895
1715712476134
1715712476322
1715712476621
1715712476861
1715712477177
1715712490975
1715712491203
1715712491418
1715712491700
1715712492107
1715712492344
1715712506030
1715712506382
1715712506554
1715712506765
1715712507106
1715712507483
1715712520938
1715712521178
1715712521406
1715712521664
1715712521979
1715712522325
1715712535978
1715712536332
1715712536577
1715712536848
1715712537172
1715712537462
1715712551015
1715712551249
1715712551443
1715712551737
1715712551975
1715712552380
1715712565948
1715712566152
1715712566366
1715712566723
1715712567027
1715712567258
1715712580945
1715712581214
1715712581493
1715712581815
1715712582065
1715712582351
1715712595867
1715712596132
1715712596317
1715712596559
1715712596899
1715712597185
1715712610920
1715712611180
1715712611386
1715712611652
1715712611907
1715712612279
1715712625952
1715712626218
1715712626411
1715712626696
1715712627125
1715712627474
1715712640973
1715712641218
1715712641411
1715712641637
1715712642020
1715712642316
1715712656005
1715712656259
1715712656459
1715712656707
1715712657016
1715712657396
1715712671079
1715712671327
1715712671493
1715712671705
1715712671917
1715712672240
1715712685996
1715712686199
1715712686401
1715712686651
1715712686923
1715712687216
1715712700984
1715712701230
1715712701413
1715712701706
1715712702006
1715712702311
1715712715997
1715712716233
1715712716404
1715712716732
1715712717055
1715712717486
1715712731045
1715712731269
1715712731445
1715712731746
1715712732049
1715712732254
1715712746033
1715712746276
1715712746456
1715712746803
1715712747140
1715712747406
1715712760993
1715712761221
1715712761404
1715712761651
1715712761961
1715712762350
1715712776133
1715712776362
1715712776528
1715712776734
1715712776996
1715712777398
1715712791067
1715712791296
1715712791497
1715712791768
1715712792139
1715712792431
1715712806072
1715712806339
1715712806620
1715712806881
1715712807257
1715712807524
1715712821110
1715712821366
1715712821561
1715712821828
1715712822232
1715712822534
1715712836111
1715712836355
1715712836550
1715712836920
1715712837202
1715712837501
1715712851086
1715712851321
1715712851507
1715712851694
1715712851926
1715712852245
1715712866286
1715712866507
1715712866783
1715712867063
1715712867474
1715712867640
1715712881037
1715712881280
1715712881484
1715712881766
1715712882126
1715712882354
1715712896062
1715712896252
1715712896442
1715712896741
1715712897072
1715712897344
1715712911115
1715712911351
1715712911563
1715712911897
1715712912259
1715712912618
1715712926106
1715712926338
1715712926536
1715712926837
1715712927145
1715712927399
1715712941033
1715712941289
1715712941484
1715712941716
1715712942076
1715712942426
1715712956136
1715712956378
1715712956559
1715712956848
1715712957153
1715712957483
1715712971136
1715712971403
1715712971593
1715712971848
1715712972140
1715712972523
1715712986105
1715712986345
1715712986513
1715712986859
1715712987350
1715712987523
1715713001177
1715713001386
1715713001536
1715713001845
1715713002098
1715713002387
1715713016119
1715713016381
1715713016582
1715713016779
1715713017155
1715713017461
1715713031145
1715713031391
1715713031602
1715713031860
1715713032170
1715713032508
1715713046303
1715713046532
1715713046682
1715713046843
1715713047008
1715713047291
1715713061201
1715713061471
1715713061666
1715713061910
1715713062262
1715713062530
1715713076112
1715713076359
1715713076588
1715713076835
1715713077180
1715713077396
1715713091236
1715713091471
1715713091608
1715713091907
1715713092188
1715713092549
1715713106159
1715713106377
1715713106572
1715713106865
1715713107199
1715713107540
1715713121192
1715713121406
1715713121588
1715713121775
1715713122149
1715713122541
1715713136289
1715713136393
1715713136609
1715713136808
1715713137094
1715713137320
1715713151182
1715713151455
1715713151690
1715713151971
1715713152302
1715713152614
1715713166219
1715713166404
1715713166627
1715713166883
1715713167297
1715713167589
1715713181238
1715713181469
1715713181665
1715713181933
1715713182207
1715713182586
1715713196256
1715713196475
1715713196643
1715713196844
1715713197108
1715713197532
1715713211292
1715713211501
1715713211664
1715713211954
1715713212264
1715713212496
1715713226197
1715713226428
1715713226656
1715713226893
1715713227222
1715713227537
1715713241196
1715713241433
1715713241654
1715713241925
1715713242259
1715713242603
1715713256331
1715713256540
1715713256699
1715713256918
1715713257024
1715713257207
1715713271306
1715713271580
1715713271833
1715713272161
1715713272508
1715713272729
1715713286184
1715713286424
1715713286632
1715713286923
1715713287290
1715713287655
1715713301275
1715713301611
1715713301867
1715713302125
1715713302478
1715713302790
1715713316294
1715713316574
1715713316786
1715713317044
1715713317311
1715713317648
1715713331255
1715713331380
1715713331656
1715713331856
1715713332119
1715713332430
1715713346185
1715713346440
1715713346676
1715713346941
1715713347281
1715713347567
1715713361341
1715713361571
1715713361788
1715713362067
1715713362359
1715713362736
1715713376260
1715713376513
1715713376715
1715713376995
1715713377317
1715713377585
1715713391229
1715713391470
1715713391669
1715713391954
1715713392338
1715713392590
1715713406281
1715713406499
1715713406686
1715713406964
1715713407242
1715713407514
1715713421168
1715713421376
1715713421582
1715713421823
1715713422164
1715713422514
1715713436308
1715713436540
1715713436752
1715713437019
1715713437351
1715713437695
1715713451294
1715713451528
1715713451739
1715713451965
1715713452288
1715713452614
1715713466342
1715713466527
1715713466687
1715713466943
1715713467233
1715713467609
1715713481331
1715713481592
1715713481762
1715713482062
1715713482491
1715713482739
1715713496427
1715713496685
1715713496846
1715713497054
1715713497299
1715713497749
1715713511325
1715713511545
1715713511730
1715713512027
1715713512384
1715713512673
1715713526293
1715713526528
1715713526746
1715713527033
1715713527419
1715713527788
1715713541421
1715713541660
1715713541830
1715713542034
1715713542365
1715713542780
1715713556345
1715713556595
1715713556821
1715713557123
1715713557449
1715713557738
1715713571355
1715713571609
1715713571799
1715713572073
1715713572359
1715713572583
1715713586468
1715713586661
1715713586869
1715713587148
1715713587563
1715713587802
1715713601410
1715713601611
1715713601766
1715713602048
1715713602378
1715713602760
1715713616345
1715713616599
1715713616812
1715713617082
1715713617480
1715713617774
1715713631436
1715713631690
1715713631884
1715713632115
1715713632444
1715713632786
1715713646338
1715713646598
1715713646787
1715713647077
1715713647342
1715713647733
1715713661437
1715713661673
1715713661915
1715713662081
1715713662350
1715713662770
1715713676489
1715713676728
1715713676934
1715713677084
1715713677344
1715713677636
1715713691357
1715713691595
1715713691786
1715713692078
1715713692446
1715713692813
1715713706329
1715713706463
1715713706696
1715713706922
1715713707188
1715713707452
1715713721441
1715713721690
1715713721857
1715713722035
1715713722306
1715713722787
1715713736373
1715713736618
1715713736839
1715713737084
1715713737261
1715713737553
1715713751340
1715713751593
1715713751829
1715713752078
1715713752345
1715713752627
1715713766604
1715713766803
1715713767114
1715713767520
1715713767766
1715713767978
1715713781465
1715713781695
1715713781949
1715713782248
1715713782545
1715713782916
1715713796406
1715713796627
1715713796805
1715713797079
1715713797365
1715713797583
1715713811447
1715713811683
1715713811903
1715713812160
1715713812495
1715713812793
1715713826489
1715713826724
1715713826937
1715713827253
1715713827535
1715713827827
1715713841388
1715713841647
1715713841812
1715713842072
1715713842379
1715713842822
1715713856498
1715713856715
1715713856899
1715713857072
1715713857369
1715713857633
1715713871439
1715713871677
1715713871871
1715713872146
1715713872463
1715713872786
1715713886545
1715713886754
1715713886946
1715713887263
1715713887516
1715713887751
1715713901586
1715713901803
1715713901974
1715713902161
1715713902438
1715713902909
1715713916357
1715713916599
1715713916799
1715713917073
1715713917255
1715713917513
1715713931448
1715713931695
1715713931925
1715713932270
1715713932510
1715713932890
1715713946527
1715713946740
1715713946959
1715713947173
1715713947409
1715713947741
1715713961541
1715713961793
1715713961976
1715713962234
1715713962545
1715713962895
1715713976468
1715713976697
1715713976909
1715713977182
1715713977533
1715713977850
1715713991631
1715713991839
1715713992048
1715713992235
1715713992608
1715713992913
1715714006582
1715714006814
1715714006978
1715714007279
1715714007587
1715714007831
1715714021494
1715714021752
1715714021980
1715714022269
1715714022553
1715714022893
1715714036564
1715714036799
1715714037006
1715714037183
1715714037559
1715714037889
1715714051559
1715714051801
1715714052008
1715714052339
1715714052647
1715714052924
1715714066527
1715714066752
1715714066986
1715714067232
1715714067513
1715714067822
1715714081547
1715714081810
1715714081966
1715714082157
1715714082419
1715714082836
1715714096553
1715714096763
1715714096946
1715714097342
1715714097607
1715714097862
1715714111647
1715714111861
1715714112082
1715714112260
1715714112520
1715714112863
1715714126620
1715714126866
1715714127035
1715714127270
1715714127653
1715714127933
1715714141509
1715714141756
1715714141944
1715714142266
1715714142590
1715714142853
1715714156521
1715714156736
1715714156930
1715714157215
1715714157580
1715714157866
1715714171625
1715714171868
1715714172048
1715714172248
1715714172547
1715714172952
1715714186582
1715714186792
1715714187004
1715714187256
1715714187576
1715714187802
1715714201590
1715714201860
1715714202099
1715714202328
1715714202560
1715714202934
1715714216621
1715714216837
1715714217068
1715714217363
1715714217710
1715714217968
1715714231661
1715714231897
1715714232059
1715714232359
1715714232625
1715714232856
1715714246609
1715714246836
1715714247045
1715714247374
1715714247709
1715714248026
1715714261588
1715714261833
1715714262020
1715714262206
1715714262350
1715714262661
1715714276668
1715714276882
1715714277093
1715714277449
1715714277729
1715714278038
1715714291523
1715714291731
1715714292002
1715714292325
1715714292620
1715714292885
1715714306697
1715714306912
1715714307146
1715714307324
1715714307614
1715714308062
1715714321657
1715714321894
1715714322121
1715714322419
1715714322729
1715714323039
1715714336628
1715714336895
1715714337156
1715714337444
1715714337771
1715714338130
1715714351768
1715714352024
1715714352238
1715714352488
1715714352771
1715714353130
1715714366793
1715714367088
1715714367319
1715714367544
1715714367812
1715714368173
1715714381680
1715714381909
1715714382068
1715714382338
1715714382657
1715714382981
1715714396732
1715714396969
1715714397145
1715714397344
1715714397673
1715714398058
1715714411701
1715714411942
1715714412233
1715714412535
1715714412907
1715714413105
1715714426722
1715714426977
1715714427310
1715714427584
1715714427957
1715714428112
1715714441803
1715714442023
1715714442205
1715714442570
1715714442890
1715714443173
1715714456685
1715714456926
1715714457102
1715714457398
1715714457704
1715714458064
1715714471718
1715714471916
1715714472135
1715714472436
1715714472831
1715714473098
1715714486708
1715714486979
1715714487144
1715714487403
1715714487713
1715714488079
1715714501728
1715714501938
1715714502168
1715714502502
1715714502835
1715714503153
1715714516632
1715714516865
1715714516985
1715714517185
1715714517445
1715714517722
1715714531714
1715714531949
1715714532181
1715714532460
1715714532762
1715714533110
1715714546769
1715714547021
1715714547258
1715714547566
1715714547988
1715714548158
1715714561801
1715714562035
1715714562269
1715714562533
1715714562911
1715714563211
1715714576850
1715714577068
1715714577209
1715714577437
1715714577696
1715714578159
1715714591718
1715714591958
1715714592157
1715714592323
1715714592446
1715714592700
1715714606717
1715714606937
1715714607102
1715714607309
1715714607633
1715714607934
1715714621845
1715714622088
1715714622265
1715714622527
1715714622856
1715714623290
1715714636773
1715714636997
1715714637163
1715714637416
1715714637803
1715714638125
1715714651827
1715714652063
1715714652277
1715714652577
1715714652961
1715714653316
1715714667044
1715714667205
1715714667484
1715714667836
1715714668088
1715714668288
1715714681855
1715714682104
1715714682299
1715714682557
1715714682847
1715714683166
1715714696752
1715714696977
1715714697192
1715714697555
1715714697872
1715714698159
1715714711874
1715714712122
1715714712316
1715714712663
1715714712958
1715714713209
1715714726826
1715714727083
1715714727304
1715714727576
1715714727895
1715714728194
1715714741804
1715714742016
1715714742174
1715714742461
1715714742778
1715714743151
1715714756877
1715714757088
1715714757258
1715714757467
1715714757764
1715714758199
1715714771813
1715714772057
1715714772230
1715714772458
1715714772848
1715714773148
1715714786843
1715714787068
1715714787291
1715714787525
1715714787895
1715714788192
1715714801831
1715714802044
1715714802223
1715714802506
1715714802895
1715714803164
1715714816812
1715714817060
1715714817295
1715714817530
1715714817813
1715714818252
1715714831832
1715714832055
1715714832245
1715714832525
1715714832922
1715714833269
1715714846825
1715714847084
1715714847307
1715714847488
1715714847792
1715714848254
1715714861743
1715714861960
1715714862108
1715714862420
1715714862706
1715714863028
1715714876782
1715714877048
1715714877239
1715714877450
1715714877749
1715714878139
1715714891988
1715714892203
1715714892419
1715714892712
1715714893089
1715714893489
1715714906889
1715714907100
1715714907325
1715714907608
1715714907983
1715714908219
1715714921838
1715714922104
1715714922287
1715714922556
1715714922796
1715714923163
1715714936970
1715714937187
1715714937351
1715714937564
1715714937873
1715714938423
1715714951816
1715714952039
1715714952234
1715714952556
1715714952844
1715714953187
1715714966845
1715714967086
1715714967290
1715714967578
1715714967899
1715714968300
1715714981927
1715714982164
1715714982321
1715714982617
1715714982972
1715714983242
1715714996869
1715714997116
1715714997291
1715714997611
1715714997919
1715714998237
1715715011917
1715715012157
1715715012369
1715715012737
1715715013076
1715715013372
1715715026991
1715715027210
1715715027410
1715715027754
1715715028129
1715715028479
1715715041853
1715715042102
1715715042267
1715715042575
1715715042941
1715715043201
1715715056927
1715715057164
1715715057360
1715715057611
1715715057947
1715715058203
1715715071907
1715715072148
1715715072320
1715715072594
1715715072925
1715715073291
1715715086953
1715715087193
1715715087409
1715715087782
1715715088074
1715715088415
1715715101921
1715715102160
1715715102401
1715715102675
1715715102969
1715715103266
1715715117047
1715715117242
1715715117468
1715715117763
1715715118137
1715715118378
1715715131966
1715715132207
1715715132400
1715715132709
1715715133050
1715715133351
1715715146965
1715715147185
1715715147374
1715715147662
1715715148108
1715715148387
1715715162021
1715715162243
1715715162429
1715715162688
1715715163045
1715715163359
1715715176982
1715715177213
1715715177395
1715715177681
1715715178047
1715715178323
1715715191967
1715715192204
1715715192385
1715715192678
1715715192961
1715715193249
1715715207104
1715715207323
1715715207518
1715715207729
1715715208027
1715715208541
1715715222068
1715715222304
1715715222459
1715715222749
1715715223156
1715715223441
1715715237092
1715715237335
1715715237557
1715715237854
1715715238119
1715715238503
1715715252068
1715715252324
1715715252530
1715715252797
1715715253074
1715715253353
1715715267229
1715715267413
1715715267723
1715715267995
1715715268355
1715715268515
1715715282076
1715715282317
1715715282506
1715715282837
1715715283143
1715715283474
1715715297117
1715715297324
1715715297487
1715715297664
1715715297904
1715715298307
1715715312048
1715715312316
1715715312512
1715715312681
1715715312981
1715715313431
1715715327077
1715715327300
1715715327506
1715715327715
1715715328004
1715715328476
1715715342086
1715715342336
1715715342617
1715715342948
1715715343294
1715715343538
1715715357065
1715715357325
1715715357507
1715715357800
1715715358259
1715715358478
1715715372055
1715715372293
1715715372461
1715715372767
1715715373057
1715715373422
1715715387089
1715715387330
1715715387516
1715715387915
1715715388273
1715715388452
1715715402104
1715715402363
1715715402564
1715715402813
1715715403152
1715715403546
1715715417096
1715715417349
1715715417570
1715715417749
1715715418040
1715715418436
1715715432145
1715715432350
1715715432540
1715715432740
1715715433032
1715715433439
1715715447043
1715715447284
1715715447485
1715715447695
1715715447975
1715715448366
1715715462146
1715715462391
1715715462579
1715715462932
1715715463278
1715715463603
1715715477150
1715715477402
1715715477601
1715715477867
1715715478186
1715715478521
1715715492067
1715715492296
1715715492452
1715715492729
1715715493125
1715715493443
1715715507184
1715715507418
1715715507575
1715715507793
1715715508090
1715715508546
1715715522112
1715715522367
1715715522544
1715715522821
1715715523135
1715715523364
1715715537082
1715715537336
1715715537659
1715715537897
1715715538204
1715715538487
1715715552128
1715715552363
1715715552529
1715715552774
1715715553053
1715715553309
1715715567190
1715715567419
1715715567600
1715715567882
1715715568159
1715715568410
1715715582153
1715715582371
1715715582550
1715715582853
1715715583103
1715715583459
1715715597078
1715715597293
1715715597503
1715715597779
1715715598088
1715715598341
1715715612208
1715715612448
1715715612615
1715715612895
1715715613258
1715715613593
1715715627064
1715715627303
1715715627533
1715715627828
1715715628139
1715715628378
1715715642217
1715715642434
1715715642630
1715715642931
1715715643241
1715715643532
1715715657241
1715715657493
1715715657685
1715715657924
1715715658303
1715715658661
1715715672174
1715715672390
1715715672625
1715715672877
1715715673158
1715715673394
1715715687165
1715715687397
1715715687569
1715715687796
1715715688111
1715715688512
1715715702227
1715715702467
1715715702645
1715715702926
1715715703216
1715715703428
1715715717227
1715715717464
1715715717685
1715715718073
1715715718386
1715715718731
1715715732122
1715715732351
1715715732585
1715715732867
1715715733181
1715715733585
1715715747188
1715715747405
1715715747607
1715715747875
1715715748166
1715715748404
1715715762117
1715715762348
1715715762595
1715715762845
1715715763087
1715715763393
1715715777173
1715715777409
1715715777617
1715715777900
1715715778212
1715715778454
1715715792244
1715715792374
1715715792692
1715715792889
1715715793212
1715715793653
1715715807205
1715715807424
1715715807627
1715715807921
1715715808300
1715715808582
1715715822214
1715715822439
1715715822664
1715715822955
1715715823250
1715715823602
1715715837279
1715715837533
1715715837692
1715715837972
1715715838331
1715715838750
1715715852272
1715715852510
1715715852726
1715715852960
1715715853231
1715715853603
1715715867287
1715715867528
1715715867697
1715715867890
1715715868161
1715715868433
1715715882253
1715715882492
1715715882723
1715715882897
1715715883166
1715715883697
1715715897292
1715715897535
1715715897711
1715715897970
1715715898235
1715715898544
1715715912226
1715715912424
1715715912597
1715715912856
1715715913167
1715715913546
1715715927242
1715715927484
1715715927687
1715715927884
1715715928189
1715715928543
1715715942258
1715715942501
1715715942675
1715715942910
1715715943252
1715715943629
1715715957293
1715715957549
1715715957743
1715715958062
1715715958362
1715715958662
1715715972360
1715715972608
1715715972803
1715715973070
1715715973339
1715715973708
1715715987286
1715715987491
1715715987707
1715715987983
1715715988379
1715715988648
1715716002312
1715716002553
1715716002763
1715716002978
1715716003283
1715716003727
1715716017343
1715716017584
1715716017815
1715716018185
1715716018470
1715716018818
1715716032387
1715716032625
1715716032865
1715716033034
1715716033304
1715716033679
1715716047300
1715716047537
1715716047703
1715716048015
1715716048403
1715716048753
1715716062401
1715716062598
1715716062795
1715716063069
1715716063340
1715716063724
1715716077257
1715716077501
1715716077698
1715716077982
1715716078268
1715716078549
1715716092279
1715716092536
1715716092747
1715716093011
1715716093268
1715716093520
1715716107338
1715716107580
1715716107770
1715716108044
1715716108435
1715716108710
1715716122213
1715716122440
1715716122656
1715716122883
1715716123061
1715716123331
1715716137373
1715716137596
1715716137764
1715716138069
1715716138360
1715716138729
1715716152381
1715716152626
1715716152823
1715716153124
1715716153371
1715716153769
1715716167371
1715716167585
1715716167788
1715716168027
1715716168344
1715716168713
1715716182348
1715716182593
1715716182786
1715716183106
1715716183514
1715716183796
1715716197420
1715716197689
1715716197925
1715716198135
1715716198497
1715716198779
1715716212277
1715716212487
1715716212658
1715716212911
1715716213084
1715716213203
1715716227302
1715716227555
1715716227748
1715716228016
1715716228367
1715716228705
1715716242421
1715716242660
1715716242864
1715716243174
1715716243433
1715716243783
1715716257371
1715716257624
1715716257819
1715716258060
1715716258488
1715716258737
1715716272410
1715716272636
1715716272859
1715716273178
1715716273550
1715716273925
1715716287530
1715716287760
1715716287955
1715716288103
1715716288317
1715716288695
1715716302396
1715716302636
1715716302816
1715716303203
1715716303557
1715716303793
1715716317390
1715716317626
1715716317817
1715716318073
1715716318309
1715716318632
1715716332469
1715716332714
1715716332902
1715716333085
1715716333418
1715716333802
1715716347388
1715716347610
1715716347780
1715716348050
1715716348273
1715716348590
1715716362260
1715716362529
1715716362700
1715716363013
1715716363204
1715716363502
1715716377433
1715716377658
1715716377855
1715716378149
1715716378376
1715716378925
1715716392529
1715716392737
1715716392902
1715716393186
1715716393551
1715716393857
1715716407354
1715716407595
1715716407747
1715716408021
1715716408313
1715716408629
1715716422502
1715716422749
1715716423059
1715716423277
1715716423575
1715716423852
1715716437459
1715716437708
1715716437931
1715716438176
1715716438524
1715716438850
1715716452440
1715716452698
1715716452930
1715716453214
1715716453543
1715716453821
1715716467661
1715716467845
1715716468099
1715716468388
1715716468757
1715716468893
1715716482561
1715716482817
1715716482992
1715716483269
1715716483559
1715716483924
1715716497456
1715716497668
1715716497870
1715716498110
1715716498387
1715716498759
1715716512606
1715716512896
1715716513126
1715716513440
1715716513798
1715716514062
1715716527453
1715716527668
1715716527849
1715716528195
1715716528465
1715716528774
1715716542523
1715716542777
1715716542946
1715716543149
1715716543442
1715716543829
1715716557528
1715716557759
1715716557971
1715716558236
1715716558580
1715716558832
1715716572517
1715716572775
1715716573041
1715716573424
1715716573661
1715716573994
1715716587523
1715716587760
1715716588013
1715716588305
1715716588655
1715716588944
1715716602594
1715716602849
1715716603042
1715716603291
1715716603574
1715716603929
1715716617552
1715716617815
1715716617954
1715716618177
1715716618422
1715716619008
1715716632531
1715716632772
1715716632942
1715716633230
1715716633566
1715716633938
1715716647523
1715716647745
1715716647968
1715716648276
1715716648689
1715716648980
1715716662517
1715716662769
1715716662960
1715716663239
1715716663626
1715716663843
1715716677595
1715716677815
1715716678033
1715716678406
1715716678663
1715716678949
1715716692580
1715716692854
1715716693063
1715716693298
1715716693646
1715716693922
1715716707564
1715716707815
1715716707988
1715716708279
1715716708652
1715716708850
1715716722595
1715716722844
1715716723047
1715716723403
1715716723666
1715716723932
1715716737673
1715716737898
1715716738086
1715716738289
1715716738596
1715716739042
1715716752541
1715716752787
1715716753000
1715716753285
1715716753575
1715716754012
1715716767647
1715716767905
1715716768094
1715716768368
1715716768716
1715716769064
1715716782593
1715716782862
1715716783086
1715716783392
1715716783680
1715716783941
1715716797599
1715716797810
1715716797979
1715716798267
1715716798663
1715716798961
1715716812626
1715716812871
1715716813012
1715716813248
1715716813474
1715716813911
1715716827674
1715716827943
1715716828268
1715716828542
1715716828786
1715716829061
1715716842567
1715716842819
1715716843007
1715716843329
1715716843578
1715716843937
1715716857663
1715716857896
1715716858101
1715716858408
1715716858695
1715716858950
1715716872588
1715716872824
1715716873014
1715716873248
1715716873508
1715716873902
1715716887665
1715716887889
1715716888065
1715716888275
1715716888456
1715716888963
1715716902653
1715716902907
1715716903083
1715716903374
1715716903796
1715716904143
1715716917713
1715716917984
1715716918137
1715716918323
1715716918682
1715716919068
1715716932719
1715716932963
1715716933133
1715716933330
1715716933615
1715716934014
1715716947654
1715716947885
1715716948078
1715716948281
1715716948675
1715716949035
1715716962692
1715716962977
1715716963214
1715716963434
1715716963667
1715716964030
1715716977715
1715716977935
1715716978080
1715716978430
1715716978767
1715716979098
1715716992642
1715716992866
1715716993090
1715716993348
1715716993688
1715716993998
1715717007769
1715717008020
1715717008215
1715717008475
1715717008823
1715717009153
1715717022580
1715717022832
1715717023034
1715717023323
1715717023659
1715717023980
1715717037735
1715717037949
1715717038158
1715717038329
1715717038506
1715717038792
1715717052779
1715717053042
1715717053252
1715717053650
1715717053955
1715717054215
1715717068543
1715717068907
1715717069041
1715717069308
1715717069431
1715717069563
1715717082704
1715717082936
1715717083098
1715717083336
1715717083542
1715717083911
1715717097711
1715717097966
1715717098156
1715717098424
1715717098746
1715717099053
1715717112771
1715717112988
1715717113178
1715717113441
1715717113683
1715717114003
1715717127703
1715717127926
1715717128096
1715717128362
1715717128662
1715717129014
1715717142835
1715717143078
1715717143275
1715717143541
1715717143875
1715717144223
1715717157790
1715717158042
1715717158303
1715717158692
1715717159057
1715717159244
1715717172714
1715717172981
1715717173202
1715717173496
1715717173840
1715717174095
1715717187763
1715717187950
1715717188178
1715717188458
1715717188756
1715717189206
1715717202770
1715717203030
1715717203221
1715717203530
1715717203854
1715717204194
1715717217739
1715717217980
1715717218157
1715717218312
1715717218580
1715717219052
1715717232752
1715717232986
1715717233181
1715717233468
1715717233814
1715717234144
1715717247732
1715717247986
1715717248188
1715717248501
1715717248860
1715717249231
1715717262694
1715717262949
1715717263096
1715717263332
1715717263636
1715717264054
1715717277807
1715717278051
1715717278244
1715717278578
1715717278875
1715717279173
1715717292822
1715717293035
1715717293229
1715717293536
1715717293840
1715717294130
1715717307751
1715717307995
1715717308204
1715717308456
1715717308773
1715717309008
1715717322868
1715717323112
1715717323296
1715717323519
1715717323865
1715717324147
1715717337822
1715717338080
1715717338221
1715717338434
1715717338661
1715717339043
1715717352756
1715717352974
1715717353157
1715717353468
1715717353900
1715717354243
1715717367932
1715717368159
1715717368352
1715717368606
1715717368905
1715717369176
1715717382840
1715717383101
1715717383396
1715717383674
1715717383954
1715717384247
1715717397791
1715717398036
1715717398223
1715717398558
1715717398943
1715717399193
1715717412950
1715717413197
1715717413443
1715717413677
1715717414022
1715717414422
1715717427782
1715717428025
1715717428232
1715717428502
1715717428790
1715717429081
1715717442849
1715717443105
1715717443270
1715717443592
1715717443853
1715717444101
1715717457992
1715717458288
1715717458497
1715717458849
1715717459337
1715717459562
1715717472905
1715717473148
1715717473298
1715717473493
1715717473731
1715717474015
1715717487779
1715717488047
1715717488203
1715717488494
1715717488835
1715717489086
1715717502887
1715717503115
1715717503335
1715717503518
1715717503722
1715717504132
1715717517820
1715717518079
1715717518234
1715717518421
1715717518703
1715717519167
1715717532876
1715717533120
1715717533304
1715717533572
1715717533924
1715717534330
1715717547979
1715717548230
1715717548513
1715717548840
1715717549131
1715717549395
1715717562859
1715717563159
1715717563371
1715717563725
1715717563979
1715717564293
1715717577973
1715717578224
1715717578422
1715717578675
1715717579109
1715717579407
1715717592856
1715717593073
1715717593268
1715717593547
1715717593829
1715717594072
1715717607855
1715717608101
1715717608323
1715717608595
1715717608887
1715717609231
1715717622878
1715717623114
1715717623332
1715717623643
1715717623993
1715717624373
1715717637886
1715717638123
1715717638286
1715717638659
1715717638972
1715717639268
1715717652961
1715717653221
1715717653432
1715717653749
1715717654091
1715717654466
1715717668097
1715717668320
1715717668716
1715717668982
1715717669231
1715717669445
1715717682971
1715717683228
1715717683428
1715717683735
1715717683990
1715717684331
1715717697942
1715717698213
1715717698403
1715717698674
1715717698938
1715717699191
1715717712817
1715717713056
1715717713254
1715717713599
1715717713934
1715717714235
1715717728064
1715717728273
1715717728445
1715717728744
1715717729082
1715717729481
1715717742967
1715717743225
1715717743407
1715717743727
1715717744124
1715717744382
1715717757933
1715717758176
1715717758365
1715717758691
1715717759023
1715717759354
1715717773036
1715717773283
1715717773569
1715717773835
1715717774150
1715717774448
1715717787973
1715717788211
1715717788441
1715717788691
1715717789103
1715717789364
1715717803035
1715717803256
1715717803423
1715717803722
1715717804007
1715717804249
1715717817964
1715717818191
1715717818432
1715717818819
1715717819225
1715717819392
1715717832814
1715717833028
1715717833208
1715717833474
1715717833883
1715717834200
1715717847968
1715717848177
1715717848345
1715717848542
1715717848879
1715717849302
1715717863012
1715717863270
1715717863463
1715717863699
1715717864003
1715717864240
1715717878028
1715717878275
1715717878476
1715717878756
1715717879043
1715717879418
1715717892924
1715717893084
1715717893339
1715717893636
1715717893956
1715717894199
1715717908015
1715717908258
1715717908555
1715717908908
1715717909245
1715717909488
1715717923014
1715717923279
1715717923499
1715717923817
1715717924136
1715717924470
1715717937968
1715717938205
1715717938422
1715717938767
1715717939105
1715717939392
1715717953063
1715717953292
1715717953474
1715717953710
1715717953967
1715717954324
1715717968043
1715717968270
1715717968461
1715717968752
1715717969056
1715717969434
1715717983145
1715717983394
1715717983592
1715717983823
1715717984032
1715717984352
1715717998095
1715717998381
1715717998530
1715717998737
1715717999055
1715717999544
1715718013147
1715718013426
1715718013720
1715718014068
1715718014455
1715718014616
1715718027983
1715718028246
1715718028412
1715718028661
1715718029017
1715718029326
1715718043135
1715718043396
1715718043617
1715718043797
1715718044096
1715718044576
1715718058109
1715718058337
1715718058518
1715718058688
1715718058960
1715718059360
1715718073064
1715718073327
1715718073493
1715718073766
1715718074171
1715718074544
1715718088132
1715718088366
1715718088550
1715718088840
1715718089106
1715718089477
1715718103112
1715718103361
1715718103516
1715718103770
1715718104110
1715718104402
1715718118077
1715718118292
1715718118449
1715718118696
1715718118978
1715718119322
1715718133194
1715718133443
1715718133637
1715718133957
1715718134436
1715718134619
1715718148102
1715718148315
1715718148532
1715718148796
1715718149131
1715718149343
1715718162992
1715718163218
1715718163429
1715718163694
1715718164027
1715718164359
1715718178205
1715718178455
1715718178644
1715718178845
1715718179139
1715718179507
1715718193112
1715718193340
1715718193573
1715718193856
1715718194211
1715718194594
1715718208114
1715718208376
1715718208556
1715718208847
1715718209249
1715718209634
1715718223206
1715718223442
1715718223600
1715718223799
1715718224065
1715718224444
1715718238174
1715718238408
1715718238607
1715718238908
1715718239158
1715718239633
1715718253135
1715718253340
1715718253572
1715718253818
1715718254131
1715718254477
1715718268463
1715718268684
1715718268878
1715718269132
1715718269583
1715718269746
1715718283169
1715718283370
1715718283539
1715718283810
1715718284121
1715718284440
1715718298168
1715718298404
1715718298609
1715718298837
1715718299178
1715718299468
1715718313253
1715718313508
1715718313783
1715718314109
1715718314366
1715718314634
1715718328197
1715718328449
1715718328643
1715718328854
1715718329140
1715718329502
1715718343181
1715718343396
1715718343593
1715718343881
1715718344163
1715718344494
1715718358298
1715718358543
1715718358733
1715718359058
1715718359399
1715718359686
1715718373167
1715718373378
1715718373561
1715718373936
1715718374192
1715718374439
1715718388188
1715718388387
1715718388642
1715718389024
1715718389312
1715718389554
1715718403177
1715718403426
1715718403581
1715718403876
1715718404147
1715718404510
1715718418210
1715718418445
1715718418649
1715718418954
1715718419221
1715718419541
1715718433204
1715718433441
1715718433643
1715718433897
1715718434189
1715718434555
1715718448293
1715718448530
1715718448750
1715718449011
1715718449414
1715718449765
1715718463298
1715718463519
1715718463749
1715718464008
1715718464332
1715718464550
1715718478267
1715718478530
1715718478776
1715718479164
1715718479483
1715718479791
1715718493308
1715718493561
1715718493817
1715718494095
1715718494427
1715718494709
1715718508241
1715718508484
1715718508679
1715718509006
1715718509300
1715718509778
1715718523308
1715718523540
1715718523711
1715718523901
1715718524238
1715718524555
1715718538322
1715718538538
1715718538723
1715718539102
1715718539405
1715718539714
1715718553272
1715718553539
1715718553784
1715718554051
1715718554331
1715718554633
1715718568330
1715718568708
1715718568920
1715718569179
1715718569524
1715718569919
1715718583280
1715718583500
1715718583680
1715718583988
1715718584326
1715718584629
1715718598261
1715718598514
1715718598712
1715718599004
1715718599306
1715718599658
1715718613268
1715718613518
1715718613681
1715718613986
1715718614343
1715718614703
1715718628422
1715718628634
1715718628847
1715718629033
1715718629301
1715718629764
1715718643343
1715718643569
1715718643724
1715718643995
1715718644177
1715718644489
1715718658360
1715718658614
1715718658808
1715718659173
1715718659459
1715718659824
1715718673414
1715718673668
1715718673854
1715718674224
1715718674558
1715718674836
1715718688343
1715718688579
1715718688817
1715718689083
1715718689343
1715718689737
1715718703368
1715718703624
1715718703916
1715718704304
1715718704519
1715718704771
1715718718424
1715718718679
1715718718884
1715718719128
1715718719408
1715718719770
1715718733412
1715718733623
1715718733787
1715718734095
1715718734460
1715718734754
1715718748312
1715718748532
1715718748720
1715718749008
1715718749303
1715718749640
1715718763267
1715718763616
1715718763810
1715718764082
1715718764420
1715718764729
1715718778402
1715718778639
1715718778857
1715718779128
1715718779433
1715718779873
1715718793387
1715718793637
1715718793811
1715718794032
1715718794385
1715718794754
1715718808406
1715718808617
1715718808802
1715718809111
1715718809489
1715718809744
1715718823309
1715718823557
1715718823846
1715718824134
1715718824282
1715718824560
1715718838395
1715718838641
1715718838785
1715718839085
1715718839425
1715718839749
1715718853384
1715718853622
1715718853844
1715718854125
1715718854385
1715718854808
1715718868466
1715718868672
1715718868829
1715718869153
1715718869543
1715718869820
1715718883398
1715718883641
1715718883835
1715718884104
1715718884392
1715718884740
1715718898422
1715718898694
1715718898917
1715718899094
1715718899400
1715718899762
1715718913371
1715718913588
1715718913771
1715718914015
1715718914353
1715718914687
1715718928352
1715718928570
1715718928779
1715718929055
1715718929434
1715718929830
1715718943473
1715718943689
1715718943887
1715718944167
1715718944526
1715718944889
1715718958450
1715718958689
1715718958841
1715718959129
1715718959407
1715718959801
1715718973405
1715718973602
1715718973770
1715718974051
1715718974357
1715718974562
1715718988489
1715718988717
1715718988940
1715718989196
1715718989498
1715718989756
1715719003608
1715719003825
1715719004038
1715719004234
1715719004535
1715719004988
1715719018494
1715719018726
1715719018920
1715719019200
1715719019504
1715719019859
1715719033552
1715719033796
1715719034002
1715719034190
1715719034458
1715719034899
1715719048498
1715719048758
1715719048931
1715719049203
1715719049556
1715719049891
1715719063467
1715719063733
1715719063859
1715719064280
1715719064604
1715719064871
1715719078543
1715719078778
1715719079096
1715719079352
1715719079607
1715719079883
1715719093470
1715719093694
1715719093898
1715719094177
1715719094535
1715719094838
1715719108583
1715719108834
1715719109023
1715719109273
1715719109663
1715719109975
1715719123554
1715719123817
1715719124004
1715719124273
1715719124562
1715719124882
1715719138421
1715719138662
1715719138833
1715719139048
1715719139178
1715719139371
1715719153477
1715719153672
1715719153864
1715719154177
1715719154425
1715719154784
1715719168679
1715719168922
1715719169116
1715719169377
1715719169647
1715719169983
1715719183465
1715719183719
1715719183891
1715719184158
1715719184468
1715719184825
1715719198559
1715719198793
1715719198986
1715719199223
1715719199601
1715719199937
1715719213607
1715719213849
1715719213994
1715719214211
1715719214492
1715719214806
1715719228583
1715719228793
1715719228982
1715719229287
1715719229546
1715719229934
1715719243564
1715719243817
1715719244032
1715719244222
1715719244571
1715719244942
1715719258543
1715719258788
1715719259016
1715719259265
1715719259671
1715719260059
1715719273454
1715719273691
1715719273840
1715719273998
1715719274344
1715719274661
1715719288589
1715719288790
1715719288980
1715719289255
1715719289518
1715719289777
1715719303519
1715719303762
1715719303978
1715719304294
1715719304768
1715719305069
1715719318604
1715719318863
1715719319043
1715719319329
1715719319623
1715719320093
1715719333609
1715719333825
1715719334059
1715719334321
1715719334614
1715719335006
1715719348624
1715719348883
1715719349126
1715719349491
1715719349891
1715719350065
1715719363463
1715719363565
1715719363734
1715719363900
1715719364188
1715719364473
1715719378543
1715719378786
1715719378963
1715719379284
1715719379606
1715719379916
1715719393674
1715719393914
1715719394114
1715719394408
1715719394723
1715719395067
1715719408438
1715719408685
1715719408855
1715719409204
1715719409522
1715719409918
1715719423612
1715719423852
1715719424029
1715719424317
1715719424542
1715719424890
1715719438637
1715719438891
1715719439080
1715719439371
1715719439708
1715719440066
1715719453656
1715719453917
1715719454095
1715719454472
1715719454738
1715719455039
1715719468648
1715719468961
1715719469149
1715719469424
1715719469714
1715719470062
1715719483684
1715719483921
1715719484117
1715719484406
1715719484674
1715719484941
1715719498677
1715719498918
1715719499073
1715719499312
1715719499626
1715719499918
1715719513644
1715719513901
1715719514052
1715719514270
1715719514566
1715719515003
1715719528738
1715719528957
1715719529123
1715719529367
1715719529748
1715719530061
1715719543690
1715719543906
1715719544110
1715719544389
1715719544787
1715719545075
1715719558666
1715719558911
1715719559128
1715719559390
1715719559713
1715719560159
1715719573730
1715719573985
1715719574167
1715719574407
1715719574706
1715719575122
1715719588681
1715719588926
1715719589153
1715719589352
1715719589659
1715719590118
1715719603650
1715719603861
1715719604063
1715719604368
1715719604737
1715719605102
1715719618817
1715719619026
1715719619224
1715719619468
1715719619818
1715719620107
1715719633660
1715719633876
1715719634060
1715719634291
1715719634598
1715719635009
1715719648686
1715719648927
1715719649210
1715719649502
1715719649865
1715719650131
1715719663830
1715719664082
1715719664290
1715719664455
1715719664854
1715719665179
1715719678664
1715719678895
1715719679082
1715719679304
1715719679486
1715719679838
1715719693673
1715719693889
1715719694070
1715719694354
1715719694661
1715719695014
1715719708740
1715719708964
1715719709181
1715719709446
1715719709846
1715719710093
1715719723703
1715719723913
1715719724111
1715719724488
1715719724834
1715719725086
1715719738780
1715719739011
1715719739214
1715719739509
1715719739814
1715719740271
1715719753762
1715719754043
1715719754301
1715719754572
1715719754894
1715719755266
1715719768663
1715719768902
1715719769138
1715719769406
1715719769682
1715719770079
1715719783664
1715719783913
1715719784115
1715719784425
1715719784703
1715719785053
1715719798751
1715719798993
1715719799202
1715719799540
1715719799856
1715719800122
1715719813775
1715719813985
1715719814200
1715719814466
1715719814727
1715719815022
1715719828840
1715719829079
1715719829278
1715719829529
1715719829847
1715719830161
1715719843938
1715719844138
1715719844355
1715719844658
1715719845069
1715719845345
1715719858815
1715719859099
1715719859294
1715719859472
1715719859758
1715719860170
1715719873771
1715719873990
1715719874170
1715719874505
1715719874888
1715719875140
1715719888849
1715719889090
1715719889292
1715719889560
1715719889908
1715719890213
1715719903823
1715719904043
1715719904274
1715719904535
1715719904809
1715719905085
1715719918766
1715719918978
1715719919152
1715719919444
1715719919750
1715719920143
1715719933860
1715719934100
1715719934302
1715719934578
1715719934907
1715719935238
1715719948816
1715719949078
1715719949272
1715719949542
1715719949894
1715719950194
1715719963809
1715719964065
1715719964265
1715719964551
1715719964814
1715719965067
1715719978820
1715719979049
1715719979243
1715719979531
1715719979857
1715719980210
1715719993825
1715719994026
1715719994182
1715719994431
1715719994746
1715719995119
1715720008815
1715720009060
1715720009249
1715720009544
1715720009908
1715720010290
1715720023838
1715720024073
1715720024281
1715720024616
1715720024929
1715720025209
1715720038924
1715720039163
1715720039353
1715720039607
1715720039893
1715720040218
1715720053860
1715720054069
1715720054281
1715720054544
1715720054896
1715720055291
1715720068978
1715720069205
1715720069415
1715720069610
1715720069910
1715720070353
1715720083884
1715720084107
1715720084279
1715720084646
1715720085061
1715720085296
1715720098819
1715720099047
1715720099228
1715720099516
1715720099900
1715720100329
1715720113903
1715720114126
1715720114332
1715720114661
1715720115132
1715720115287
1715720128804
1715720129059
1715720129288
1715720129564
1715720129928
1715720130182
1715720143952
1715720144144
1715720144312
1715720144628
1715720144911
1715720145238
1715720159033
1715720159282
1715720159484
1715720159872
1715720160341
1715720160531
1715720173851
1715720174096
1715720174280
1715720174562
1715720174872
1715720175299
1715720188909
1715720189108
1715720189302
1715720189572
1715720189856
1715720190217
1715720203909
1715720204127
1715720204295
1715720204577
1715720204877
1715720205279
1715720218866
1715720219121
1715720219310
1715720219617
1715720219990
1715720220267
1715720233892
1715720234134
1715720234335
1715720234793
1715720235006
1715720235242
1715720248926
1715720249143
1715720249348
1715720249618
1715720249903
1715720250389
1715720263935
1715720264178
1715720264379
1715720264682
1715720264981
1715720265319
1715720278908
1715720279151
1715720279383
1715720279648
1715720280088
1715720280360
1715720294037
1715720294256
1715720294426
1715720294622
1715720294954
1715720295344
1715720308914
1715720309167
1715720309358
1715720309676
1715720310054
1715720310308
1715720323911
1715720324148
1715720324349
1715720324677
1715720324985
1715720325250
1715720339026
1715720339279
1715720339504
1715720339736
1715720340066
1715720340416
1715720353928
1715720354151
1715720354312
1715720354533
1715720354831
1715720355283
1715720368953
1715720369264
1715720369476
1715720369831
1715720370101
1715720370399
1715720384064
1715720384346
1715720384577
1715720384801
1715720385200
1715720385525
1715720399032
1715720399256
1715720399406
1715720399611
1715720399897
1715720400359
1715720414051
1715720414307
1715720414469
1715720414768
1715720415106
1715720415452
1715720429148
1715720429387
1715720429581
1715720429858
1715720430212
1715720430566
1715720444068
1715720444280
1715720444505
1715720444797
1715720445144
1715720445425
1715720459032
1715720459292
1715720459449
1715720459768
1715720460100
1715720460327
1715720473981
1715720474198
1715720474391
1715720474670
1715720474969
1715720475320
1715720489026
1715720489266
1715720489455
1715720489677
1715720490028
1715720490241
1715720504005
1715720504260
1715720504434
1715720504747
1715720505050
1715720505306
1715720518960
1715720519209
1715720519416
1715720519644
1715720519948
1715720520183
1715720534051
1715720534276
1715720534489
1715720534715
1715720535001
1715720535349
1715720549072
1715720549294
1715720549512
1715720549800
1715720550164
1715720550445
1715720564081
1715720564324
1715720564546
1715720564831
1715720565110
1715720565417
1715720579064
1715720579264
1715720579437
1715720579742
1715720580068
1715720580455
1715720594045
1715720594283
1715720594493
1715720594749
1715720595092
1715720595384
1715720609144
1715720609372
1715720609571
1715720609830
1715720610183
1715720610487
1715720624135
1715720624379
1715720624570
1715720624861
1715720625200
1715720625531
1715720639021
1715720639312
1715720639469
1715720639697
1715720639987
1715720640305
1715720654207
1715720654440
1715720654649
1715720654898
1715720655175
1715720655518
1715720669294
1715720669469
1715720669750
1715720669996
1715720670301
1715720670516
1715720684119
1715720684346
1715720684539
1715720684818
1715720685128
1715720685480
1715720699233
1715720699467
1715720699598
1715720699841
1715720700132
1715720700656
1715720714097
1715720714333
1715720714517
1715720714788
1715720715057
1715720715310
1715720729126
1715720729380
1715720729615
1715720729961
1715720730289
1715720730624
1715720744152
1715720744373
1715720744574
1715720744849
1715720745171
1715720745515
1715720759168
1715720759418
1715720759587
1715720759876
1715720760199
1715720760644
1715720774097
1715720774346
1715720774595
1715720774971
1715720775198
1715720775539
1715720789154
1715720789384
1715720789547
1715720789857
1715720790109
1715720790415
1715720804071
1715720804326
1715720804513
1715720804807
1715720805168
1715720805452
1715720819232
1715720819485
1715720819668
1715720819953
1715720820318
1715720820656
1715720834247
1715720834505
1715720834721
1715720835000
1715720835500
1715720835773
1715720849230
1715720849462
1715720849653
1715720849922
1715720850239
1715720850554
1715720864172
1715720864438
1715720864635
1715720864890
1715720865162
1715720865512
1715720879120
1715720879368
1715720879572
1715720879851
1715720880180
1715720880612
1715720894230
1715720894485
1715720894675
1715720894972
1715720895467
1715720895740
1715720909298
1715720909552
1715720909744
1715720910076
1715720910398
1715720910680
1715720924224
1715720924446
1715720924662
1715720924937
1715720925295
1715720925549
1715720939254
1715720939519
1715720939750
1715720940138
1715720940440
1715720940810
1715720954207
1715720954469
1715720954689
1715720954939
1715720955270
1715720955664
1715720969437
1715720969695
1715720969992
1715720970313
1715720970580
1715720970736
1715720984174
1715720984418
1715720984604
1715720984916
1715720985214
1715720985449
1715720999233
1715720999488
1715720999675
1715720999872
1715721000124
1715721000541
1715721014281
1715721014562
1715721014758
1715721014957
1715721015275
1715721015627
1715721029199
1715721029453
1715721029576
1715721029797
1715721030054
1715721030443
1715721044241
1715721044471
1715721044671
1715721044942
1715721045280
1715721045603
1715721059331
1715721059581
1715721059811
1715721060082
1715721060344
1715721060604
1715721074303
1715721074535
1715721074775
1715721075062
1715721075427
1715721075707
1715721089292
1715721089540
1715721089741
1715721090059
1715721090488
1715721090729
1715721104387
1715721104639
1715721104799
1715721105083
1715721105434
1715721105753
1715721119240
1715721119503
1715721119706
1715721119958
1715721120298
1715721120638
1715721134317
1715721134550
1715721134704
1715721134889
1715721135110
1715721135464
1715721149352
1715721149590
1715721149761
1715721150079
1715721150343
1715721150714
1715721164298
1715721164540
1715721164747
1715721165020
1715721165305
1715721165751
1715721179333
1715721179562
1715721179764
1715721180058
1715721180345
1715721180697
1715721194306
1715721194540
1715721194743
1715721195026
1715721195396
1715721195711
1715721209331
1715721209567
1715721209778
1715721210025
1715721210374
1715721210769
1715721224223
1715721224487
1715721224716
1715721225129
1715721225368
1715721225645
1715721239298
1715721239551
1715721239722
1715721239998
1715721240364
1715721240658
1715721254323
1715721254544
1715721254794
1715721255074
1715721255434
1715721255771
1715721269372
1715721269619
1715721269816
1715721270094
1715721270445
1715721270737
1715721284381
1715721284587
1715721284758
1715721285026
1715721285312
1715721285714
1715721299398
1715721299637
1715721299788
1715721300030
1715721300268
1715721300650
1715721314438
1715721314671
1715721314863
1715721315127
1715721315412
1715721315713
1715721329370
1715721329615
1715721329784
1715721329981
1715721330269
1715721330678
1715721344347
1715721344604
1715721344801
1715721345054
1715721345353
1715721345782
1715721359357
1715721359599
1715721359816
1715721360124
1715721360621
1715721360739
1715721374342
1715721374605
1715721374748
1715721374991
1715721375255
1715721375681
1715721389369
1715721389643
1715721389839
1715721390119
1715721390478
1715721390812
1715721404457
1715721404692
1715721404936
1715721405149
1715721405454
1715721405812
1715721419518
1715721419742
1715721419973
1715721420264
1715721420614
1715721420911
1715721434338
1715721434562
1715721434770
1715721435091
1715721435347
1715721435690
1715721449355
1715721449611
1715721449815
1715721450016
1715721450334
1715721450732
1715721464494
1715721464744
1715721464906
1715721465154
1715721465461
1715721465869
1715721479355
1715721479609
1715721479814
1715721480066
1715721480399
1715721480830
1715721494460
1715721494685
1715721494908
1715721495104
1715721495417
1715721495751
1715721509510
1715721509760
1715721509975
1715721510283
1715721510767
1715721510931
1715721524367
1715721524593
1715721524775
1715721525051
1715721525273
1715721525671
1715721539434
1715721539671
1715721539905
1715721540176
1715721540532
1715721540925
1715721554495
1715721554744
1715721554956
1715721555319
1715721555666
1715721555928
1715721569411
1715721569694
1715721569899
1715721570109
1715721570477
1715721570905
1715721584528
1715721584781
1715721584941
1715721585117
1715721585381
1715721585715
1715721599513
1715721599786
1715721599978
1715721600273
1715721600675
1715721600978
1715721614502
1715721614724
1715721614951
1715721615188
1715721615473
1715721615816
1715721629400
1715721629649
1715721629872
1715721630162
1715721630435
1715721630754
1715721644556
1715721644815
1715721645053
1715721645321
1715721645645
1715721645957
1715721659485
1715721659762
1715721659885
1715721660102
1715721660371
1715721660744
1715721674522
1715721674773
1715721674948
1715721675142
1715721675520
1715721675880
1715721689558
1715721689792
1715721690017
1715721690325
1715721690728
1715721691021
1715721704599
1715721704833
1715721704997
1715721705196
1715721705511
1715721705966
1715721719489
1715721719715
1715721719892
1715721720129
1715721720435
1715721720900
1715721734583
1715721734821
1715721735004
1715721735264
1715721735572
1715721735944
1715721749555
1715721749804
1715721750005
1715721750245
1715721750616
1715721750906
1715721764459
1715721764694
1715721764917
1715721765190
1715721765506
1715721765829
1715721779590
1715721779835
1715721780061
1715721780359
1715721780747
1715721781014
1715721794532
1715721794793
1715721794961
1715721795129
1715721795370
1715721795699
1715721809506
1715721809736
1715721809969
1715721810257
1715721810519
1715721810863
1715721824517
1715721824747
1715721824964
1715721825354
1715721825613
1715721826000
1715721839577
1715721839827
1715721840004
1715721840321
1715721840669
1715721841088
1715721854606
1715721854849
1715721855073
1715721855401
1715721855740
1715721856078
1715721869801
1715721870031
1715721870223
1715721870634
1715721870941
1715721871125
1715721884654
1715721884908
1715721885130
1715721885472
1715721885730
1715721886041
1715721899615
1715721899842
1715721900083
1715721900361
1715721900856
1715721901127
1715721914669
1715721914920
1715721915155
1715721915408
1715721915841
1715721916213
1715721929617
1715721929884
1715721930026
1715721930300
1715721930653
1715721931003
1715721944580
1715721944830
1715721944983
1715721945301
1715721945562
1715721945805
1715721959655
1715721959927
1715721960151
1715721960505
1715721960937
1715721961116
1715721974576
1715721974802
1715721975014
1715721975273
1715721975549
1715721975907
1715721989528
1715721989814
1715721989989
1715721990264
1715721990549
1715721990870
1715722004575
1715722004865
1715722005073
1715722005363
1715722005636
1715722006006
1715722019523
1715722019780
1715722019965
1715722020269
1715722020583
1715722020824
1715722034551
1715722034809
1715722034971
1715722035270
1715722035602
1715722035927
1715722049676
1715722049934
1715722050112
1715722050314
1715722050594
1715722050980
1715722064619
1715722064849
1715722065008
1715722065180
1715722065467
1715722065926
1715722079598
1715722079854
1715722080159
1715722080480
1715722080914
1715722081170
1715722094698
1715722094977
1715722095127
1715722095301
1715722095572
1715722096101
1715722109658
1715722109792
1715722109993
1715722110208
1715722110515
1715722110795
1715722124701
1715722124933
1715722125090
1715722125315
1715722125620
1715722126033
1715722139781
1715722140055
1715722140231
1715722140395
1715722140734
1715722141225
1715722154610
1715722154863
1715722155062
1715722155433
1715722155740
1715722155985
1715722169698
1715722169952
1715722170245
1715722170520
1715722170865
1715722171128
1715722184720
1715722184967
1715722185176
1715722185458
1715722185800
1715722186127
1715722199724
1715722199981
1715722200174
1715722200395
1715722200729
1715722201057
1715722214701
1715722214970
1715722215246
1715722215580
1715722215857
1715722216225
1715722229759
1715722230006
1715722230157
1715722230314
1715722230645
1715722230984
1715722244589
1715722244824
1715722245057
1715722245347
1715722245730
1715722245991
1715722259721
1715722259977
1715722260168
1715722260469
1715722260712
1715722261093
1715722274751
1715722274979
1715722275158
1715722275451
1715722275779
1715722276123
1715722289708
1715722289992
1715722290304
1715722290630
1715722290895
1715722291244
1715722304785
1715722305050
1715722305286
1715722305548
1715722305904
1715722306304
1715722319826
1715722320100
1715722320288
1715722320554
1715722321022
1715722321287
1715722334768
1715722334999
1715722335186
1715722335458
1715722335724
1715722335957
1715722349793
1715722350004
1715722350269
1715722350604
1715722351021
1715722351358
1715722364843
1715722365094
1715722365275
1715722365485
1715722365694
1715722366163
1715722379734
1715722379966
1715722380167
1715722380388
1715722380767
1715722381106
1715722394772
1715722395004
1715722395201
1715722395463
1715722395781
1715722396107
1715722409889
1715722410118
1715722410319
1715722410578
1715722410922
1715722411256
1715722424709
1715722424935
1715722425141
1715722425437
1715722425732
1715722426065
1715722439745
1715722439995
1715722440208
1715722440495
1715722440836
1715722441179
1715722454835
1715722455082
1715722455288
1715722455577
1715722455985
1715722456262
1715722469838
1715722470074
1715722470312
1715722470751
1715722470972
1715722471249
1715722484819
1715722485064
1715722485239
1715722485518
1715722485844
1715722486166
1715722499849
1715722500099
1715722500320
1715722500502
1715722500864
1715722501225
1715722514787
1715722515020
1715722515233
1715722515562
1715722515857
1715722516196
1715722529893
1715722530136
1715722530299
1715722530571
1715722530886
1715722531250
1715722544871
1715722545125
1715722545321
1715722545586
1715722545805
1715722546126
1715722559788
1715722560056
1715722560261
1715722560485
1715722560785
1715722561209
1715722574849
1715722575102
1715722575296
1715722575555
1715722575942
1715722576219
1715722589893
1715722590169
1715722590366
1715722590661
1715722590993
1715722591392
1715722604838
1715722605087
1715722605275
1715722605546
1715722605855
1715722606301
1715722619938
1715722620226
1715722620446
1715722620691
1715722621066
1715722621337
1715722634869
1715722635102
1715722635306
1715722635577
1715722635920
1715722636247
1715722649861
1715722650089
1715722650268
1715722650629
1715722650986
1715722651319
1715722664881
1715722665084
1715722665303
1715722665598
1715722665884
1715722666189
1715722679854
1715722680127
1715722680316
1715722680735
1715722681009
1715722681296
1715722694880
1715722695108
1715722695314
1715722695662
1715722695987
1715722696371
1715722709906
1715722710143
1715722710399
1715722710660
1715722710984
1715722711366
1715722724919
1715722725165
1715722725348
1715722725553
1715722725984
1715722726381
1715722739920
1715722740194
1715722740423
1715722740691
1715722741102
1715722741456
1715722754880
1715722755123
1715722755330
1715722755641
1715722755955
1715722756259
1715722770057
1715722770259
1715722770552
1715722770880
1715722771163
1715722771333
1715722784899
1715722785156
1715722785354
1715722785649
1715722785985
1715722786277
1715722799875
1715722800123
1715722800330
1715722800475
1715722800786
1715722801219
1715722815027
1715722815282
1715722815439
1715722815747
1715722816024
1715722816372
1715722829922
1715722830200
1715722830393
1715722830656
1715722830918
1715722831262
1715722844940
1715722845193
1715722845429
1715722845846
1715722846095
1715722846388
1715722859989
1715722860277
1715722860501
1715722860760
1715722861102
1715722861379
1715722874882
1715722875133
1715722875294
1715722875554
1715722875837
1715722876098
1715722889931
1715722890195
1715722890359
1715722890567
1715722890815
1715722891164
1715722905025
1715722905280
1715722905542
1715722905769
1715722906096
1715722906493
1715722920016
1715722920257
1715722920454
1715722920823
1715722921237
1715722921412
1715722934902
1715722935121
1715722935324
1715722935477
1715722935674
1715722936044
1715722949980
1715722950250
1715722950407
1715722950663
1715722950973
1715722951301
1715722964924
1715722965182
1715722965398
1715722965825
1715722966065
1715722966344
1715722979953
1715722980220
1715722980439
1715722980708
1715722981084
1715722981501
1715722995004
1715722995227
1715722995430
1715722995676
1715722995964
1715722996232
1715723009941
1715723010191
1715723010433
1715723010822
1715723011136
1715723011402
1715723024890
1715723025141
1715723025338
1715723025626
1715723025892
1715723026291
1715723039974
1715723040277
1715723040476
1715723040730
1715723041235
1715723041474
1715723054981
1715723055200
1715723055391
1715723055700
1715723056009
1715723056271
1715723070030
1715723070272
1715723070447
1715723070722
1715723071139
1715723071413
1715723085137
1715723085395
1715723085575
1715723085767
1715723086157
1715723086449
1715723099963
1715723100194
1715723100382
1715723100726
1715723101072
1715723101334
1715723115049
1715723115305
1715723115507
1715723115902
1715723116271
1715723116624
1715723130135
1715723130390
1715723130593
1715723130945
1715723131249
1715723131625
1715723145046
1715723145269
1715723145462
1715723145758
1715723145991
1715723146271
1715723160087
1715723160362
1715723160563
1715723160966
1715723161244
1715723161648
1715723175164
1715723175408
1715723175600
1715723175851
1715723176225
1715723176481
1715723190141
1715723190350
1715723190546
1715723190824
1715723191234
1715723191583
1715723205084
1715723205348
1715723205590
1715723205767
1715723206095
1715723206394
1715723220194
1715723220434
1715723220667
1715723220953
1715723221339
1715723221694
1715723235015
1715723235242
1715723235446
1715723235733
1715723235998
1715723236398
1715723250164
1715723250433
1715723250612
1715723250860
1715723251286
1715723251678
1715723265107
1715723265371
1715723265512
1715723265734
1715723266018
1715723266314
1715723280128
1715723280352
1715723280564
1715723280780
1715723281150
1715723281634
1715723295086
1715723295342
1715723295628
1715723295953
1715723296219
1715723296478
1715723310213
1715723310483
1715723310700
1715723310965
1715723311288
1715723311621
1715723325138
1715723325338
1715723325555
1715723325869
1715723326168
1715723326523
1715723340159
1715723340430
1715723340634
1715723340855
1715723341200
1715723341484
1715723355162
1715723355413
1715723355623
1715723355844
1715723356108
1715723356396
1715723370312
1715723370559
1715723370873
1715723371294
1715723371696
1715723371897
1715723385172
1715723385405
1715723385589
1715723385797
1715723386085
1715723386541
1715723400237
1715723400507
1715723400650
1715723400924
1715723401229
1715723401624
1715723415114
1715723415336
1715723415500
1715723415844
1715723416171
1715723416574
1715723430181
1715723430428
1715723430633
1715723430854
1715723431124
1715723431375
1715723445237
1715723445470
1715723445664
1715723445973
1715723446363
1715723446637
1715723460235
1715723460502
1715723460699
1715723461036
1715723461355
1715723461626
1715723475237
1715723475507
1715723475726
1715723475972
1715723476375
1715723476646
1715723490282
1715723490530
1715723490736
1715723490924
1715723491210
1715723491626
1715723505202
1715723505461
1715723505669
1715723506011
1715723506329
1715723506655
1715723520262
1715723520481
1715723520679
1715723520983
1715723521378
1715723521772
1715723535242
1715723535479
1715723535682
1715723535955
1715723536311
1715723536642
1715723550165
1715723550410
1715723550632
1715723550891
1715723551226
1715723551535
1715723565224
1715723565478
1715723565656
1715723565969
1715723566351
1715723566705
1715723580326
1715723580536
1715723580737
1715723581034
1715723581359
1715723581733
1715723595207
1715723595432
1715723595595
1715723595934
1715723596177
1715723596474
1715723610196
1715723610445
1715723610730
1715723611032
1715723611355
1715723611720
1715723625254
1715723625515
1715723625712
1715723625903
1715723626041
1715723626234
1715723640188
1715723640454
1715723640601
1715723640878
1715723641231
1715723641626
1715723655218
1715723655451
1715723655617
1715723655878
1715723656211
1715723656685
1715723670526
1715723670764
1715723670972
1715723671258
1715723671634
1715723671778
1715723685200
1715723685546
1715723685766
1715723686091
1715723686550
1715723686785
1715723700322
1715723700582
1715723700745
1715723700987
1715723701316
1715723701657
1715723715416
1715723715664
1715723715877
1715723716098
1715723716453
1715723716771
1715723730290
1715723730501
1715723730718
1715723731035
1715723731318
1715723731761
1715723745314
1715723745524
1715723745750
1715723746053
1715723746401
1715723746694
1715723760366
1715723760679
1715723760874
1715723761212
1715723761514
1715723761847
1715723775288
1715723775521
1715723775742
1715723775966
1715723776251
1715723776505
1715723790288
1715723790553
1715723790855
1715723791164
1715723791657
1715723791797
1715723805333
1715723805559
1715723805780
1715723806040
1715723806263
1715723806568
1715723820278
1715723820517
1715723820713
1715723820988
1715723821288
1715723821522
1715723835313
1715723835575
1715723835761
1715723836160
1715723836549
1715723836746
1715723850349
1715723850582
1715723850772
1715723851014
1715723851283
1715723851650
1715723865305
1715723865536
1715723865730
1715723866005
1715723866261
1715723866506
1715723880391
1715723880605
1715723880770
1715723880965
1715723881270
1715723881771
1715723895430
1715723895671
1715723895857
1715723896150
1715723896471
1715723896808
1715723910377
1715723910612
1715723910777
1715723911015
1715723911323
1715723911697
1715723925293
1715723925620
1715723925829
1715723926135
1715723926498
1715723926743
1715723940454
1715723940704
1715723940845
1715723941102
1715723941411
1715723941733
1715723955295
1715723955545
1715723955755
1715723956037
1715723956405
1715723956718
1715723970333
1715723970805
1715723971095
1715723971488
1715723971855
1715723972059
1715723985383
1715723985624
1715723985827
1715723986118
1715723986489
1715723986869
1715724000344
1715724000601
1715724000799
1715724001153
1715724001477
1715724001767
1715724015354
1715724015605
1715724015818
1715724016088
1715724016455
1715724016744
1715724030362
1715724030619
1715724030815
1715724031122
1715724031438
1715724031761
1715724045453
1715724045701
1715724045892
1715724046159
1715724046479
1715724046749
1715724060462
1715724060672
1715724060866
1715724061283
1715724061575
1715724061975
1715724075389
1715724075642
1715724075813
1715724076043
1715724076350
1715724076770
1715724090432
1715724090680
1715724090866
1715724091139
1715724091528
1715724091794
1715724105467
1715724105715
1715724105923
1715724106108
1715724106347
1715724106818
1715724120530
1715724120782
1715724120975
1715724121262
1715724121615
1715724121907
1715724135439
1715724135693
1715724136016
1715724136270
1715724136558
1715724136935
1715724150470
1715724150695
1715724150958
1715724151238
1715724151473
1715724151798
1715724165510
1715724165777
1715724165975
1715724166105
1715724166361
1715724166981
1715724180471
1715724180688
1715724180868
1715724181106
1715724181367
1715724181746
1715724195422
1715724195680
1715724195903
1715724196147
1715724196428
1715724196772
1715724210538
1715724210775
1715724210981
1715724211161
1715724211463
1715724211926
1715724225515
1715724225753
1715724225966
1715724226199
1715724226504
1715724226863
1715724240426
1715724240703
1715724240896
1715724241184
1715724241440
1715724241676
1715724255403
1715724255660
1715724255877
1715724256037
1715724256380
1715724256748
1715724270528
1715724270764
1715724270925
1715724271121
1715724271492
1715724271891
1715724285542
1715724285791
1715724285970
1715724286162
1715724286411
1715724286901
1715724300631
1715724300879
1715724301040
1715724301370
1715724301703
1715724301923
1715724315456
1715724315718
1715724315931
1715724316106
1715724316425
1715724316753
1715724330430
1715724330665
1715724330862
1715724331235
1715724331539
1715724331795
1715724345517
1715724345750
1715724345948
1715724346320
1715724346578
1715724346869
1715724360472
1715724360722
1715724360927
1715724361119
1715724361450
1715724361857
1715724375470
1715724375683
1715724375968
1715724376265
1715724376574
1715724376843
1715724390683
1715724390942
1715724391105
1715724391270
1715724391601
1715724392021
1715724405521
1715724405792
1715724405983
1715724406186
1715724406475
1715724406911
1715724420554
1715724420823
1715724421121
1715724421465
1715724421680
1715724422041
1715724435724
1715724435963
1715724436186
1715724436532
1715724436915
1715724437207
1715724450580
1715724450797
1715724450996
1715724451190
1715724451549
1715724451861
1715724465443
1715724465575
1715724465873
1715724466088
1715724466356
1715724466663
1715724480632
1715724480865
1715724481143
1715724481442
1715724481718
1715724481933
1715724495572
1715724495820
1715724496034
1715724496283
1715724496527
1715724496837
1715724510566
1715724510816
1715724511101
1715724511431
1715724511754
1715724512011
1715724525664
1715724525902
1715724526064
1715724526234
1715724526560
1715724526988
1715724540652
1715724540899
1715724541042
1715724541289
1715724541692
1715724542142
1715724555550
1715724555794
1715724556054
1715724556338
1715724556707
1715724557049
1715724570606
1715724570857
1715724571081
1715724571318
1715724571621
1715724571946
1715724585590
1715724585830
1715724586037
1715724586313
1715724586638
1715724586936
1715724600588
1715724600864
1715724601062
1715724601305
1715724601582
1715724601947
1715724615670
1715724615913
1715724616123
1715724616336
1715724616607
1715724617043
1715724630596
1715724630848
1715724631052
1715724631228
1715724631505
1715724631764
1715724645543
1715724645808
1715724646054
1715724646336
1715724646717
1715724647006
1715724660687
1715724660938
1715724661085
1715724661299
1715724661679
1715724662115
1715724675571
1715724675858
1715724676056
1715724676329
1715724676681
1715724677027
1715724690648
1715724690892
1715724691065
1715724691284
1715724691570
1715724691922
1715724705634
1715724705881
1715724706086
1715724706305
1715724706682
1715724707024
1715724720528
1715724720783
1715724720988
1715724721248
1715724721635
1715724721923
1715724735634
1715724735914
1715724736108
1715724736373
1715724736740
1715724737116
1715724750709
1715724750952
1715724751197
1715724751428
1715724751864
1715724752224
1715724765672
1715724765924
1715724766155
1715724766477
1715724766750
1715724767028
1715724780613
1715724780847
1715724781069
1715724781360
1715724781732
1715724782000
1715724795720
1715724795948
1715724796152
1715724796327
1715724796614
1715724797052
1715724810620
1715724810839
1715724811081
1715724811458
1715724811703
1715724811982
1715724825623
1715724825887
1715724826089
1715724826359
1715724826727
1715724827049
1715724840782
1715724841004
1715724841237
1715724841383
1715724841688
1715724842119
1715724855561
1715724855825
1715724856058
1715724856320
1715724856707
1715724856987
1715724870858
1715724871045
1715724871357
1715724871639
1715724871993
1715724872231
1715724885676
1715724885903
1715724886109
1715724886387
1715724886723
1715724886998
1715724900743
1715724901005
1715724901199
1715724901493
1715724901846
1715724902173
1715724915781
1715724916033
1715724916187
1715724916503
1715724916749
1715724917054
1715724930833
1715724931105
1715724931273
1715724931593
1715724931911
1715724932269
1715724945704
1715724945975
1715724946175
1715724946445
1715724946770
1715724947136
1715724960718
1715724960987
1715724961191
1715724961492
1715724961782
1715724962134
1715724975744
1715724976004
1715724976228
1715724976390
1715724976669
1715724977232
1715724990734
1715724991010
1715724991198
1715724991502
1715724991789
1715724992203
1715725005728
1715725005965
1715725006179
1715725006385
1715725006658
1715725007116
1715725020785
1715725021009
1715725021211
1715725021486
1715725021747
1715725022094
1715725035652
1715725035900
1715725036090
1715725036290
1715725036457
1715725036811
1715725050729
1715725050959
1715725051177
1715725051563
1715725051859
1715725052155
1715725065695
1715725065926
1715725066137
1715725066414
1715725066788
1715725067087
1715725080766
1715725080997
1715725081207
1715725081466
1715725081822
1715725082129
1715725095737
1715725095988
1715725096185
1715725096520
1715725096883
1715725097216
1715725110800
1715725111037
1715725111240
1715725111558
1715725111969
1715725112312
1715725125715
1715725125972
1715725126227
1715725126609
1715725126849
1715725127168
1715725140730
1715725140966
1715725141157
1715725141360
1715725141685
1715725142134
1715725155909
1715725156141
1715725156332
1715725156633
1715725156981
1715725157329
1715725170723
1715725170954
1715725171139
1715725171343
1715725171641
1715725172064
1715725185789
1715725186060
1715725186255
1715725186523
1715725186878
1715725187178
1715725200979
1715725201219
1715725201483
1715725201801
1715725202159
1715725202456
1715725215911
1715725216133
1715725216378
1715725216661
1715725217031
1715725217436
1715725230880
1715725231122
1715725231306
1715725231685
1715725231977
1715725232379
1715725245925
1715725246177
1715725246441
1715725246749
1715725247038
1715725247443
1715725260892
1715725261107
1715725261315
1715725261580
1715725261886
1715725262249
1715725275900
1715725276157
1715725276488
1715725276833
1715725277112
1715725277380
1715725290859
1715725291107
1715725291303
1715725291635
1715725292018
1715725292269
1715725305844
1715725306112
1715725306302
1715725306606
1715725306886
1715725307293
1715725320903
1715725321143
1715725321311
1715725321530
1715725321739
1715725322167
1715725335860
1715725336085
1715725336296
1715725336501
1715725336819
1715725337254
1715725350780
1715725351027
1715725351206
1715725351563
1715725351852
1715725352164
1715725365873
1715725366132
1715725366320
1715725366542
1715725366859
1715725367246
1715725380983
1715725381224
1715725381433
1715725381790
1715725382230
1715725382479
1715725395834
1715725396070
1715725396272
1715725396446
1715725396716
1715725397196
1715725410900
1715725411135
1715725411326
1715725411624
1715725412000
1715725412289
1715725425892
1715725426143
1715725426354
1715725426713
1715725427163
1715725427316
1715725440860
1715725441087
1715725441319
1715725441663
1715725442085
1715725442269
1715725455929
1715725456173
1715725456337
1715725456568
1715725456844
1715725457338
1715725470999
1715725471367
1715725471573
1715725471892
1715725472184
1715725472474
1715725485822
1715725486065
1715725486289
1715725486587
1715725486829
1715725487216
1715725500897
1715725501166
1715725501322
1715725501629
1715725501900
1715725502247
1715725515992
1715725516281
1715725516474
1715725516745
1715725517234
1715725517518
