1715710524979
1715710525316
1715710525530
1715710525680
1715710525850
1715710525967
1715710539910
1715710540259
1715710540447
1715710540606
1715710540861
1715710541190
1715710554875
1715710555233
1715710555439
1715710555613
1715710555907
1715710556193
1715710570022
1715710570379
1715710570575
1715710570748
1715710571113
1715710571436
1715710584940
1715710585269
1715710585500
1715710585691
1715710585976
1715710586270
1715710599889
1715710600176
1715710600394
1715710600651
1715710600813
1715710601040
1715710614803
1715710615131
1715710615333
1715710615491
1715710615742
1715710615880
1715710629916
1715710630226
1715710630455
1715710630620
1715710630843
1715710631147
1715710644922
1715710645240
1715710645458
1715710645597
1715710645887
1715710646080
1715710660043
1715710660379
1715710660626
1715710660795
1715710660927
1715710661153
1715710674985
1715710675341
1715710675554
1715710675755
1715710675990
1715710676290
1715710690007
1715710690320
1715710690543
1715710690734
1715710690917
1715710691037
1715710705010
1715710705314
1715710705544
1715710705730
1715710705938
1715710706274
1715710720012
1715710720330
1715710720550
1715710720805
1715710721086
1715710721310
1715710734969
1715710735296
1715710735561
1715710735799
1715710736090
1715710736362
1715710750030
1715710750365
1715710750565
1715710750719
1715710750883
1715710751148
1715710765155
1715710765446
1715710765622
1715710765868
1715710766172
1715710766374
1715710779994
1715710780346
1715710780573
1715710780730
1715710780891
1715710781236
1715710795026
1715710795356
1715710795587
1715710795746
1715710795987
1715710796325
1715710810152
1715710810444
1715710810676
1715710810852
1715710811028
1715710811375
1715710824978
1715710825307
1715710825515
1715710825658
1715710825900
1715710826235
1715710839989
1715710840318
1715710840539
1715710840744
1715710841043
1715710841398
1715710854929
1715710855274
1715710855481
1715710855662
1715710855938
1715710856172
1715710870069
1715710870388
1715710870586
1715710870766
1715710871000
1715710871355
1715710885142
1715710885463
1715710885688
1715710885818
1715710885957
1715710886053
1715710900000
1715710900357
1715710900566
1715710900783
1715710900998
1715710901267
1715710915064
1715710915392
1715710915588
1715710915811
1715710916053
1715710916352
1715710930018
1715710930356
1715710930567
1715710930700
1715710930976
1715710931274
1715710944947
1715710945278
1715710945486
1715710945670
1715710945904
1715710946188
1715710960127
1715710960448
1715710960695
1715710960881
1715710961167
1715710961465
1715710975143
1715710975440
1715710975671
1715710975841
1715710975976
1715710976134
1715710990089
1715710990431
1715710990656
1715710990824
1715710991057
1715710991377
1715711005082
1715711005422
1715711005628
1715711005859
1715711006106
1715711006377
1715711020157
1715711020493
1715711020733
1715711020998
1715711021275
1715711021498
1715711035069
1715711035434
1715711035648
1715711035890
1715711036168
1715711036463
1715711050149
1715711050468
1715711050697
1715711050830
1715711051041
1715711051400
1715711065307
1715711065641
1715711065857
1715711066092
1715711066212
1715711066404
1715711080126
1715711080442
1715711080647
1715711080826
1715711081062
1715711081377
1715711095181
1715711095486
1715711095718
1715711095906
1715711096077
1715711096341
1715711110211
1715711110524
1715711110745
1715711110908
1715711111231
1715711111464
1715711125158
1715711125467
1715711125736
1715711125908
1715711126153
1715711126524
1715711140221
1715711140572
1715711140774
1715711140955
1715711141128
1715711141447
1715711155191
1715711155536
1715711155751
1715711155899
1715711156143
1715711156448
1715711170145
1715711170461
1715711170677
1715711170868
1715711171098
1715711171394
1715711185164
1715711185479
1715711185729
1715711185908
1715711186212
1715711186523
1715711200218
1715711200567
1715711200806
1715711200956
1715711201356
1715711201605
1715711215130
1715711215470
1715711215664
1715711215855
1715711216039
1715711216374
1715711230147
1715711230465
1715711230685
1715711230849
1715711231090
1715711231410
1715711245237
1715711245551
1715711245784
1715711245959
1715711246167
1715711246400
1715711260217
1715711260486
1715711260708
1715711260919
1715711261142
1715711261399
1715711275183
1715711275507
1715711275733
1715711275896
1715711276111
1715711276453
1715711290282
1715711290577
1715711290803
1715711290971
1715711291238
1715711291518
1715711305111
1715711305473
1715711305674
1715711305824
1715711306062
1715711306415
1715711320273
1715711320607
1715711320846
1715711321048
1715711321259
1715711321562
1715711335211
1715711335533
1715711335795
1715711335963
1715711336254
1715711336568
1715711350183
1715711350528
1715711350736
1715711350914
1715711351207
1715711351503
1715711365289
1715711365621
1715711365837
1715711365983
1715711366251
1715711366523
1715711380286
1715711380626
1715711380854
1715711381014
1715711381367
1715711381693
1715711395192
1715711395516
1715711395718
1715711395901
1715711396142
1715711396434
1715711410238
1715711410585
1715711410812
1715711411092
1715711411318
1715711411516
1715711425276
1715711425591
1715711425809
1715711425945
1715711426152
1715711426453
1715711440247
1715711440576
1715711440808
1715711440991
1715711441222
1715711441561
1715711455337
1715711455673
1715711455893
1715711456142
1715711456444
1715711456778
1715711470293
1715711470624
1715711470847
1715711471061
1715711471280
1715711471606
1715711485143
1715711485472
1715711485746
1715711485948
1715711486331
1715711486538
1715711500271
1715711500600
1715711500808
1715711500990
1715711501205
1715711501439
1715711515297
1715711515628
1715711515854
1715711516036
1715711516298
1715711516581
1715711530238
1715711530556
1715711530785
1715711530978
1715711531275
1715711531548
1715711545360
1715711545691
1715711545955
1715711546113
1715711546267
1715711546473
1715711560302
1715711560626
1715711560839
1715711561015
1715711561360
1715711561582
1715711575233
1715711575552
1715711575768
1715711575979
1715711576240
1715711576514
1715711590274
1715711590598
1715711590820
1715711591029
1715711591242
1715711591447
1715711605358
1715711605698
1715711605933
1715711606118
1715711606339
1715711606633
1715711620361
1715711620653
1715711620857
1715711621002
1715711621187
1715711621280
1715711635356
1715711635667
1715711635905
1715711636086
1715711636326
1715711636603
1715711650422
1715711650763
1715711650971
1715711651150
1715711651354
1715711651656
1715711665559
1715711665859
1715711666061
1715711666266
1715711666533
1715711666785
1715711680285
1715711680572
1715711680802
1715711680946
1715711681221
1715711681541
1715711695455
1715711695802
1715711696034
1715711696247
1715711696372
1715711696621
1715711710393
1715711710714
1715711710947
1715711711129
1715711711362
1715711711667
1715711725394
1715711725730
1715711725993
1715711726196
1715711726383
1715711726700
1715711740357
1715711740722
1715711740932
1715711741091
1715711741303
1715711741624
1715711755300
1715711755596
1715711755851
1715711756066
1715711756320
1715711756557
1715711770438
1715711770756
1715711770987
1715711771143
1715711771298
1715711771421
1715711785368
1715711785687
1715711785905
1715711786097
1715711786364
1715711786663
1715711800405
1715711800736
1715711800950
1715711801222
1715711801562
1715711801759
1715711815359
1715711815699
1715711815926
1715711816111
1715711816349
1715711816653
1715711830429
1715711830748
1715711830972
1715711831135
1715711831395
1715711831635
1715711845373
1715711845708
1715711845935
1715711846069
1715711846292
1715711846633
1715711860331
1715711860644
1715711860910
1715711861050
1715711861246
1715711861602
1715711875506
1715711875820
1715711876046
1715711876220
1715711876439
1715711876746
1715711890508
1715711890792
1715711891005
1715711891175
1715711891369
1715711891685
1715711905412
1715711905743
1715711905992
1715711906171
1715711906388
1715711906635
1715711920515
1715711920851
1715711921075
1715711921249
1715711921429
1715711921670
1715711935464
1715711935763
1715711935975
1715711936132
1715711936309
1715711936655
1715711950396
1715711950760
1715711950991
1715711951145
1715711951426
1715711951729
1715711965519
1715711965832
1715711966021
1715711966169
1715711966365
1715711966699
1715711980333
1715711980627
1715711980837
1715711981034
1715711981323
1715711981609
1715711995529
1715711995845
1715711996091
1715711996308
1715711996612
1715711996966
1715712010534
1715712010817
1715712011036
1715712011224
1715712011445
1715712011778
1715712025383
1715712025699
1715712025944
1715712026145
1715712026327
1715712026649
1715712040567
1715712040892
1715712041093
1715712041283
1715712041510
1715712041822
1715712055525
1715712055817
1715712056061
1715712056289
1715712056510
1715712056752
1715712070490
1715712070824
1715712071039
1715712071204
1715712071490
1715712071799
1715712085431
1715712085775
1715712085995
1715712086153
1715712086343
1715712086671
1715712100555
1715712100876
1715712101074
1715712101245
1715712101395
1715712101742
1715712115484
1715712115806
1715712116039
1715712116253
1715712116491
1715712116803
1715712130533
1715712130824
1715712131041
1715712131243
1715712131483
1715712131743
1715712145559
1715712145891
1715712146105
1715712146301
1715712146522
1715712146856
1715712160557
1715712160845
1715712161093
1715712161246
1715712161428
1715712161754
1715712175562
1715712175893
1715712176113
1715712176313
1715712176657
1715712176960
1715712190625
1715712190940
1715712191151
1715712191303
1715712191521
1715712191839
1715712205414
1715712205736
1715712205941
1715712206206
1715712206387
1715712206707
1715712220622
1715712220950
1715712221223
1715712221399
1715712221522
1715712221803
1715712235640
1715712235952
1715712236170
1715712236357
1715712236610
1715712236883
1715712250632
1715712250969
1715712251179
1715712251360
1715712251650
1715712251973
1715712265629
1715712265923
1715712266173
1715712266384
1715712266618
1715712266954
1715712280581
1715712280910
1715712281134
1715712281300
1715712281488
1715712281911
1715712295528
1715712295836
1715712296093
1715712296368
1715712296649
1715712296958
1715712310520
1715712310859
1715712311076
1715712311305
1715712311649
1715712311934
1715712325621
1715712325942
1715712326179
1715712326395
1715712326640
1715712326944
1715712340646
1715712340961
1715712341215
1715712341429
1715712341694
1715712341995
1715712355557
1715712355853
1715712356070
1715712356276
1715712356591
1715712356948
1715712370625
1715712370940
1715712371161
1715712371404
1715712371638
1715712371873
1715712385530
1715712385862
1715712386096
1715712386398
1715712386645
1715712386965
1715712400603
1715712400929
1715712401158
1715712401367
1715712401610
1715712401916
1715712415671
1715712416018
1715712416227
1715712416449
1715712416724
1715712417100
1715712430563
1715712430894
1715712431111
1715712431305
1715712431676
1715712432005
1715712445574
1715712445860
1715712446102
1715712446276
1715712446542
1715712446984
1715712460697
1715712461043
1715712461249
1715712461421
1715712461610
1715712461932
1715712475607
1715712475926
1715712476142
1715712476404
1715712476674
1715712476883
1715712490669
1715712490988
1715712491222
1715712491456
1715712491826
1715712492153
1715712505725
1715712506070
1715712506400
1715712506582
1715712506800
1715712507180
1715712520667
1715712520959
1715712521199
1715712521444
1715712521757
1715712522066
1715712535670
1715712536048
1715712536357
1715712536640
1715712536925
1715712537302
1715712550724
1715712551028
1715712551260
1715712551477
1715712551773
1715712552128
1715712565622
1715712565968
1715712566172
1715712566398
1715712566795
1715712567054
1715712580633
1715712580958
1715712581259
1715712581558
1715712581861
1715712582121
1715712595581
1715712595901
1715712596147
1715712596341
1715712596623
1715712596939
1715712610623
1715712610939
1715712611193
1715712611416
1715712611688
1715712612095
1715712625636
1715712625975
1715712626235
1715712626424
1715712626859
1715712627247
1715712640676
1715712641012
1715712641239
1715712641448
1715712641744
1715712642123
1715712655721
1715712656058
1715712656280
1715712656492
1715712656767
1715712657149
1715712670779
1715712671110
1715712671351
1715712671520
1715712671729
1715712671946
1715712685667
1715712686002
1715712686210
1715712686456
1715712686679
1715712686970
1715712700664
1715712700995
1715712701239
1715712701478
1715712701769
1715712702097
1715712715686
1715712716014
1715712716242
1715712716441
1715712716827
1715712717251
1715712730745
1715712731060
1715712731289
1715712731494
1715712731769
1715712732082
1715712745720
1715712746064
1715712746298
1715712746518
1715712746895
1715712747207
1715712760687
1715712761004
1715712761229
1715712761436
1715712761666
1715712762090
1715712775807
1715712776141
1715712776382
1715712776578
1715712776755
1715712777110
1715712790762
1715712791105
1715712791317
1715712791539
1715712791833
1715712792213
1715712805754
1715712806098
1715712806384
1715712806699
1715712806997
1715712807358
1715712820815
1715712821128
1715712821375
1715712821614
1715712821938
1715712822361
1715712835784
1715712836129
1715712836364
1715712836593
1715712836998
1715712837276
1715712850786
1715712851106
1715712851357
1715712851540
1715712851739
1715712851962
1715712865989
1715712866312
1715712866563
1715712866825
1715712867204
1715712867500
1715712880742
1715712881056
1715712881291
1715712881527
1715712881879
1715712882156
1715712895742
1715712896070
1715712896272
1715712896475
1715712896811
1715712897158
1715712910815
1715712911140
1715712911374
1715712911639
1715712912008
1715712912364
1715712925802
1715712926123
1715712926357
1715712926583
1715712926956
1715712927186
1715712940765
1715712941057
1715712941344
1715712941518
1715712941817
1715712942152
1715712955862
1715712956153
1715712956387
1715712956602
1715712956921
1715712957230
1715712970862
1715712971162
1715712971413
1715712971632
1715712971892
1715712972284
1715712985805
1715712986126
1715712986367
1715712986568
1715712987059
1715712987405
1715713000875
1715713001188
1715713001409
1715713001598
1715713001867
1715713002176
1715713015796
1715713016141
1715713016389
1715713016621
1715713016853
1715713017239
1715713030836
1715713031159
1715713031412
1715713031641
1715713031950
1715713032263
1715713045975
1715713046316
1715713046540
1715713046725
1715713046862
1715713047051
1715713060901
1715713061234
1715713061482
1715713061701
1715713061939
1715713062297
1715713075807
1715713076135
1715713076369
1715713076610
1715713076914
1715713077207
1715713090945
1715713091249
1715713091477
1715713091686
1715713091938
1715713092309
1715713105864
1715713106181
1715713106388
1715713106621
1715713106926
1715713107297
1715713120847
1715713121212
1715713121429
1715713121609
1715713121888
1715713122301
1715713135963
1715713136296
1715713136397
1715713136625
1715713136864
1715713137126
1715713150877
1715713151211
1715713151506
1715713151780
1715713152055
1715713152357
1715713165887
1715713166228
1715713166421
1715713166659
1715713166964
1715713167313
1715713180923
1715713181265
1715713181481
1715713181696
1715713181965
1715713182307
1715713195970
1715713196272
1715713196497
1715713196683
1715713196869
1715713197224
1715713210983
1715713211307
1715713211522
1715713211721
1715713212016
1715713212320
1715713225876
1715713226231
1715713226461
1715713226683
1715713226957
1715713227326
1715713240894
1715713241231
1715713241455
1715713241693
1715713241959
1715713242384
1715713256035
1715713256341
1715713256550
1715713256763
1715713256926
1715713257032
1715713270982
1715713271322
1715713271610
1715713271911
1715713272254
1715713272623
1715713285865
1715713286206
1715713286444
1715713286674
1715713287047
1715713287355
1715713300974
1715713301328
1715713301629
1715713301886
1715713302196
1715713302516
1715713315987
1715713316312
1715713316641
1715713316816
1715713317105
1715713317406
1715713330938
1715713331268
1715713331403
1715713331676
1715713331899
1715713332151
1715713345846
1715713346206
1715713346495
1715713346719
1715713347028
1715713347405
1715713361028
1715713361352
1715713361598
1715713361821
1715713362120
1715713362503
1715713375975
1715713376271
1715713376534
1715713376752
1715713377058
1715713377414
1715713390936
1715713391250
1715713391481
1715713391714
1715713392040
1715713392412
1715713405972
1715713406298
1715713406512
1715713406734
1715713407032
1715713407303
1715713420848
1715713421183
1715713421403
1715713421600
1715713421870
1715713422283
1715713436004
1715713436322
1715713436551
1715713436792
1715713437052
1715713437435
1715713450995
1715713451325
1715713451558
1715713451777
1715713452061
1715713452398
1715713466031
1715713466350
1715713466550
1715713466717
1715713466999
1715713467408
1715713481050
1715713481360
1715713481599
1715713481797
1715713482255
1715713482603
1715713496126
1715713496454
1715713496699
1715713496890
1715713497092
1715713497399
1715713511014
1715713511337
1715713511567
1715713511789
1715713512157
1715713512439
1715713525981
1715713526305
1715713526550
1715713526809
1715713527161
1715713527507
1715713541126
1715713541445
1715713541681
1715713541856
1715713542107
1715713542509
1715713556073
1715713556360
1715713556646
1715713556893
1715713557238
1715713557497
1715713571033
1715713571376
1715713571624
1715713571847
1715713572090
1715713572425
1715713586129
1715713586473
1715713586672
1715713586914
1715713587201
1715713587589
1715713601108
1715713601416
1715713601622
1715713601790
1715713602131
1715713602524
1715713616052
1715713616370
1715713616607
1715713616842
1715713617210
1715713617536
1715713631150
1715713631482
1715713631712
1715713631903
1715713632232
1715713632581
1715713646028
1715713646358
1715713646610
1715713646836
1715713647129
1715713647490
1715713661145
1715713661471
1715713661696
1715713661949
1715713662115
1715713662470
1715713676186
1715713676501
1715713676734
1715713676970
1715713677103
1715713677403
1715713691048
1715713691381
1715713691605
1715713691837
1715713692195
1715713692540
1715713706031
1715713706351
1715713706468
1715713706707
1715713706963
1715713707222
1715713721155
1715713721454
1715713721712
1715713721880
1715713722057
1715713722472
1715713736058
1715713736398
1715713736627
1715713736889
1715713737108
1715713737314
1715713751062
1715713751386
1715713751602
1715713751845
1715713752095
1715713752358
1715713766321
1715713766625
1715713766889
1715713767246
1715713767556
1715713767782
1715713781162
1715713781502
1715713781738
1715713782012
1715713782300
1715713782650
1715713796109
1715713796433
1715713796644
1715713796840
1715713797113
1715713797410
1715713811166
1715713811482
1715713811699
1715713811948
1715713812218
1715713812514
1715713826180
1715713826508
1715713826743
1715713826964
1715713827305
1715713827626
1715713841084
1715713841419
1715713841660
1715713841835
1715713842149
1715713842520
1715713856196
1715713856512
1715713856737
1715713856925
1715713857121
1715713857431
1715713871148
1715713871485
1715713871706
1715713871908
1715713872237
1715713872552
1715713886159
1715713886558
1715713886764
1715713886999
1715713887313
1715713887581
1715713901275
1715713901613
1715713901819
1715713901991
1715713902192
1715713902595
1715713916047
1715713916379
1715713916615
1715713916832
1715713917106
1715713917270
1715713931152
1715713931483
1715713931712
1715713932010
1715713932348
1715713932612
1715713946235
1715713946540
1715713946755
1715713946983
1715713947190
1715713947554
1715713961218
1715713961562
1715713961805
1715713962012
1715713962263
1715713962669
1715713976156
1715713976510
1715713976711
1715713976939
1715713977291
1715713977575
1715713991290
1715713991645
1715713991852
1715713992073
1715713992330
1715713992665
1715714006231
1715714006592
1715714006828
1715714007046
1715714007348
1715714007623
1715714021192
1715714021510
1715714021767
1715714022068
1715714022307
1715714022635
1715714036248
1715714036575
1715714036812
1715714037065
1715714037264
1715714037611
1715714051257
1715714051569
1715714051819
1715714052040
1715714052406
1715714052706
1715714066208
1715714066545
1715714066768
1715714067038
1715714067249
1715714067562
1715714081234
1715714081583
1715714081834
1715714081994
1715714082200
1715714082472
1715714096204
1715714096567
1715714096786
1715714096988
1715714097411
1715714097631
1715714111354
1715714111663
1715714111878
1715714112117
1715714112286
1715714112598
1715714126306
1715714126644
1715714126877
1715714127065
1715714127330
1715714127671
1715714141214
1715714141520
1715714141764
1715714141971
1715714142342
1715714142616
1715714156202
1715714156534
1715714156756
1715714156945
1715714157303
1715714157624
1715714171334
1715714171660
1715714171890
1715714172094
1715714172261
1715714172674
1715714186241
1715714186592
1715714186806
1715714187032
1715714187296
1715714187633
1715714201303
1715714201613
1715714201918
1715714202142
1715714202342
1715714202660
1715714216321
1715714216634
1715714216858
1715714217088
1715714217400
1715714217739
1715714231351
1715714231673
1715714231906
1715714232119
1715714232395
1715714232694
1715714246296
1715714246637
1715714246858
1715714247091
1715714247519
1715714247891
1715714261315
1715714261602
1715714261855
1715714262041
1715714262254
1715714262360
1715714276374
1715714276682
1715714276906
1715714277154
1715714277544
1715714277829
1715714291207
1715714291529
1715714291741
1715714292128
1715714292374
1715714292703
1715714306416
1715714306710
1715714306944
1715714307201
1715714307340
1715714307748
1715714321349
1715714321673
1715714321917
1715714322146
1715714322471
1715714322806
1715714336330
1715714336648
1715714336951
1715714337204
1715714337564
1715714337909
1715714351463
1715714351781
1715714352050
1715714352271
1715714352552
1715714352864
1715714366571
1715714366820
1715714367125
1715714367352
1715714367579
1715714367966
1715714381377
1715714381697
1715714381926
1715714382085
1715714382384
1715714382785
1715714396429
1715714396748
1715714396979
1715714397201
1715714397405
1715714397796
1715714411377
1715714411716
1715714411959
1715714412315
1715714412635
1715714412993
1715714426414
1715714426737
1715714427021
1715714427332
1715714427721
1715714427970
1715714441505
1715714441815
1715714442045
1715714442241
1715714442704
1715714443026
1715714456406
1715714456700
1715714456945
1715714457159
1715714457451
1715714457805
1715714471384
1715714471728
1715714471955
1715714472170
1715714472514
1715714472863
1715714486418
1715714486739
1715714486998
1715714487187
1715714487446
1715714487837
1715714501383
1715714501751
1715714501974
1715714502223
1715714502547
1715714502855
1715714516324
1715714516644
1715714516872
1715714517012
1715714517206
1715714517484
1715714531444
1715714531729
1715714531973
1715714532233
1715714532498
1715714532871
1715714546491
1715714546784
1715714547083
1715714547291
1715714547677
1715714548030
1715714561485
1715714561837
1715714562057
1715714562313
1715714562608
1715714563012
1715714576548
1715714576869
1715714577086
1715714577295
1715714577458
1715714577869
1715714591449
1715714591732
1715714592013
1715714592183
1715714592342
1715714592453
1715714606401
1715714606731
1715714606957
1715714607125
1715714607361
1715714607749
1715714621552
1715714621882
1715714622108
1715714622291
1715714622577
1715714622964
1715714636471
1715714636798
1715714637022
1715714637209
1715714637478
1715714637868
1715714651521
1715714651841
1715714652110
1715714652326
1715714652627
1715714652985
1715714666756
1715714667068
1715714667262
1715714667554
1715714667903
1715714668142
1715714681539
1715714681893
1715714682125
1715714682337
1715714682628
1715714682939
1715714696450
1715714696773
1715714697003
1715714697231
1715714697588
1715714697908
1715714711604
1715714711892
1715714712130
1715714712380
1715714712723
1715714713019
1715714726546
1715714726848
1715714727093
1715714727365
1715714727665
1715714727989
1715714741499
1715714741813
1715714742041
1715714742225
1715714742534
1715714742862
1715714756571
1715714756889
1715714757105
1715714757293
1715714757489
1715714757908
1715714771495
1715714771841
1715714772081
1715714772277
1715714772525
1715714772881
1715714786563
1715714786857
1715714787086
1715714787325
1715714787578
1715714787939
1715714801515
1715714801850
1715714802066
1715714802266
1715714802589
1715714802963
1715714816512
1715714816830
1715714817105
1715714817315
1715714817558
1715714817955
1715714831537
1715714831869
1715714832073
1715714832287
1715714832636
1715714832947
1715714846534
1715714846845
1715714847103
1715714847351
1715714847551
1715714847861
1715714861437
1715714861756
1715714861984
1715714862160
1715714862458
1715714862753
1715714876507
1715714876802
1715714877069
1715714877249
1715714877487
1715714877897
1715714891670
1715714891999
1715714892220
1715714892479
1715714892808
1715714893191
1715714906539
1715714906902
1715714907129
1715714907355
1715714907646
1715714908010
1715714921538
1715714921869
1715714922116
1715714922325
1715714922594
1715714922915
1715714936652
1715714936992
1715714937194
1715714937419
1715714937611
1715714938055
1715714951511
1715714951835
1715714952071
1715714952268
1715714952611
1715714952985
1715714966541
1715714966866
1715714967098
1715714967338
1715714967627
1715714968001
1715714981618
1715714981939
1715714982174
1715714982365
1715714982697
1715714983045
1715714996574
1715714996908
1715714997137
1715714997338
1715714997642
1715714998033
1715715011639
1715715011932
1715715012168
1715715012461
1715715012904
1715715013218
1715715026670
1715715027003
1715715027231
1715715027454
1715715027876
1715715028233
1715715041547
1715715041864
1715715042110
1715715042311
1715715042601
1715715042975
1715715056618
1715715056942
1715715057179
1715715057405
1715715057664
1715715057999
1715715071588
1715715071948
1715715072169
1715715072340
1715715072666
1715715073074
1715715086673
1715715086969
1715715087202
1715715087445
1715715087893
1715715088292
1715715101632
1715715101945
1715715102178
1715715102427
1715715102737
1715715103053
1715715116740
1715715117057
1715715117264
1715715117523
1715715117876
1715715118178
1715715131648
1715715131995
1715715132229
1715715132456
1715715132786
1715715133122
1715715146699
1715715146979
1715715147203
1715715147404
1715715147810
1715715148239
1715715161733
1715715162033
1715715162265
1715715162463
1715715162833
1715715163127
1715715176669
1715715177002
1715715177232
1715715177445
1715715177789
1715715178120
1715715191697
1715715191980
1715715192215
1715715192423
1715715192779
1715715193024
1715715206813
1715715207118
1715715207343
1715715207563
1715715207747
1715715208179
1715715221716
1715715222080
1715715222318
1715715222510
1715715222856
1715715223212
1715715236776
1715715237129
1715715237369
1715715237640
1715715237879
1715715238289
1715715251781
1715715252095
1715715252360
1715715252558
1715715252831
1715715253137
1715715266906
1715715267250
1715715267461
1715715267779
1715715268083
1715715268370
1715715281781
1715715282088
1715715282332
1715715282550
1715715282957
1715715283243
1715715296804
1715715297137
1715715297344
1715715297506
1715715297698
1715715298040
1715715311744
1715715312079
1715715312331
1715715312540
1715715312718
1715715313181
1715715326781
1715715327091
1715715327325
1715715327567
1715715327744
1715715328156
1715715341776
1715715342098
1715715342400
1715715342700
1715715343119
1715715343388
1715715356764
1715715357094
1715715357335
1715715357573
1715715357915
1715715358327
1715715371733
1715715372066
1715715372306
1715715372494
1715715372782
1715715373169
1715715386790
1715715387107
1715715387347
1715715387631
1715715388041
1715715388312
1715715401784
1715715402125
1715715402375
1715715402598
1715715402864
1715715403225
1715715416815
1715715417115
1715715417363
1715715417608
1715715417771
1715715418128
1715715431835
1715715432164
1715715432367
1715715432571
1715715432779
1715715433183
1715715446732
1715715447072
1715715447302
1715715447504
1715715447732
1715715448129
1715715461829
1715715462179
1715715462403
1715715462616
1715715463039
1715715463316
1715715476835
1715715477159
1715715477415
1715715477634
1715715477913
1715715478233
1715715491743
1715715492101
1715715492323
1715715492476
1715715492813
1715715493215
1715715506862
1715715507206
1715715507442
1715715507627
1715715507828
1715715508258
1715715521791
1715715522135
1715715522381
1715715522579
1715715522847
1715715523174
1715715536786
1715715537094
1715715537392
1715715537737
1715715537915
1715715538216
1715715551822
1715715552140
1715715552387
1715715552627
1715715552798
1715715553085
1715715566866
1715715567213
1715715567432
1715715567628
1715715567922
1715715568202
1715715581845
1715715582173
1715715582387
1715715582569
1715715582876
1715715583218
1715715596774
1715715597092
1715715597314
1715715597538
1715715597825
1715715598149
1715715611900
1715715612220
1715715612474
1715715612649
1715715612945
1715715613308
1715715626749
1715715627075
1715715627346
1715715627629
1715715627897
1715715628175
1715715641911
1715715642227
1715715642455
1715715642673
1715715642997
1715715643281
1715715656959
1715715657271
1715715657502
1715715657715
1715715657994
1715715658397
1715715671865
1715715672188
1715715672403
1715715672678
1715715672914
1715715673184
1715715686856
1715715687189
1715715687417
1715715687590
1715715687891
1715715688238
1715715701917
1715715702244
1715715702477
1715715702690
1715715702955
1715715703258
1715715716904
1715715717261
1715715717475
1715715717802
1715715718169
1715715718485
1715715731820
1715715732139
1715715732369
1715715732644
1715715732903
1715715733260
1715715746872
1715715747204
1715715747423
1715715747646
1715715747900
1715715748194
1715715761820
1715715762140
1715715762370
1715715762620
1715715762882
1715715763112
1715715776884
1715715777185
1715715777424
1715715777688
1715715777965
1715715778250
1715715791924
1715715792259
1715715792387
1715715792707
1715715792924
1715715793378
1715715806897
1715715807231
1715715807443
1715715807673
1715715808004
1715715808387
1715715821913
1715715822227
1715715822468
1715715822703
1715715822981
1715715823379
1715715836962
1715715837289
1715715837547
1715715837745
1715715838029
1715715838484
1715715851972
1715715852285
1715715852535
1715715852760
1715715852993
1715715853396
1715715866978
1715715867298
1715715867540
1715715867730
1715715867917
1715715868230
1715715881975
1715715882296
1715715882514
1715715882756
1715715882923
1715715883340
1715715896983
1715715897305
1715715897546
1715715897741
1715715898005
1715715898362
1715715911883
1715715912231
1715715912454
1715715912617
1715715912901
1715715913292
1715715926949
1715715927254
1715715927501
1715715927718
1715715927948
1715715928283
1715715941983
1715715942271
1715715942516
1715715942719
1715715942986
1715715943379
1715715956971
1715715957316
1715715957566
1715715957778
1715715958152
1715715958459
1715715972077
1715715972379
1715715972631
1715715972834
1715715973100
1715715973470
1715715986967
1715715987297
1715715987512
1715715987737
1715715988104
1715715988418
1715716002042
1715716002323
1715716002576
1715716002824
1715716002994
1715716003419
1715716017038
1715716017354
1715716017607
1715716017959
1715716018296
1715716018601
1715716032083
1715716032399
1715716032645
1715716032885
1715716033060
1715716033418
1715716046986
1715716047321
1715716047559
1715716047749
1715716048139
1715716048478
1715716062063
1715716062415
1715716062611
1715716062854
1715716063115
1715716063433
1715716076945
1715716077295
1715716077520
1715716077744
1715716078007
1715716078359
1715716091980
1715716092318
1715716092553
1715716092788
1715716093042
1715716093323
1715716107037
1715716107358
1715716107596
1715716107815
1715716108118
1715716108458
1715716121946
1715716122229
1715716122460
1715716122691
1715716122909
1715716123129
1715716137056
1715716137388
1715716137612
1715716137816
1715716138110
1715716138529
1715716152077
1715716152422
1715716152643
1715716152884
1715716153156
1715716153537
1715716167172
1715716167395
1715716167610
1715716167825
1715716168080
1715716168413
1715716182071
1715716182361
1715716182643
1715716182823
1715716183225
1715716183614
1715716197103
1715716197441
1715716197709
1715716197959
1715716198195
1715716198514
1715716211963
1715716212290
1715716212502
1715716212672
1715716212945
1715716213097
1715716227025
1715716227320
1715716227571
1715716227777
1715716228061
1715716228468
1715716242145
1715716242435
1715716242671
1715716242875
1715716243206
1715716243512
1715716257076
1715716257390
1715716257639
1715716257863
1715716258138
1715716258519
1715716272109
1715716272431
1715716272672
1715716272892
1715716273264
1715716273654
1715716287230
1715716287555
1715716287777
1715716287968
1715716288125
1715716288408
1715716302085
1715716302429
1715716302660
1715716302862
1715716303344
1715716303590
1715716317099
1715716317401
1715716317643
1715716317856
1715716318096
1715716318368
1715716332176
1715716332485
1715716332724
1715716332933
1715716333097
1715716333549
1715716347083
1715716347411
1715716347619
1715716347809
1715716348095
1715716348400
1715716361965
1715716362283
1715716362538
1715716362736
1715716363043
1715716363225
1715716377123
1715716377456
1715716377682
1715716377956
1715716378180
1715716378656
1715716392178
1715716392548
1715716392756
1715716392961
1715716393262
1715716393588
1715716407033
1715716407375
1715716407609
1715716407765
1715716408085
1715716408342
1715716422149
1715716422511
1715716422791
1715716423076
1715716423314
1715716423664
1715716437157
1715716437479
1715716437719
1715716437988
1715716438263
1715716438605
1715716452123
1715716452461
1715716452752
1715716452997
1715716453277
1715716453587
1715716467380
1715716467677
1715716467882
1715716468149
1715716468498
1715716468778
1715716482259
1715716482583
1715716482828
1715716483026
1715716483300
1715716483703
1715716497139
1715716497470
1715716497688
1715716497897
1715716498143
1715716498530
1715716512309
1715716512619
1715716512946
1715716513170
1715716513563
1715716513893
1715716527158
1715716527472
1715716527685
1715716527881
1715716528228
1715716528549
1715716542213
1715716542545
1715716542791
1715716542988
1715716543197
1715716543584
1715716557231
1715716557541
1715716557781
1715716557998
1715716558357
1715716558602
1715716572215
1715716572528
1715716572795
1715716573180
1715716573492
1715716573784
1715716587189
1715716587548
1715716587802
1715716588073
1715716588392
1715716588719
1715716602290
1715716602622
1715716602865
1715716603073
1715716603363
1715716603653
1715716617259
1715716617580
1715716617825
1715716617993
1715716618239
1715716618633
1715716632220
1715716632565
1715716632787
1715716632966
1715716633314
1715716633702
1715716647195
1715716647545
1715716647769
1715716648040
1715716648356
1715716648797
1715716662227
1715716662573
1715716662791
1715716663002
1715716663351
1715716663645
1715716677291
1715716677606
1715716677837
1715716678069
1715716678477
1715716678758
1715716692293
1715716692624
1715716692868
1715716693088
1715716693368
1715716693716
1715716707264
1715716707576
1715716707832
1715716708016
1715716708369
1715716708675
1715716722320
1715716722606
1715716722860
1715716723086
1715716723471
1715716723699
1715716737377
1715716737695
1715716737917
1715716738111
1715716738336
1715716738745
1715716752248
1715716752572
1715716752806
1715716753040
1715716753326
1715716753697
1715716767342
1715716767660
1715716767932
1715716768133
1715716768417
1715716768749
1715716782317
1715716782618
1715716782923
1715716783173
1715716783409
1715716783737
1715716797283
1715716797632
1715716797824
1715716798001
1715716798391
1715716798722
1715716812325
1715716812641
1715716812883
1715716813054
1715716813265
1715716813603
1715716827357
1715716827699
1715716827988
1715716828315
1715716828635
1715716828914
1715716842256
1715716842593
1715716842833
1715716843060
1715716843367
1715716843668
1715716857347
1715716857703
1715716857920
1715716858134
1715716858443
1715716858753
1715716872306
1715716872601
1715716872834
1715716873048
1715716873286
1715716873683
1715716887364
1715716887679
1715716887909
1715716888096
1715716888310
1715716888630
1715716902339
1715716902664
1715716902917
1715716903154
1715716903429
1715716903844
1715716917396
1715716917728
1715716918011
1715716918167
1715716918401
1715716918817
1715716932407
1715716932750
1715716932989
1715716933159
1715716933364
1715716933732
1715716947376
1715716947673
1715716947912
1715716948100
1715716948363
1715716948712
1715716962409
1715716962743
1715716963029
1715716963249
1715716963463
1715716963731
1715716977414
1715716977728
1715716977957
1715716978129
1715716978517
1715716978831
1715716992376
1715716992655
1715716992920
1715716993108
1715716993400
1715716993786
1715717007484
1715717007792
1715717008031
1715717008241
1715717008506
1715717008946
1715717022280
1715717022602
1715717022842
1715717023115
1715717023410
1715717023750
1715717037449
1715717037755
1715717037965
1715717038189
1715717038364
1715717038554
1715717052460
1715717052796
1715717053096
1715717053378
1715717053763
1715717054072
1715717067937
1715717068661
1715717068913
1715717069068
1715717069314
1715717069440
1715717082400
1715717082741
1715717082948
1715717083140
1715717083372
1715717083607
1715717097408
1715717097730
1715717097974
1715717098220
1715717098452
1715717098837
1715717112499
1715717112785
1715717113006
1715717113236
1715717113463
1715717113803
1715717127413
1715717127723
1715717127950
1715717128122
1715717128405
1715717128799
1715717142536
1715717142875
1715717143096
1715717143312
1715717143604
1715717144050
1715717157470
1715717157815
1715717158054
1715717158445
1715717158775
1715717159129
1715717172416
1715717172740
1715717172990
1715717173268
1715717173616
1715717173875
1715717187518
1715717187773
1715717187982
1715717188239
1715717188496
1715717188887
1715717202473
1715717202796
1715717203041
1715717203262
1715717203556
1715717203958
1715717217444
1715717217748
1715717217995
1715717218176
1715717218334
1715717218738
1715717232445
1715717232775
1715717233002
1715717233239
1715717233541
1715717233926
1715717247438
1715717247764
1715717248006
1715717248271
1715717248573
1715717248909
1715717262382
1715717262712
1715717262958
1715717263129
1715717263362
1715717263775
1715717277503
1715717277826
1715717278075
1715717278306
1715717278610
1715717278958
1715717292476
1715717292832
1715717293059
1715717293280
1715717293593
1715717293883
1715717307466
1715717307766
1715717308007
1715717308230
1715717308532
1715717308826
1715717322538
1715717322902
1715717323125
1715717323323
1715717323572
1715717323907
1715717337506
1715717337846
1715717338089
1715717338248
1715717338482
1715717338779
1715717352474
1715717352771
1715717352987
1715717353205
1715717353592
1715717354027
1715717367652
1715717367950
1715717368172
1715717368388
1715717368679
1715717368980
1715717382572
1715717382860
1715717383163
1715717383468
1715717383747
1715717384065
1715717397480
1715717397801
1715717398047
1715717398262
1715717398708
1715717399055
1715717412632
1715717412961
1715717413260
1715717413481
1715717413770
1715717414148
1715717427467
1715717427800
1715717428040
1715717428283
1715717428559
1715717428896
1715717442538
1715717442891
1715717443141
1715717443326
1715717443618
1715717443912
1715717457716
1715717458013
1715717458312
1715717458559
1715717459072
1715717459456
1715717472590
1715717472929
1715717473162
1715717473326
1715717473520
1715717473796
1715717487491
1715717487817
1715717488053
1715717488244
1715717488568
1715717488868
1715717502580
1715717502915
1715717503146
1715717503365
1715717503539
1715717503843
1715717517537
1715717517877
1715717518098
1715717518254
1715717518445
1715717518880
1715717532600
1715717532894
1715717533138
1715717533347
1715717533712
1715717534014
1715717547684
1715717547993
1715717548281
1715717548602
1715717548927
1715717549250
1715717562556
1715717562887
1715717563184
1715717563445
1715717563770
1715717564056
1715717577659
1715717577990
1715717578237
1715717578449
1715717578727
1715717579211
1715717592504
1715717592880
1715717593095
1715717593311
1715717593590
1715717593917
1715717607553
1715717607865
1715717608164
1715717608361
1715717608662
1715717608962
1715717622574
1715717622890
1715717623130
1715717623375
1715717623708
1715717624020
1715717637582
1715717637897
1715717638133
1715717638333
1715717638729
1715717639025
1715717652652
1715717652990
1715717653232
1715717653540
1715717653792
1715717654223
1715717667840
1715717668119
1715717668459
1715717668793
1715717669090
1715717669244
1715717682681
1715717683002
1715717683236
1715717683460
1715717683771
1715717684092
1715717697686
1715717697967
1715717698224
1715717698463
1715717698719
1715717698964
1715717712521
1715717712835
1715717713065
1715717713286
1715717713716
1715717714084
1715717727735
1715717728070
1715717728295
1715717728485
1715717728825
1715717729188
1715717742645
1715717742979
1715717743239
1715717743453
1715717743793
1715717744160
1715717757625
1715717757971
1715717758198
1715717758401
1715717758741
1715717759110
1715717772715
1715717773047
1715717773335
1715717773655
1715717773938
1715717774249
1715717787658
1715717788005
1715717788229
1715717788458
1715717788869
1715717789198
1715717802752
1715717803057
1715717803269
1715717803474
1715717803763
1715717804051
1715717817658
1715717817974
1715717818246
1715717818547
1715717818972
1715717819243
1715717832513
1715717832825
1715717833050
1715717833249
1715717833591
1715717833939
1715717847673
1715717847980
1715717848194
1715717848369
1715717848630
1715717849081
1715717862741
1715717863038
1715717863289
1715717863489
1715717863763
1715717864046
1715717877675
1715717878043
1715717878285
1715717878515
1715717878817
1715717879171
1715717892608
1715717892939
1715717893197
1715717893383
1715717893696
1715717894022
1715717907717
1715717908036
1715717908320
1715717908680
1715717908995
1715717909312
1715717922697
1715717923037
1715717923306
1715717923553
1715717923935
1715717924162
1715717937667
1715717937999
1715717938225
1715717938441
1715717938927
1715717939179
1715717952757
1715717953076
1715717953307
1715717953520
1715717953742
1715717954090
1715717967722
1715717968067
1715717968288
1715717968505
1715717968777
1715717969159
1715717982833
1715717983160
1715717983404
1715717983627
1715717983863
1715717984106
1715717997804
1715717998135
1715717998389
1715717998569
1715717998768
1715717999228
1715718012832
1715718013170
1715718013449
1715718013792
1715718014212
1715718014468
1715718027691
1715718028002
1715718028253
1715718028422
1715718028726
1715718029113
1715718042830
1715718043160
1715718043423
1715718043664
1715718043823
1715718044260
1715718057807
1715718058134
1715718058351
1715718058545
1715718058732
1715718059085
1715718072749
1715718073089
1715718073339
1715718073516
1715718073876
1715718074241
1715718087834
1715718088174
1715718088380
1715718088585
1715718088870
1715718089234
1715718102807
1715718103135
1715718103369
1715718103561
1715718103804
1715718104195
1715718117783
1715718118096
1715718118314
1715718118508
1715718118777
1715718119053
1715718132899
1715718133211
1715718133457
1715718133675
1715718134150
1715718134516
1715718147802
1715718148129
1715718148337
1715718148567
1715718148834
1715718149160
1715718162689
1715718163012
1715718163242
1715718163488
1715718163724
1715718164145
1715718177901
1715718178237
1715718178472
1715718178676
1715718178907
1715718179221
1715718192837
1715718193124
1715718193357
1715718193655
1715718193954
1715718194290
1715718207815
1715718208142
1715718208386
1715718208606
1715718208980
1715718209377
1715718222905
1715718223226
1715718223461
1715718223624
1715718223844
1715718224168
1715718237868
1715718238185
1715718238421
1715718238650
1715718238951
1715718239335
1715718252814
1715718253148
1715718253361
1715718253590
1715718253874
1715718254249
1715718268170
1715718268491
1715718268719
1715718268900
1715718269288
1715718269617
1715718282832
1715718283194
1715718283389
1715718283574
1715718283846
1715718284238
1715718297895
1715718298191
1715718298418
1715718298633
1715718298865
1715718299213
1715718312941
1715718313277
1715718313563
1715718313861
1715718314143
1715718314412
1715718327893
1715718328225
1715718328456
1715718328672
1715718328927
1715718329224
1715718342873
1715718343201
1715718343407
1715718343622
1715718343917
1715718344269
1715718357998
1715718358320
1715718358555
1715718358796
1715718359137
1715718359474
1715718372868
1715718373182
1715718373399
1715718373603
1715718373997
1715718374227
1715718387859
1715718388198
1715718388407
1715718388758
1715718389132
1715718389357
1715718402873
1715718403199
1715718403438
1715718403647
1715718403925
1715718404304
1715718417928
1715718418224
1715718418463
1715718418675
1715718419000
1715718419303
1715718432890
1715718433238
1715718433464
1715718433673
1715718433926
1715718434310
1715718447983
1715718448313
1715718448559
1715718448800
1715718449134
1715718449547
1715718463027
1715718463313
1715718463544
1715718463783
1715718464082
1715718464380
1715718477969
1715718478286
1715718478555
1715718478906
1715718479297
1715718479608
1715718493025
1715718493332
1715718493582
1715718493886
1715718494190
1715718494519
1715718507925
1715718508257
1715718508497
1715718508716
1715718509033
1715718509433
1715718523011
1715718523327
1715718523561
1715718523750
1715718524029
1715718524302
1715718538031
1715718538335
1715718538561
1715718538798
1715718539175
1715718539484
1715718552965
1715718553294
1715718553560
1715718553840
1715718554145
1715718554416
1715718568028
1715718568354
1715718568722
1715718568936
1715718569256
1715718569600
1715718582977
1715718583301
1715718583522
1715718583731
1715718584063
1715718584418
1715718597960
1715718598280
1715718598535
1715718598747
1715718599026
1715718599403
1715718612966
1715718613299
1715718613538
1715718613709
1715718614143
1715718614462
1715718628118
1715718628444
1715718628652
1715718628877
1715718629073
1715718629459
1715718643040
1715718643362
1715718643590
1715718643766
1715718644025
1715718644248
1715718658053
1715718658378
1715718658628
1715718658847
1715718659262
1715718659575
1715718673104
1715718673443
1715718673678
1715718673903
1715718674344
1715718674614
1715718688056
1715718688364
1715718688620
1715718688864
1715718689129
1715718689453
1715718703079
1715718703390
1715718703667
1715718704022
1715718704379
1715718704618
1715718718142
1715718718445
1715718718687
1715718718936
1715718719180
1715718719488
1715718733109
1715718733425
1715718733642
1715718733851
1715718734223
1715718734514
1715718748041
1715718748328
1715718748551
1715718748745
1715718749018
1715718749408
1715718762955
1715718763316
1715718763630
1715718763831
1715718764199
1715718764541
1715718778111
1715718778418
1715718778660
1715718778889
1715718779190
1715718779573
1715718793123
1715718793420
1715718793657
1715718793835
1715718794067
1715718794471
1715718808095
1715718808424
1715718808635
1715718808833
1715718809232
1715718809518
1715718822975
1715718823334
1715718823627
1715718823986
1715718824148
1715718824308
1715718838092
1715718838413
1715718838648
1715718838828
1715718839168
1715718839529
1715718853083
1715718853408
1715718853639
1715718853869
1715718854154
1715718854533
1715718868149
1715718868479
1715718868693
1715718868884
1715718869244
1715718869577
1715718883082
1715718883431
1715718883664
1715718883871
1715718884136
1715718884521
1715718898129
1715718898446
1715718898743
1715718898969
1715718899149
1715718899459
1715718913075
1715718913392
1715718913609
1715718913809
1715718914090
1715718914482
1715718928056
1715718928373
1715718928593
1715718928809
1715718929144
1715718929543
1715718943154
1715718943486
1715718943713
1715718943937
1715718944247
1715718944635
1715718958170
1715718958489
1715718958709
1715718958878
1715718959167
1715718959556
1715718973079
1715718973427
1715718973631
1715718973809
1715718974090
1715718974386
1715718988162
1715718988509
1715718988736
1715718988963
1715718989241
1715718989542
1715719003269
1715719003625
1715719003855
1715719004064
1715719004256
1715719004677
1715719018157
1715719018509
1715719018738
1715719018949
1715719019249
1715719019642
1715719033238
1715719033574
1715719033808
1715719034045
1715719034221
1715719034579
1715719048206
1715719048521
1715719048773
1715719048978
1715719049303
1715719049666
1715719063174
1715719063482
1715719063748
1715719063939
1715719064395
1715719064719
1715719078243
1715719078555
1715719078792
1715719079203
1715719079368
1715719079658
1715719093169
1715719093491
1715719093720
1715719093939
1715719094258
1715719094597
1715719108279
1715719108597
1715719108839
1715719109056
1715719109341
1715719109707
1715719123261
1715719123578
1715719123828
1715719124041
1715719124335
1715719124656
1715719138147
1715719138444
1715719138682
1715719138872
1715719139077
1715719139196
1715719153148
1715719153483
1715719153685
1715719153909
1715719154202
1715719154552
1715719168365
1715719168693
1715719168972
1715719169170
1715719169427
1715719169726
1715719183153
1715719183483
1715719183736
1715719183913
1715719184216
1715719184620
1715719198245
1715719198589
1715719198813
1715719199068
1715719199295
1715719199659
1715719213311
1715719213627
1715719213859
1715719214040
1715719214229
1715719214564
1715719228278
1715719228605
1715719228824
1715719229047
1715719229338
1715719229680
1715719243280
1715719243608
1715719243842
1715719244055
1715719244303
1715719244695
1715719258236
1715719258557
1715719258811
1715719259057
1715719259375
1715719259784
1715719273148
1715719273491
1715719273701
1715719273860
1715719274049
1715719274394
1715719288260
1715719288595
1715719288813
1715719289001
1715719289300
1715719289600
1715719303216
1715719303530
1715719303792
1715719304016
1715719304440
1715719304826
1715719318299
1715719318644
1715719318875
1715719319085
1715719319362
1715719319787
1715719333301
1715719333624
1715719333846
1715719334093
1715719334363
1715719334745
1715719348345
1715719348642
1715719348906
1715719349258
1715719349610
1715719349953
1715719363196
1715719363481
1715719363572
1715719363748
1715719363910
1715719364220
1715719378227
1715719378572
1715719378811
1715719379000
1715719379305
1715719379705
1715719393355
1715719393692
1715719393938
1715719394146
1715719394440
1715719394829
1715719408134
1715719408477
1715719408709
1715719408963
1715719409237
1715719409613
1715719423279
1715719423643
1715719423868
1715719424071
1715719424352
1715719424600
1715719438323
1715719438660
1715719438902
1715719439110
1715719439487
1715719439825
1715719453351
1715719453678
1715719453929
1715719454187
1715719454540
1715719454819
1715719468433
1715719468671
1715719468982
1715719469186
1715719469462
1715719469858
1715719483364
1715719483711
1715719483949
1715719484154
1715719484434
1715719484763
1715719498354
1715719498702
1715719498938
1715719499111
1715719499365
1715719499710
1715719513339
1715719513666
1715719513914
1715719514101
1715719514299
1715719514706
1715719528403
1715719528752
1715719528979
1715719529190
1715719529438
1715719529808
1715719543390
1715719543703
1715719543925
1715719544163
1715719544456
1715719544826
1715719558360
1715719558700
1715719558943
1715719559151
1715719559447
1715719559824
1715719573436
1715719573758
1715719573991
1715719574203
1715719574477
1715719574850
1715719588417
1715719588706
1715719588971
1715719589182
1715719589387
1715719589804
1715719603348
1715719603662
1715719603885
1715719604102
1715719604459
1715719604833
1715719618468
1715719618824
1715719619074
1715719619279
1715719619577
1715719619902
1715719633357
1715719633671
1715719633899
1715719634078
1715719634348
1715719634767
1715719648385
1715719648701
1715719648983
1715719649285
1715719649632
1715719649950
1715719663523
1715719663853
1715719664096
1715719664311
1715719664538
1715719664895
1715719678387
1715719678680
1715719678909
1715719679118
1715719679331
1715719679518
1715719693410
1715719693688
1715719693910
1715719694143
1715719694392
1715719694760
1715719708462
1715719708755
1715719708986
1715719709224
1715719709526
1715719709884
1715719723393
1715719723722
1715719723935
1715719724205
1715719724632
1715719724881
1715719738479
1715719738805
1715719739046
1715719739267
1715719739630
1715719739920
1715719753475
1715719753782
1715719754066
1715719754349
1715719754685
1715719754909
1715719768400
1715719768679
1715719768917
1715719769182
1715719769430
1715719769808
1715719783371
1715719783696
1715719783933
1715719784149
1715719784481
1715719784836
1715719798455
1715719798772
1715719799004
1715719799268
1715719799650
1715719799917
1715719813477
1715719813796
1715719814004
1715719814225
1715719814480
1715719814768
1715719828536
1715719828875
1715719829104
1715719829308
1715719829566
1715719829868
1715719843603
1715719843947
1715719844163
1715719844420
1715719844836
1715719845195
1715719858550
1715719858864
1715719859111
1715719859345
1715719859513
1715719859875
1715719873457
1715719873785
1715719874008
1715719874223
1715719874551
1715719874910
1715719888562
1715719888862
1715719889102
1715719889324
1715719889675
1715719889959
1715719903542
1715719903850
1715719904058
1715719904296
1715719904582
1715719904863
1715719918455
1715719918806
1715719918992
1715719919197
1715719919485
1715719919924
1715719933555
1715719933902
1715719934115
1715719934352
1715719934638
1715719934971
1715719948515
1715719948838
1715719949092
1715719949311
1715719949623
1715719949941
1715719963503
1715719963839
1715719964081
1715719964309
1715719964599
1715719964888
1715719978519
1715719978834
1715719979068
1715719979288
1715719979577
1715719979990
1715719993511
1715719993831
1715719994042
1715719994202
1715719994485
1715719994900
1715720008526
1715720008829
1715720009069
1715720009286
1715720009666
1715720009979
1715720023534
1715720023854
1715720024086
1715720024323
1715720024676
1715720024981
1715720038640
1715720038936
1715720039171
1715720039419
1715720039656
1715720039968
1715720053509
1715720053883
1715720054095
1715720054316
1715720054654
1715720054971
1715720068667
1715720068992
1715720069228
1715720069458
1715720069628
1715720070057
1715720083586
1715720083898
1715720084121
1715720084332
1715720084769
1715720085150
1715720098519
1715720098847
1715720099070
1715720099278
1715720099622
1715720100010
1715720113602
1715720113924
1715720114149
1715720114381
1715720114852
1715720115150
1715720128514
1715720128860
1715720129077
1715720129344
1715720129676
1715720129960
1715720143623
1715720143962
1715720144163
1715720144380
1715720144731
1715720144987
1715720158741
1715720159057
1715720159309
1715720159511
1715720160030
1715720160406
1715720173550
1715720173865
1715720174106
1715720174312
1715720174660
1715720175009
1715720188598
1715720188918
1715720189130
1715720189354
1715720189623
1715720189949
1715720203625
1715720203931
1715720204150
1715720204327
1715720204604
1715720205034
1715720218552
1715720218897
1715720219132
1715720219369
1715720219742
1715720220088
1715720233585
1715720233906
1715720234145
1715720234503
1715720234834
1715720235057
1715720248639
1715720248938
1715720249170
1715720249369
1715720249657
1715720250029
1715720263653
1715720263950
1715720264193
1715720264466
1715720264746
1715720265048
1715720278607
1715720278935
1715720279164
1715720279433
1715720279767
1715720280209
1715720293720
1715720294042
1715720294264
1715720294483
1715720294633
1715720295040
1715720308594
1715720308927
1715720309187
1715720309397
1715720309793
1715720310124
1715720323613
1715720323924
1715720324162
1715720324388
1715720324753
1715720325018
1715720338709
1715720339040
1715720339307
1715720339539
1715720339772
1715720340178
1715720353607
1715720353963
1715720354166
1715720354356
1715720354594
1715720354995
1715720368737
1715720368982
1715720369285
1715720369604
1715720369900
1715720370128
1715720383740
1715720384086
1715720384404
1715720384605
1715720384881
1715720385332
1715720398714
1715720399066
1715720399275
1715720399443
1715720399639
1715720400090
1715720413740
1715720414078
1715720414315
1715720414516
1715720414807
1715720415242
1715720428817
1715720429162
1715720429398
1715720429619
1715720429938
1715720430270
1715720443764
1715720444081
1715720444314
1715720444554
1715720444823
1715720445187
1715720458711
1715720459065
1715720459313
1715720459504
1715720459803
1715720460166
1715720473666
1715720474001
1715720474225
1715720474439
1715720474731
1715720475067
1715720488715
1715720489057
1715720489279
1715720489477
1715720489721
1715720490058
1715720503688
1715720504046
1715720504285
1715720504498
1715720504788
1715720505104
1715720518652
1715720518971
1715720519229
1715720519444
1715720519687
1715720520008
1715720533736
1715720534064
1715720534303
1715720534518
1715720534765
1715720535158
1715720548779
1715720549087
1715720549319
1715720549562
1715720549873
1715720550206
1715720563777
1715720564110
1715720564347
1715720564595
1715720564894
1715720565193
1715720578758
1715720579079
1715720579282
1715720579509
1715720579784
1715720580204
1715720593711
1715720594070
1715720594297
1715720594520
1715720594818
1715720595158
1715720608818
1715720609164
1715720609393
1715720609603
1715720609914
1715720610239
1715720623832
1715720624158
1715720624393
1715720624634
1715720624905
1715720625227
1715720638744
1715720639083
1715720639329
1715720639539
1715720639745
1715720640055
1715720653930
1715720654222
1715720654462
1715720654684
1715720654957
1715720655309
1715720668969
1715720669310
1715720669506
1715720669781
1715720670017
1715720670355
1715720683805
1715720684143
1715720684359
1715720684568
1715720684836
1715720685221
1715720698933
1715720699256
1715720699489
1715720699618
1715720699865
1715720700331
1715720713813
1715720714124
1715720714355
1715720714549
1715720714836
1715720715114
1715720728813
1715720729136
1715720729436
1715720729709
1715720730077
1715720730396
1715720743835
1715720744166
1715720744402
1715720744617
1715720744933
1715720745313
1715720758882
1715720759181
1715720759432
1715720759611
1715720759936
1715720760348
1715720773791
1715720774109
1715720774371
1715720774659
1715720775018
1715720775371
1715720788852
1715720789168
1715720789408
1715720789602
1715720789926
1715720790170
1715720803763
1715720804092
1715720804373
1715720804567
1715720804876
1715720805199
1715720818953
1715720819248
1715720819495
1715720819703
1715720820055
1715720820439
1715720833945
1715720834259
1715720834514
1715720834778
1715720835171
1715720835545
1715720848914
1715720849249
1715720849485
1715720849695
1715720849971
1715720850351
1715720863898
1715720864199
1715720864450
1715720864670
1715720864936
1715720865304
1715720878799
1715720879159
1715720879389
1715720879610
1715720879892
1715720880283
1715720893939
1715720894256
1715720894500
1715720894732
1715720895065
1715720895529
1715720909016
1715720909311
1715720909562
1715720909801
1715720910152
1715720910444
1715720923915
1715720924237
1715720924474
1715720924710
1715720925053
1715720925356
1715720938928
1715720939273
1715720939535
1715720939880
1715720940277
1715720940569
1715720953904
1715720954223
1715720954486
1715720954733
1715720954996
1715720955308
1715720969148
1715720969465
1715720969759
1715720970019
1715720970336
1715720970597
1715720983857
1715720984206
1715720984433
1715720984655
1715720985018
1715720985249
1715720998954
1715720999265
1715720999502
1715720999728
1715720999890
1715721000232
1715721013992
1715721014326
1715721014576
1715721014786
1715721015041
1715721015355
1715721028895
1715721029220
1715721029460
1715721029626
1715721029816
1715721030169
1715721043934
1715721044252
1715721044498
1715721044705
1715721044995
1715721045366
1715721059037
1715721059344
1715721059593
1715721059848
1715721060130
1715721060426
1715721074003
1715721074313
1715721074588
1715721074818
1715721075173
1715721075543
1715721088982
1715721089305
1715721089566
1715721089811
1715721090210
1715721090548
1715721104097
1715721104404
1715721104663
1715721104871
1715721105140
1715721105472
1715721118969
1715721119257
1715721119514
1715721119736
1715721119996
1715721120415
1715721134002
1715721134357
1715721134571
1715721134720
1715721134913
1715721135173
1715721149054
1715721149372
1715721149614
1715721149803
1715721150112
1715721150503
1715721164009
1715721164324
1715721164560
1715721164789
1715721165067
1715721165386
1715721179037
1715721179357
1715721179590
1715721179801
1715721180114
1715721180440
1715721193974
1715721194335
1715721194566
1715721194800
1715721195116
1715721195437
1715721209008
1715721209344
1715721209580
1715721209794
1715721210097
1715721210399
1715721223929
1715721224245
1715721224501
1715721224892
1715721225187
1715721225494
1715721238977
1715721239320
1715721239568
1715721239740
1715721240087
1715721240383
1715721254011
1715721254344
1715721254583
1715721254859
1715721255202
1715721255572
1715721269108
1715721269388
1715721269633
1715721269857
1715721270164
1715721270479
1715721284045
1715721284391
1715721284610
1715721284818
1715721285071
1715721285431
1715721299090
1715721299413
1715721299652
1715721299808
1715721300088
1715721300357
1715721314157
1715721314452
1715721314685
1715721314912
1715721315166
1715721315443
1715721329059
1715721329405
1715721329638
1715721329830
1715721330042
1715721330403
1715721344062
1715721344370
1715721344619
1715721344829
1715721345077
1715721345489
1715721359052
1715721359382
1715721359628
1715721359856
1715721360408
1715721360641
1715721374052
1715721374383
1715721374628
1715721374818
1715721375044
1715721375387
1715721389069
1715721389397
1715721389655
1715721389923
1715721390208
1715721390510
1715721404156
1715721404475
1715721404721
1715721404951
1715721405189
1715721405535
1715721419218
1715721419531
1715721419767
1715721420035
1715721420341
1715721420752
1715721434019
1715721434350
1715721434584
1715721434804
1715721435115
1715721435447
1715721449050
1715721449369
1715721449634
1715721449850
1715721450092
1715721450426
1715721464203
1715721464508
1715721464752
1715721464942
1715721465220
1715721465598
1715721479068
1715721479391
1715721479634
1715721479851
1715721480123
1715721480464
1715721494133
1715721494474
1715721494708
1715721494933
1715721495146
1715721495495
1715721509230
1715721509522
1715721509813
1715721510024
1715721510450
1715721510786
1715721524014
1715721524383
1715721524623
1715721524828
1715721525090
1715721525464
1715721539132
1715721539461
1715721539704
1715721539935
1715721540275
1715721540579
1715721554187
1715721554507
1715721554798
1715721555027
1715721555434
1715721555679
1715721569102
1715721569444
1715721569716
1715721569935
1715721570172
1715721570638
1715721584221
1715721584569
1715721584800
1715721584984
1715721585138
1715721585437
1715721599205
1715721599524
1715721599812
1715721600034
1715721600403
1715721600799
1715721614227
1715721614513
1715721614757
1715721614985
1715721615226
1715721615607
1715721629098
1715721629435
1715721629665
1715721629941
1715721630205
1715721630562
1715721644257
1715721644587
1715721644850
1715721645114
1715721645361
1715721645712
1715721659195
1715721659522
1715721659774
1715721659913
1715721660138
1715721660484
1715721674236
1715721674539
1715721674798
1715721674976
1715721675258
1715721675672
1715721689246
1715721689572
1715721689814
1715721690086
1715721690454
1715721690860
1715721704276
1715721704636
1715721704859
1715721705031
1715721705253
1715721705660
1715721719188
1715721719510
1715721719728
1715721719920
1715721720197
1715721720610
1715721734258
1715721734607
1715721734855
1715721735031
1715721735319
1715721735658
1715721749234
1715721749561
1715721749826
1715721750047
1715721750321
1715721750709
1715721764128
1715721764472
1715721764718
1715721764959
1715721765251
1715721765593
1715721779282
1715721779604
1715721779850
1715721780123
1715721780429
1715721780789
1715721794256
1715721794549
1715721794802
1715721794995
1715721795142
1715721795439
1715721809200
1715721809522
1715721809767
1715721810033
1715721810286
1715721810606
1715721824218
1715721824534
1715721824771
1715721825050
1715721825408
1715721825704
1715721839282
1715721839600
1715721839851
1715721840081
1715721840409
1715721840755
1715721854288
1715721854643
1715721854878
1715721855105
1715721855451
1715721855785
1715721869473
1715721869834
1715721870086
1715721870328
1715721870672
1715721870984
1715721884361
1715721884670
1715721884926
1715721885194
1715721885513
1715721885822
1715721899328
1715721899631
1715721899867
1715721900133
1715721900520
1715721900910
1715721914369
1715721914701
1715721914944
1715721915213
1715721915544
1715721915933
1715721929307
1715721929649
1715721929889
1715721930076
1715721930377
1715721930694
1715721944278
1715721944594
1715721944841
1715721945037
1715721945335
1715721945619
1715721959356
1715721959678
1715721959949
1715721960223
1715721960613
1715721960983
1715721974272
1715721974588
1715721974855
1715721975075
1715721975335
1715721975659
1715721989218
1715721989552
1715721989841
1715721990028
1715721990323
1715721990679
1715722004282
1715722004596
1715722004893
1715722005140
1715722005423
1715722005766
1715722019223
1715722019541
1715722019791
1715722019997
1715722020309
1715722020642
1715722034245
1715722034564
1715722034822
1715722035002
1715722035313
1715722035700
1715722049361
1715722049690
1715722049951
1715722050153
1715722050350
1715722050722
1715722064310
1715722064642
1715722064861
1715722065037
1715722065225
1715722065616
1715722079303
1715722079619
1715722079908
1715722080213
1715722080659
1715722080976
1715722094403
1715722094733
1715722094990
1715722095158
1715722095316
1715722095804
1715722109376
1715722109675
1715722109811
1715722110016
1715722110249
1715722110599
1715722124400
1715722124736
1715722124955
1715722125124
1715722125374
1715722125756
1715722139487
1715722139813
1715722140075
1715722140264
1715722140455
1715722140940
1715722154301
1715722154645
1715722154878
1715722155145
1715722155494
1715722155773
1715722169383
1715722169741
1715722170003
1715722170274
1715722170655
1715722170958
1715722184395
1715722184751
1715722184983
1715722185233
1715722185494
1715722185902
1715722199404
1715722199747
1715722199994
1715722200212
1715722200453
1715722200798
1715722214391
1715722214730
1715722214983
1715722215375
1715722215672
1715722215957
1715722229472
1715722229798
1715722230028
1715722230177
1715722230405
1715722230765
1715722244296
1715722244618
1715722244857
1715722245119
1715722245451
1715722245770
1715722259408
1715722259735
1715722259992
1715722260218
1715722260504
1715722260878
1715722274451
1715722274771
1715722274991
1715722275225
1715722275487
1715722275833
1715722289400
1715722289728
1715722290055
1715722290374
1715722290702
1715722291007
1715722304469
1715722304811
1715722305085
1715722305346
1715722305617
1715722305947
1715722319484
1715722319835
1715722320123
1715722320329
1715722320679
1715722321080
1715722334460
1715722334781
1715722335024
1715722335219
1715722335500
1715722335784
1715722349492
1715722349802
1715722350051
1715722350331
1715722350742
1715722351119
1715722364529
1715722364856
1715722365107
1715722365347
1715722365510
1715722365844
1715722379433
1715722379748
1715722380002
1715722380202
1715722380477
1715722380799
1715722394451
1715722394803
1715722395031
1715722395238
1715722395509
1715722395813
1715722409582
1715722409903
1715722410145
1715722410371
1715722410642
1715722410971
1715722424399
1715722424721
1715722424965
1715722425173
1715722425497
1715722425824
1715722439464
1715722439758
1715722440006
1715722440249
1715722440559
1715722440975
1715722454528
1715722454845
1715722455099
1715722455365
1715722455706
1715722456092
1715722469526
1715722469850
1715722470094
1715722470490
1715722470797
1715722471089
1715722484517
1715722484856
1715722485090
1715722485280
1715722485568
1715722485903
1715722499546
1715722499869
1715722500130
1715722500342
1715722500597
1715722500955
1715722514475
1715722514821
1715722515047
1715722515262
1715722515623
1715722515914
1715722529586
1715722529906
1715722530149
1715722530336
1715722530609
1715722530993
1715722544571
1715722544895
1715722545134
1715722545372
1715722545647
1715722545889
1715722559503
1715722559816
1715722560078
1715722560303
1715722560534
1715722560927
1715722574575
1715722574863
1715722575116
1715722575332
1715722575650
1715722576019
1715722589609
1715722589925
1715722590181
1715722590419
1715722590718
1715722591062
1715722604541
1715722604862
1715722605099
1715722605310
1715722605573
1715722605984
1715722619623
1715722619962
1715722620241
1715722620493
1715722620737
1715722621122
1715722634567
1715722634901
1715722635129
1715722635340
1715722635619
1715722636025
1715722649544
1715722649874
1715722650116
1715722650316
1715722650710
1715722651010
1715722664538
1715722664886
1715722665122
1715722665357
1715722665632
1715722665969
1715722679565
1715722679870
1715722680182
1715722680454
1715722680777
1715722681087
1715722694576
1715722694898
1715722695140
1715722695346
1715722695791
1715722696129
1715722709607
1715722709917
1715722710181
1715722710462
1715722710697
1715722711056
1715722724610
1715722724941
1715722725190
1715722725379
1715722725665
1715722726029
1715722739607
1715722739948
1715722740247
1715722740452
1715722740798
1715722741240
1715722754566
1715722754914
1715722755152
1715722755388
1715722755699
1715722756050
1715722769759
1715722770078
1715722770299
1715722770607
1715722770953
1715722771212
1715722784595
1715722784918
1715722785180
1715722785381
1715722785738
1715722786064
1715722799603
1715722799892
1715722800159
1715722800361
1715722800499
1715722800893
1715722814731
1715722815039
1715722815291
1715722815486
1715722815790
1715722816161
1715722829614
1715722829945
1715722830224
1715722830426
1715722830687
1715722830993
1715722844637
1715722844953
1715722845209
1715722845589
1715722845923
1715722846220
1715722859696
1715722860002
1715722860339
1715722860555
1715722860864
1715722861157
1715722874596
1715722874902
1715722875156
1715722875322
1715722875613
1715722875870
1715722889644
1715722889980
1715722890220
1715722890405
1715722890610
1715722890948
1715722904712
1715722905045
1715722905333
1715722905568
1715722905841
1715722906160
1715722919665
1715722920027
1715722920282
1715722920513
1715722920957
1715722921278
1715722934624
1715722934915
1715722935138
1715722935337
1715722935505
1715722935819
1715722949705
1715722950039
1715722950271
1715722950482
1715722950693
1715722951029
1715722964621
1715722964941
1715722965234
1715722965557
1715722965868
1715722966207
1715722979651
1715722979986
1715722980246
1715722980484
1715722980794
1715722981250
1715722994682
1715722995019
1715722995248
1715722995461
1715722995716
1715722996022
1715723009648
1715723009963
1715723010223
1715723010515
1715723010957
1715723011259
1715723024605
1715723024902
1715723025152
1715723025398
1715723025645
1715723026015
1715723039682
1715723040004
1715723040289
1715723040504
1715723040867
1715723041304
1715723054641
1715723054995
1715723055221
1715723055442
1715723055776
1715723056040
1715723069721
1715723070043
1715723070284
1715723070480
1715723070885
1715723071262
1715723084814
1715723085157
1715723085405
1715723085624
1715723085854
1715723086182
1715723099661
1715723099975
1715723100209
1715723100407
1715723100819
1715723101084
1715723114757
1715723115077
1715723115330
1715723115552
1715723115974
1715723116389
1715723129821
1715723130148
1715723130441
1715723130681
1715723130988
1715723131383
1715723144725
1715723145060
1715723145291
1715723145517
1715723145805
1715723146053
1715723159738
1715723160128
1715723160415
1715723160690
1715723161067
1715723161361
1715723174821
1715723175177
1715723175417
1715723175653
1715723175937
1715723176320
1715723189813
1715723190147
1715723190374
1715723190587
1715723190949
1715723191363
1715723204782
1715723205109
1715723205395
1715723205630
1715723205878
1715723206165
1715723219859
1715723220222
1715723220458
1715723220723
1715723221057
1715723221437
1715723234710
1715723235039
1715723235258
1715723235485
1715723235769
1715723236165
1715723249852
1715723250178
1715723250442
1715723250644
1715723250960
1715723251367
1715723264800
1715723265130
1715723265383
1715723265574
1715723265782
1715723266104
1715723279788
1715723280142
1715723280381
1715723280602
1715723280878
1715723281331
1715723294776
1715723295098
1715723295407
1715723295688
1715723296058
1715723296253
1715723309910
1715723310239
1715723310526
1715723310748
1715723311034
1715723311406
1715723324822
1715723325147
1715723325367
1715723325604
1715723325957
1715723326251
1715723339800
1715723340173
1715723340447
1715723340682
1715723340934
1715723341237
1715723354859
1715723355195
1715723355427
1715723355657
1715723355890
1715723356186
1715723370004
1715723370340
1715723370610
1715723371012
1715723371402
1715723371710
1715723384854
1715723385197
1715723385429
1715723385619
1715723385820
1715723386223
1715723399905
1715723400265
1715723400515
1715723400715
1715723400989
1715723401322
1715723414805
1715723415135
1715723415354
1715723415578
1715723415875
1715723416284
1715723429908
1715723430194
1715723430452
1715723430667
1715723430907
1715723431155
1715723444931
1715723445252
1715723445495
1715723445729
1715723446098
1715723446438
1715723459897
1715723460277
1715723460512
1715723460730
1715723461119
1715723461396
1715723474923
1715723475250
1715723475530
1715723475759
1715723476093
1715723476468
1715723489974
1715723490313
1715723490558
1715723490765
1715723490958
1715723491362
1715723504913
1715723505226
1715723505477
1715723505793
1715723506089
1715723506367
1715723519917
1715723520280
1715723520503
1715723520732
1715723521067
1715723521468
1715723534934
1715723535256
1715723535510
1715723535718
1715723536086
1715723536391
1715723549864
1715723550186
1715723550438
1715723550695
1715723550951
1715723551305
1715723564912
1715723565237
1715723565492
1715723565704
1715723566091
1715723566495
1715723579977
1715723580347
1715723580558
1715723580786
1715723581146
1715723581424
1715723594888
1715723595221
1715723595455
1715723595654
1715723595991
1715723596246
1715723609913
1715723610209
1715723610496
1715723610783
1715723611169
1715723611461
1715723624948
1715723625267
1715723625526
1715723625758
1715723625918
1715723626045
1715723639851
1715723640205
1715723640470
1715723640632
1715723640945
1715723641340
1715723654929
1715723655242
1715723655475
1715723655683
1715723655938
1715723656297
1715723670201
1715723670551
1715723670793
1715723671038
1715723671391
1715723671656
1715723684886
1715723685255
1715723685566
1715723685795
1715723686251
1715723686666
1715723699981
1715723700346
1715723700590
1715723700792
1715723701090
1715723701409
1715723715030
1715723715520
1715723715697
1715723715923
1715723716164
1715723716579
1715723729963
1715723730299
1715723730536
1715723730801
1715723731115
1715723731426
1715723745002
1715723745325
1715723745548
1715723745830
1715723746091
1715723746446
1715723760069
1715723760395
1715723760695
1715723760924
1715723761281
1715723761604
1715723775002
1715723775303
1715723775538
1715723775760
1715723776002
1715723776316
1715723789987
1715723790310
1715723790616
1715723790898
1715723791374
1715723791669
1715723805039
1715723805348
1715723805588
1715723805811
1715723806084
1715723806317
1715723819931
1715723820296
1715723820528
1715723820755
1715723821012
1715723821340
1715723834999
1715723835336
1715723835591
1715723835902
1715723836263
1715723836622
1715723850032
1715723850370
1715723850590
1715723850812
1715723851077
1715723851345
1715723865000
1715723865334
1715723865563
1715723865766
1715723866040
1715723866322
1715723880029
1715723880414
1715723880634
1715723880819
1715723881000
1715723881455
1715723895127
1715723895443
1715723895709
1715723895913
1715723896219
1715723896607
1715723910021
1715723910409
1715723910642
1715723910831
1715723911062
1715723911416
1715723925033
1715723925341
1715723925665
1715723925860
1715723926258
1715723926590
1715723940119
1715723940490
1715723940727
1715723940911
1715723941136
1715723941487
1715723954990
1715723955324
1715723955573
1715723955810
1715723956086
1715723956434
1715723970027
1715723970574
1715723970894
1715723971178
1715723971570
1715723971873
1715723985073
1715723985420
1715723985650
1715723985886
1715723986237
1715723986621
1715724000004
1715724000359
1715724000614
1715724000829
1715724001270
1715724001525
1715724015069
1715724015382
1715724015628
1715724015886
1715724016131
1715724016513
1715724030079
1715724030383
1715724030631
1715724030894
1715724031211
1715724031535
1715724045168
1715724045466
1715724045710
1715724045927
1715724046231
1715724046514
1715724060089
1715724060478
1715724060703
1715724060972
1715724061363
1715724061646
1715724075080
1715724075409
1715724075656
1715724075854
1715724076075
1715724076516
1715724090145
1715724090447
1715724090688
1715724090914
1715724091269
1715724091592
1715724105152
1715724105506
1715724105747
1715724105955
1715724106139
1715724106519
1715724120227
1715724120554
1715724120801
1715724121007
1715724121387
1715724121672
1715724135112
1715724135453
1715724135758
1715724136080
1715724136350
1715724136658
1715724150196
1715724150484
1715724150727
1715724151028
1715724151295
1715724151593
1715724165204
1715724165524
1715724165801
1715724165989
1715724166133
1715724166598
1715724180107
1715724180484
1715724180710
1715724180903
1715724181145
1715724181507
1715724195118
1715724195454
1715724195704
1715724195934
1715724196186
1715724196578
1715724210205
1715724210544
1715724210791
1715724211029
1715724211177
1715724211618
1715724225205
1715724225534
1715724225785
1715724225993
1715724226239
1715724226613
1715724240095
1715724240462
1715724240715
1715724240953
1715724241253
1715724241468
1715724255107
1715724255419
1715724255714
1715724255915
1715724256138
1715724256505
1715724270226
1715724270550
1715724270777
1715724270982
1715724271143
1715724271625
1715724285234
1715724285557
1715724285803
1715724286004
1715724286184
1715724286583
1715724300310
1715724300651
1715724300899
1715724301131
1715724301453
1715724301739
1715724315190
1715724315474
1715724315774
1715724315967
1715724316174
1715724316510
1715724330128
1715724330450
1715724330689
1715724330904
1715724331306
1715724331573
1715724345198
1715724345552
1715724345778
1715724345983
1715724346383
1715724346668
1715724360153
1715724360511
1715724360745
1715724360963
1715724361187
1715724361543
1715724375145
1715724375478
1715724375715
1715724376072
1715724376313
1715724376616
1715724390378
1715724390718
1715724390949
1715724391117
1715724391311
1715724391727
1715724405211
1715724405539
1715724405807
1715724406019
1715724406220
1715724406626
1715724420242
1715724420584
1715724420878
1715724421201
1715724421504
1715724421814
1715724435376
1715724435732
1715724435982
1715724436324
1715724436650
1715724437012
1715724450206
1715724450609
1715724450825
1715724451034
1715724451241
1715724451587
1715724465129
1715724465462
1715724465597
1715724465903
1715724466142
1715724466395
1715724480294
1715724480639
1715724480881
1715724481267
1715724481488
1715724481748
1715724495254
1715724495586
1715724495847
1715724496063
1715724496320
1715724496601
1715724510261
1715724510578
1715724510885
1715724511191
1715724511558
1715724511859
1715724525322
1715724525698
1715724525925
1715724526087
1715724526266
1715724526708
1715724540336
1715724540685
1715724540925
1715724541106
1715724541335
1715724541782
1715724555273
1715724555573
1715724555850
1715724556110
1715724556384
1715724556751
1715724570277
1715724570654
1715724570891
1715724571112
1715724571381
1715724571686
1715724585280
1715724585608
1715724585853
1715724586079
1715724586358
1715724586676
1715724600279
1715724600611
1715724600880
1715724601111
1715724601350
1715724601727
1715724615354
1715724615706
1715724615938
1715724616172
1715724616355
1715724616759
1715724630309
1715724630627
1715724630865
1715724631085
1715724631264
1715724631554
1715724645250
1715724645577
1715724645841
1715724646090
1715724646418
1715724646746
1715724660407
1715724660716
1715724660964
1715724661116
1715724661382
1715724661848
1715724675284
1715724675583
1715724675871
1715724676087
1715724676389
1715724676783
1715724690335
1715724690664
1715724690923
1715724691117
1715724691318
1715724691658
1715724705328
1715724705661
1715724705896
1715724706109
1715724706392
1715724706741
1715724720171
1715724720572
1715724720794
1715724721053
1715724721326
1715724721685
1715724735323
1715724735664
1715724735967
1715724736159
1715724736410
1715724736828
1715724750395
1715724750746
1715724750967
1715724751220
1715724751581
1715724751973
1715724765390
1715724765686
1715724765940
1715724766220
1715724766514
1715724766838
1715724780294
1715724780626
1715724780875
1715724781111
1715724781479
1715724781762
1715724795405
1715724795732
1715724795969
1715724796177
1715724796355
1715724796771
1715724810307
1715724810640
1715724810878
1715724811188
1715724811501
1715724811731
1715724825358
1715724825643
1715724825898
1715724826149
1715724826415
1715724826773
1715724840471
1715724840801
1715724841058
1715724841267
1715724841437
1715724841791
1715724855262
1715724855579
1715724855881
1715724856084
1715724856379
1715724856735
1715724870576
1715724870870
1715724871076
1715724871391
1715724871721
1715724872116
1715724885361
1715724885707
1715724885929
1715724886140
1715724886445
1715724886803
1715724900432
1715724900764
1715724901027
1715724901228
1715724901555
1715724901891
1715724915487
1715724915808
1715724916042
1715724916250
1715724916570
1715724916822
1715724930559
1715724930863
1715724931123
1715724931324
1715724931619
1715724932004
1715724945366
1715724945737
1715724945989
1715724946229
1715724946522
1715724946900
1715724960428
1715724960745
1715724961005
1715724961267
1715724961548
1715724961883
1715724975443
1715724975766
1715724976058
1715724976259
1715724976412
1715724976834
1715724990461
1715724990770
1715724991048
1715724991233
1715724991580
1715724991859
1715725005419
1715725005755
1715725005996
1715725006250
1715725006407
1715725006837
1715725020491
1715725020808
1715725021029
1715725021247
1715725021523
1715725021888
1715725035363
1715725035680
1715725035926
1715725036124
1715725036314
1715725036556
1715725050423
1715725050743
1715725050980
1715725051312
1715725051703
1715725051982
1715725065391
1715725065708
1715725065952
1715725066206
1715725066511
1715725066809
1715725080468
1715725080781
1715725081030
1715725081241
1715725081515
1715725081879
1715725095447
1715725095749
1715725096042
1715725096228
1715725096618
1715725096935
1715725110489
1715725110821
1715725111059
1715725111271
1715725111660
1715725112068
1715725125415
1715725125765
1715725126000
1715725126353
1715725126657
1715725126945
1715725140417
1715725140751
1715725140978
1715725141173
1715725141412
1715725141817
1715725155601
1715725155922
1715725156166
1715725156381
1715725156694
1715725157072
1715725170428
1715725170743
1715725170982
1715725171179
1715725171390
1715725171778
1715725185485
1715725185808
1715725186074
1715725186297
1715725186582
1715725186911
1715725200660
1715725201009
1715725201245
1715725201525
1715725201855
1715725202312
1715725215598
1715725215923
1715725216162
1715725216421
1715725216694
1715725217187
1715725230598
1715725230905
1715725231157
1715725231380
1715725231743
1715725232046
1715725245609
1715725245953
1715725246226
1715725246496
1715725246801
1715725247167
1715725260588
1715725260908
1715725261139
1715725261366
1715725261607
1715725261998
1715725275599
1715725275917
1715725276233
1715725276591
1715725276902
1715725277233
1715725290555
1715725290892
1715725291141
1715725291345
1715725291718
1715725292041
1715725305545
1715725305870
1715725306126
1715725306335
1715725306654
1715725306977
1715725320569
1715725320934
1715725321165
1715725321366
1715725321553
1715725321876
1715725335554
1715725335882
1715725336115
1715725336335
1715725336563
1715725336945
1715725350468
1715725350801
1715725351037
1715725351242
1715725351646
1715725351953
1715725365558
1715725365900
1715725366143
1715725366350
1715725366587
1715725366992
1715725380660
1715725381001
1715725381280
1715725381462
1715725381902
1715725382241
1715725395537
1715725395856
1715725396091
1715725396296
1715725396467
1715725396877
1715725410604
1715725410933
1715725411163
1715725411377
1715725411670
1715725412049
1715725425579
1715725425912
1715725426187
1715725426410
1715725426881
1715725427192
1715725440554
1715725440874
1715725441138
1715725441397
1715725441798
1715725442099
1715725455632
1715725455959
1715725456191
1715725456371
1715725456621
1715725457027
1715725470678
1715725471021
1715725471401
1715725471632
1715725471924
1715725472310
1715725485517
1715725485839
1715725486105
1715725486339
1715725486622
1715725486970
1715725500579
1715725500926
1715725501177
1715725501386
1715725501667
1715725501966
1715725515693
1715725516014
1715725516302
1715725516504
1715725516978
1715725517277
