1715710524087
1715710538989
1715710554041
1715710569115
1715710584089
1715710599071
1715710613941
1715710629097
1715710644068
1715710659121
1715710674083
1715710689128
1715710704120
1715710719104
1715710734071
1715710749132
1715710764089
1715710779090
1715710794183
1715710809216
1715710824110
1715710839202
1715710854121
1715710869191
1715710884255
1715710899166
1715710914180
1715710929165
1715710944014
1715710959266
1715710974239
1715710989229
1715711004231
1715711019297
1715711034234
1715711049281
1715711064289
1715711079248
1715711094281
1715711109323
1715711124285
1715711139269
1715711154333
1715711169269
1715711184289
1715711199352
1715711214265
1715711229293
1715711244380
1715711259248
1715711274313
1715711289395
1715711304254
1715711319417
1715711334360
1715711349309
1715711364412
1715711379418
1715711394307
1715711409355
1715711424370
1715711439414
1715711454412
1715711469433
1715711484344
1715711499389
1715711514429
1715711529387
1715711544498
1715711559417
1715711574401
1715711589449
1715711604473
1715711619494
1715711634415
1715711649559
1715711664518
1715711679406
1715711694575
1715711709458
1715711724481
1715711739519
1715711754444
1715711769507
1715711784506
1715711799533
1715711814504
1715711829551
1715711844477
1715711859476
1715711874639
1715711889559
1715711904521
1715711919601
1715711934592
1715711949541
1715711964631
1715711979460
1715711994639
1715712009638
1715712024526
1715712039651
1715712054627
1715712069593
1715712084573
1715712099662
1715712114629
1715712129653
1715712144659
1715712159687
1715712174636
1715712189788
1715712204582
1715712219692
1715712234737
1715712249666
1715712264674
1715712279705
1715712294686
1715712309686
1715712324726
1715712339743
1715712354685
1715712369798
1715712384649
1715712399708
1715712414800
1715712429734
1715712444684
1715712459782
1715712474786
1715712489736
1715712504828
1715712519730
1715712534811
1715712549797
1715712564775
1715712579759
1715712594780
1715712609741
1715712624812
1715712639808
1715712654783
1715712669853
1715712684820
1715712699812
1715712714787
1715712729850
1715712744831
1715712759864
1715712774956
1715712789928
1715712804863
1715712819876
1715712834929
1715712849900
1715712864989
1715712879850
1715712894856
1715712909923
1715712924965
1715712939843
1715712954960
1715712969947
1715712984941
1715713000010
1715713014914
1715713029970
1715713045039
1715713060032
1715713074953
1715713090038
1715713104975
1715713119986
1715713135130
1715713150018
1715713164963
1715713180058
1715713195079
1715713210000
1715713225042
1715713240036
1715713255117
1715713270093
1715713284984
1715713300090
1715713315154
1715713330053
1715713345004
1715713360179
1715713375077
1715713390102
1715713405084
1715713420027
1715713435133
1715713450127
1715713465140
1715713480131
1715713495208
1715713510157
1715713525130
1715713540227
1715713555110
1715713570192
1715713585239
1715713600225
1715713615189
1715713630298
1715713645190
1715713660210
1715713675306
1715713690230
1715713705183
1715713720254
1715713735200
1715713750211
1715713765306
1715713780299
1715713795214
1715713810306
1715713825256
1715713840194
1715713855314
1715713870292
1715713885272
1715713900401
1715713915233
1715713930285
1715713945362
1715713960342
1715713975310
1715713990373
1715714005366
1715714020345
1715714035360
1715714050393
1715714065305
1715714080379
1715714095360
1715714110449
1715714125462
1715714140283
1715714155348
1715714170474
1715714185352
1715714200475
1715714215418
1715714230455
1715714245425
1715714260475
1715714275483
1715714290448
1715714305521
1715714320395
1715714335521
1715714350533
1715714365534
1715714380486
1715714395597
1715714410602
1715714425568
1715714440681
1715714455638
1715714470550
1715714485551
1715714500557
1715714515498
1715714530635
1715714545722
1715714560605
1715714575651
1715714590551
1715714605737
1715714620756
1715714635659
1715714650674
1715714665692
1715714680687
1715714695562
1715714710678
1715714725662
1715714740629
1715714755632
1715714770767
1715714785832
1715714800660
1715714815661
1715714830652
1715714845712
1715714860602
1715714875650
1715714890912
1715714905815
1715714920704
1715714935787
1715714950681
1715714965645
1715714980818
1715714995730
1715715010761
1715715025815
1715715040886
1715715055766
1715715070830
1715715085813
1715715100740
1715715115848
1715715130802
1715715145844
1715715160842
1715715175874
1715715190878
1715715205907
1715715220796
1715715235893
1715715250894
1715715265882
1715715280904
1715715295976
1715715310853
1715715325956
1715715340881
1715715355909
1715715370874
1715715385912
1715715400924
1715715415943
1715715431063
1715715445913
1715715460930
1715715476019
1715715490920
1715715505931
1715715520953
1715715535903
1715715550924
1715715566029
1715715580925
1715715595922
1715715611029
1715715625897
1715715641017
1715715656071
1715715671015
1715715686152
1715715701215
1715715716079
1715715730979
1715715745957
1715715760974
1715715776061
1715715791082
1715715806068
1715715821072
1715715836118
1715715851115
1715715866090
1715715881120
1715715896137
1715715911067
1715715926127
1715715941166
1715715956147
1715715971211
1715715986091
1715716001135
1715716016150
1715716031177
1715716046152
1715716061234
1715716076242
1715716091164
1715716106286
1715716121100
1715716136140
1715716151218
1715716166192
1715716181189
1715716196242
1715716211149
1715716226221
1715716241318
1715716256151
1715716271266
1715716286322
1715716301150
1715716316327
1715716331282
1715716346278
1715716361203
1715716376394
1715716391479
1715716406188
1715716421267
1715716436358
1715716451253
1715716466358
1715716481355
1715716496299
1715716511465
1715716526311
1715716541414
1715716556511
1715716571364
1715716586358
1715716601446
1715716616436
1715716631360
1715716646318
1715716661398
1715716676393
1715716691385
1715716706404
1715716721559
1715716736498
1715716751409
1715716766467
1715716781460
1715716796396
1715716811476
1715716826584
1715716841414
1715716856500
1715716871502
1715716886500
1715716901482
1715716916572
1715716931535
1715716946532
1715716961607
1715716976574
1715716991501
1715717006632
1715717021479
1715717036517
1715717051639
1715717066541
1715717081564
1715717096600
1715717111586
1715717126525
1715717141717
1715717156615
1715717171576
1715717186692
1715717201651
1715717216609
1715717231670
1715717246623
1715717261485
1715717276669
1715717291694
1715717306627
1715717321679
1715717336637
1715717351646
1715717366706
1715717381664
1715717396640
1715717411817
1715717426682
1715717441707
1715717456794
1715717471865
1715717486637
1715717501755
1715717516700
1715717531748
1715717546919
1715717561760
1715717576746
1715717591710
1715717606761
1715717621716
1715717636806
1715717651719
1715717666786
1715717681780
1715717696876
1715717711631
1715717726810
1715717741946
1715717756813
1715717771844
1715717786902
1715717801850
1715717816861
1715717831695
1715717846846
1715717861871
1715717876734
1715717891777
1715717906911
1715717921843
1715717936923
1715717951950
1715717966859
1715717982047
1715717997014
1715718011929
1715718026872
1715718042019
1715718056884
1715718071936
1715718086997
1715718101923
1715718116914
1715718132043
1715718146965
1715718161927
1715718177049
1715718191966
1715718206988
1715718222175
1715718237051
1715718252118
1715718267087
1715718281975
1715718296989
1715718312025
1715718327061
1715718342018
1715718357067
1715718372022
1715718387036
1715718402015
1715718417037
1715718432044
1715718447136
1715718462113
1715718477106
1715718492142
1715718507263
1715718522152
1715718537127
1715718552187
1715718567246
1715718582143
1715718597125
1715718612167
1715718627337
1715718642171
1715718657201
1715718672261
1715718687171
1715718702222
1715718717291
1715718732282
1715718747297
1715718762181
1715718777225
1715718792237
1715718807234
1715718822166
1715718837302
1715718852214
1715718867246
1715718882242
1715718897320
1715718912222
1715718927343
1715718942324
1715718957298
1715718972231
1715718987398
1715719002375
1715719017270
1715719032419
1715719047418
1715719062358
1715719077436
1715719092374
1715719107388
1715719122414
1715719137347
1715719152336
1715719167464
1715719182369
1715719197343
1715719212413
1715719227401
1715719242387
1715719257400
1715719272341
1715719287348
1715719302325
1715719317437
1715719332443
1715719347594
1715719362427
1715719377468
1715719392519
1715719407284
1715719422474
1715719437500
1715719452516
1715719467457
1715719482517
1715719497464
1715719512400
1715719527576
1715719542555
1715719557479
1715719572575
1715719587499
1715719602519
1715719617649
1715719632516
1715719647560
1715719662642
1715719677591
1715719692566
1715719707554
1715719722511
1715719737631
1715719752633
1715719767585
1715719782521
1715719797628
1715719812559
1715719827629
1715719842746
1715719857621
1715719872644
1715719887729
1715719902577
1715719917586
1715719932648
1715719947600
1715719962627
1715719977672
1715719992626
1715720007658
1715720022681
1715720037677
1715720052850
1715720067859
1715720082719
1715720097725
1715720112792
1715720127697
1715720142741
1715720157821
1715720172716
1715720187731
1715720202838
1715720217803
1715720232752
1715720247825
1715720262783
1715720277763
1715720292754
1715720307744
1715720322935
1715720337837
1715720352751
1715720367798
1715720382930
1715720397877
1715720412877
1715720427910
1715720442919
1715720457860
1715720472799
1715720488008
1715720502826
1715720517994
1715720532901
1715720548029
1715720562983
1715720577989
1715720592825
1715720607924
1715720622936
1715720637928
1715720652984
1715720667933
1715720683012
1715720698004
1715720712874
1715720727939
1715720743036
1715720757949
1715720772936
1715720788016
1715720802938
1715720818008
1715720833094
1715720848048
1715720863025
1715720878066
1715720893081
1715720908125
1715720923011
1715720938060
1715720952990
1715720968071
1715720983096
1715720998116
1715721013096
1715721028079
1715721043048
1715721058092
1715721073098
1715721088070
1715721103202
1715721118078
1715721133244
1715721148197
1715721163181
1715721178172
1715721193153
1715721208116
1715721223115
1715721238211
1715721253128
1715721268206
1715721283201
1715721298165
1715721313211
1715721328244
1715721343171
1715721358226
1715721373237
1715721388127
1715721403286
1715721418430
1715721433186
1715721448115
1715721463325
1715721478176
1715721493262
1715721508346
1715721523229
1715721538219
1715721553307
1715721568256
1715721583326
1715721598348
1715721613292
1715721628260
1715721643361
1715721658370
1715721673330
1715721688322
1715721703360
1715721718312
1715721733339
1715721748324
1715721763337
1715721778377
1715721793400
1715721808349
1715721823332
1715721838356
1715721853402
1715721868406
1715721883394
1715721898445
1715721913479
1715721928427
1715721943415
1715721958542
1715721973376
1715721988320
1715722003493
1715722018400
1715722033348
1715722048547
1715722063431
1715722078504
1715722093548
1715722108474
1715722123555
1715722138549
1715722153472
1715722168489
1715722183556
1715722198518
1715722213520
1715722228545
1715722243429
1715722258523
1715722273576
1715722288544
1715722303587
1715722318637
1715722333573
1715722348696
1715722363647
1715722378535
1715722393584
1715722408659
1715722423571
1715722438608
1715722453645
1715722468642
1715722483768
1715722498649
1715722513646
1715722528683
1715722543698
1715722558656
1715722573664
1715722588701
1715722603637
1715722618717
1715722633712
1715722648657
1715722663680
1715722678700
1715722693691
1715722708713
1715722723712
1715722738708
1715722753723
1715722768721
1715722783692
1715722798703
1715722813847
1715722828693
1715722843879
1715722858850
1715722873717
1715722888777
1715722903880
1715722918761
1715722933832
1715722948888
1715722963804
1715722978801
1715722993897
1715723008797
1715723023899
1715723038840
1715723053769
1715723068900
1715723083892
1715723098819
1715723113899
1715723128979
1715723143857
1715723158860
1715723173932
1715723188893
1715723203910
1715723219025
1715723233880
1715723248873
1715723263923
1715723278950
1715723293899
1715723309037
1715723323935
1715723338994
1715723354007
1715723368985
1715723384009
1715723399039
1715723413939
1715723428973
1715723444050
1715723458986
1715723473979
1715723489145
1715723504118
1715723519027
1715723534092
1715723549034
1715723564092
1715723579080
1715723594039
1715723609094
1715723624110
1715723639004
1715723654036
1715723669187
1715723684050
1715723699096
1715723714143
1715723729082
1715723744105
1715723759152
1715723774115
1715723789107
1715723804187
1715723819130
1715723834148
1715723849232
1715723864179
1715723879096
1715723894232
1715723909155
1715723924097
1715723939242
1715723954148
1715723969188
1715723984210
1715723999329
1715724014265
1715724029199
1715724044181
1715724059127
1715724074232
1715724089249
1715724104301
1715724119471
1715724134267
1715724149268
1715724164273
1715724179258
1715724194264
1715724209290
1715724224268
1715724239213
1715724254275
1715724269305
1715724284321
1715724299416
1715724314350
1715724329279
1715724344327
1715724359379
1715724374287
1715724389526
1715724404263
1715724419351
1715724434582
1715724449399
1715724464316
1715724479401
1715724494347
1715724509399
1715724524422
1715724539412
1715724554454
1715724569395
1715724584401
1715724599369
1715724614445
1715724629414
1715724644355
1715724659493
1715724674407
1715724689441
1715724704458
1715724719336
1715724734433
1715724749535
1715724764481
1715724779426
1715724794514
1715724809396
1715724824473
1715724839593
1715724854430
1715724869558
1715724884537
1715724899623
1715724914681
1715724929732
1715724944608
1715724959555
1715724974530
1715724989534
1715725004524
1715725019600
1715725034456
1715725049608
1715725064541
1715725079597
1715725094531
1715725109662
1715725124588
1715725139568
1715725154691
1715725169555
1715725184594
1715725199758
1715725214685
1715725229690
1715725244735
1715725259621
1715725274669
1715725289703
1715725304625
1715725319667
1715725334707
1715725349665
1715725364695
1715725379693
1715725394599
1715725409704
1715725424794
1715725439679
1715725454814
1715725469800
1715725484741
1715725499830
1715725514974
